date,Ripple,XRP,isPartial,frequency_ripple
2020-01-01 00:00:00,58,35,False,93
2020-01-01 01:00:00,52,35,False,87
2020-01-01 02:00:00,50,30,False,80
2020-01-01 03:00:00,0,0,False,0
2020-01-01 04:00:00,0,0,False,0
2020-01-01 05:00:00,0,0,False,0
2020-01-01 06:00:00,0,0,False,0
2020-01-01 07:00:00,0,0,False,0
2020-01-01 08:00:00,0,0,False,0
2020-01-01 09:00:00,0,0,False,0
2020-01-01 10:00:00,0,0,False,0
2020-01-01 11:00:00,35,30,False,65
2020-01-01 12:00:00,38,27,False,65
2020-01-01 13:00:00,39,30,False,69
2020-01-01 14:00:00,39,29,False,68
2020-01-01 15:00:00,46,32,False,78
2020-01-01 16:00:00,47,33,False,80
2020-01-01 17:00:00,49,35,False,84
2020-01-01 18:00:00,47,36,False,83
2020-01-01 19:00:00,56,37,False,93
2020-01-01 20:00:00,59,37,False,96
2020-01-01 21:00:00,54,41,False,95
2020-01-01 22:00:00,59,43,False,102
2020-01-01 23:00:00,53,44,False,97
2020-01-02 00:00:00,58,42,False,100
2020-01-02 01:00:00,54,39,False,93
2020-01-02 02:00:00,55,36,False,91
2020-01-02 03:00:00,56,38,False,94
2020-01-02 04:00:00,55,37,False,92
2020-01-02 05:00:00,55,35,False,90
2020-01-02 06:00:00,43,36,False,79
2020-01-02 07:00:00,48,32,False,80
2020-01-02 08:00:00,47,33,False,80
2020-01-02 09:00:00,44,30,False,74
2020-01-02 10:00:00,43,30,False,73
2020-01-02 11:00:00,40,28,False,68
2020-01-02 12:00:00,42,32,False,74
2020-01-02 13:00:00,45,33,False,78
2020-01-02 14:00:00,46,32,False,78
2020-01-02 15:00:00,48,34,False,82
2020-01-02 16:00:00,51,33,False,84
2020-01-02 17:00:00,51,34,False,85
2020-01-02 18:00:00,55,34,False,89
2020-01-02 19:00:00,55,35,False,90
2020-01-02 20:00:00,58,38,False,96
2020-01-02 21:00:00,61,41,False,102
2020-01-02 22:00:00,61,40,False,101
2020-01-02 23:00:00,57,40,False,97
2020-01-03 00:00:00,59,39,False,98
2020-01-03 01:00:00,57,37,False,94
2020-01-03 02:00:00,58,33,False,91
2020-01-03 03:00:00,60,32,False,92
2020-01-03 04:00:00,57,32,False,89
2020-01-03 05:00:00,51,33,False,84
2020-01-03 06:00:00,52,35,False,87
2020-01-03 07:00:00,46,30,False,76
2020-01-03 08:00:00,46,32,False,78
2020-01-03 09:00:00,46,29,False,75
2020-01-03 10:00:00,40,30,False,70
2020-01-03 11:00:00,42,29,False,71
2020-01-03 12:00:00,42,31,False,73
2020-01-03 13:00:00,42,29,False,71
2020-01-03 14:00:00,45,33,False,78
2020-01-03 15:00:00,55,33,False,88
2020-01-03 16:00:00,47,30,False,77
2020-01-03 17:00:00,49,34,False,83
2020-01-03 18:00:00,52,32,False,84
2020-01-03 19:00:00,52,33,False,85
2020-01-03 20:00:00,54,35,False,89
2020-01-03 21:00:00,59,35,False,94
2020-01-03 22:00:00,55,38,False,93
2020-01-03 23:00:00,60,37,False,97
2020-01-04 00:00:00,56,36,False,92
2020-01-04 01:00:00,55,35,False,90
2020-01-04 02:00:00,56,33,False,89
2020-01-04 03:00:00,56,32,False,88
2020-01-04 04:00:00,55,31,False,86
2020-01-04 05:00:00,52,31,False,83
2020-01-04 06:00:00,47,31,False,78
2020-01-04 07:00:00,45,28,False,73
2020-01-04 08:00:00,42,30,False,72
2020-01-04 09:00:00,43,27,False,70
2020-01-04 10:00:00,40,26,False,66
2020-01-04 11:00:00,38,25,False,63
2020-01-04 12:00:00,38,28,False,66
2020-01-04 13:00:00,40,23,False,63
2020-01-04 14:00:00,44,28,False,72
2020-01-04 15:00:00,43,26,False,69
2020-01-04 16:00:00,47,28,False,75
2020-01-04 17:00:00,48,27,False,75
2020-01-04 18:00:00,48,27,False,75
2020-01-04 19:00:00,50,28,False,78
2020-01-04 20:00:00,53,31,False,84
2020-01-04 21:00:00,53,32,False,85
2020-01-04 22:00:00,54,35,False,89
2020-01-04 23:00:00,53,32,False,85
2020-01-05 00:00:00,60,37,False,97
2020-01-05 01:00:00,63,35,False,98
2020-01-05 02:00:00,58,35,False,93
2020-01-05 03:00:00,52,34,False,86
2020-01-05 04:00:00,52,34,False,86
2020-01-05 05:00:00,50,36,False,86
2020-01-05 06:00:00,46,31,False,77
2020-01-05 07:00:00,48,32,False,80
2020-01-05 08:00:00,45,33,False,78
2020-01-05 09:00:00,41,29,False,70
2020-01-05 10:00:00,40,26,False,66
2020-01-05 11:00:00,40,28,False,68
2020-01-05 12:00:00,40,27,False,67
2020-01-05 13:00:00,41,30,False,71
2020-01-05 14:00:00,40,26,False,66
2020-01-05 15:00:00,47,30,False,77
2020-01-05 16:00:00,49,30,False,79
2020-01-05 17:00:00,51,33,False,84
2020-01-05 18:00:00,53,33,False,86
2020-01-05 19:00:00,53,34,False,87
2020-01-05 20:00:00,57,35,False,92
2020-01-05 21:00:00,57,35,False,92
2020-01-05 22:00:00,55,37,False,92
2020-01-05 23:00:00,57,39,False,96
2020-01-06 00:00:00,56,36,False,92
2020-01-06 01:00:00,56,37,False,93
2020-01-06 02:00:00,50,36,False,86
2020-01-06 03:00:00,54,43,False,97
2020-01-06 04:00:00,53,37,False,90
2020-01-06 05:00:00,58,38,False,96
2020-01-06 06:00:00,53,38,False,91
2020-01-06 07:00:00,47,34,False,81
2020-01-06 08:00:00,47,36,False,83
2020-01-06 09:00:00,63,64,False,127
2020-01-06 10:00:00,65,65,False,130
2020-01-06 11:00:00,64,70,False,134
2020-01-06 12:00:00,59,68,False,127
2020-01-06 13:00:00,60,65,False,125
2020-01-06 14:00:00,60,56,False,116
2020-01-06 15:00:00,61,57,False,118
2020-01-06 16:00:00,69,74,False,143
2020-01-06 17:00:00,73,77,False,150
2020-01-06 18:00:00,70,68,False,138
2020-01-06 19:00:00,75,72,False,147
2020-01-06 20:00:00,88,100,False,188
2020-01-06 21:00:00,83,90,False,173
2020-01-06 22:00:00,82,86,False,168
2020-01-06 23:00:00,75,86,False,161
2020-01-07 00:00:00,74,87,False,161
2020-01-07 01:00:00,69,73,False,142
2020-01-07 02:00:00,69,70,False,139
2020-01-07 03:00:00,66,66,False,132
2020-01-07 04:00:00,69,68,False,137
2020-01-07 05:00:00,77,64,False,141
2020-01-07 06:00:00,68,56,False,124
2020-01-07 07:00:00,60,57,False,117
2020-01-07 08:00:00,59,52,False,111
2020-01-07 09:00:00,58,50,False,108
2020-01-07 10:00:00,55,49,False,104
2020-01-07 11:00:00,58,50,False,108
2020-01-07 12:00:00,54,51,False,105
2020-01-07 13:00:00,55,52,False,107
2020-01-07 14:00:00,56,46,False,102
2020-01-07 15:00:00,56,47,False,103
2020-01-07 16:00:00,60,46,False,106
2020-01-07 17:00:00,63,51,False,114
2020-01-07 18:00:00,66,55,False,121
2020-01-07 19:00:00,68,55,False,123
2020-01-07 20:00:00,74,58,False,132
2020-01-07 21:00:00,74,60,False,134
2020-01-07 22:00:00,72,60,False,132
2020-01-07 23:00:00,68,61,False,129
2020-01-08 00:00:00,71,69,False,140
2020-01-08 00:00:00,84,83,False,167
2020-01-08 01:00:00,76,74,False,150
2020-01-08 02:00:00,77,68,False,145
2020-01-08 03:00:00,80,71,False,151
2020-01-08 04:00:00,77,67,False,144
2020-01-08 05:00:00,74,64,False,138
2020-01-08 06:00:00,72,63,False,135
2020-01-08 07:00:00,67,59,False,126
2020-01-08 08:00:00,68,54,False,122
2020-01-08 09:00:00,68,47,False,115
2020-01-08 10:00:00,63,49,False,112
2020-01-08 11:00:00,61,50,False,111
2020-01-08 12:00:00,58,52,False,110
2020-01-08 13:00:00,61,53,False,114
2020-01-08 14:00:00,67,48,False,115
2020-01-08 15:00:00,67,49,False,116
2020-01-08 16:00:00,65,50,False,115
2020-01-08 17:00:00,68,52,False,120
2020-01-08 18:00:00,71,53,False,124
2020-01-08 19:00:00,73,48,False,121
2020-01-08 20:00:00,88,56,False,144
2020-01-08 21:00:00,78,56,False,134
2020-01-08 22:00:00,77,58,False,135
2020-01-08 23:00:00,76,58,False,134
2020-01-09 00:00:00,75,57,False,132
2020-01-09 01:00:00,69,56,False,125
2020-01-09 02:00:00,75,52,False,127
2020-01-09 03:00:00,71,54,False,125
2020-01-09 04:00:00,71,48,False,119
2020-01-09 05:00:00,73,53,False,126
2020-01-09 06:00:00,70,48,False,118
2020-01-09 07:00:00,61,43,False,104
2020-01-09 08:00:00,65,46,False,111
2020-01-09 09:00:00,58,39,False,97
2020-01-09 10:00:00,57,38,False,95
2020-01-09 11:00:00,56,38,False,94
2020-01-09 12:00:00,56,42,False,98
2020-01-09 13:00:00,56,40,False,96
2020-01-09 14:00:00,58,40,False,98
2020-01-09 15:00:00,61,42,False,103
2020-01-09 16:00:00,61,40,False,101
2020-01-09 17:00:00,61,40,False,101
2020-01-09 18:00:00,68,41,False,109
2020-01-09 19:00:00,71,44,False,115
2020-01-09 20:00:00,75,45,False,120
2020-01-09 21:00:00,79,49,False,128
2020-01-09 22:00:00,77,52,False,129
2020-01-09 23:00:00,75,47,False,122
2020-01-10 00:00:00,81,52,False,133
2020-01-10 01:00:00,75,44,False,119
2020-01-10 02:00:00,79,43,False,122
2020-01-10 03:00:00,71,42,False,113
2020-01-10 04:00:00,66,41,False,107
2020-01-10 05:00:00,69,43,False,112
2020-01-10 06:00:00,70,45,False,115
2020-01-10 07:00:00,59,41,False,100
2020-01-10 08:00:00,57,36,False,93
2020-01-10 09:00:00,54,37,False,91
2020-01-10 10:00:00,51,33,False,84
2020-01-10 11:00:00,50,36,False,86
2020-01-10 12:00:00,51,38,False,89
2020-01-10 13:00:00,55,38,False,93
2020-01-10 14:00:00,59,38,False,97
2020-01-10 15:00:00,62,40,False,102
2020-01-10 16:00:00,62,41,False,103
2020-01-10 17:00:00,64,41,False,105
2020-01-10 18:00:00,68,44,False,112
2020-01-10 19:00:00,68,45,False,113
2020-01-10 20:00:00,76,45,False,121
2020-01-10 21:00:00,69,48,False,117
2020-01-10 22:00:00,74,54,False,128
2020-01-10 23:00:00,75,50,False,125
2020-01-11 00:00:00,75,52,False,127
2020-01-11 01:00:00,67,47,False,114
2020-01-11 02:00:00,66,45,False,111
2020-01-11 03:00:00,69,48,False,117
2020-01-11 04:00:00,65,44,False,109
2020-01-11 05:00:00,60,41,False,101
2020-01-11 06:00:00,58,42,False,100
2020-01-11 07:00:00,58,42,False,100
2020-01-11 08:00:00,53,39,False,92
2020-01-11 09:00:00,52,37,False,89
2020-01-11 10:00:00,50,42,False,92
2020-01-11 11:00:00,46,35,False,81
2020-01-11 12:00:00,51,35,False,86
2020-01-11 13:00:00,54,34,False,88
2020-01-11 14:00:00,54,35,False,89
2020-01-11 15:00:00,58,36,False,94
2020-01-11 16:00:00,58,38,False,96
2020-01-11 17:00:00,69,44,False,113
2020-01-11 18:00:00,63,46,False,109
2020-01-11 19:00:00,64,47,False,111
2020-01-11 20:00:00,66,51,False,117
2020-01-11 21:00:00,77,47,False,124
2020-01-11 22:00:00,76,50,False,126
2020-01-11 23:00:00,70,45,False,115
2020-01-12 00:00:00,69,46,False,115
2020-01-12 01:00:00,71,44,False,115
2020-01-12 02:00:00,71,43,False,114
2020-01-12 03:00:00,64,42,False,106
2020-01-12 04:00:00,62,40,False,102
2020-01-12 05:00:00,58,40,False,98
2020-01-12 06:00:00,56,42,False,98
2020-01-12 07:00:00,58,42,False,100
2020-01-12 08:00:00,54,38,False,92
2020-01-12 09:00:00,54,38,False,92
2020-01-12 10:00:00,49,37,False,86
2020-01-12 11:00:00,52,37,False,89
2020-01-12 12:00:00,50,37,False,87
2020-01-12 13:00:00,52,39,False,91
2020-01-12 14:00:00,53,39,False,92
2020-01-12 15:00:00,58,38,False,96
2020-01-12 16:00:00,55,39,False,94
2020-01-12 17:00:00,62,38,False,100
2020-01-12 18:00:00,60,36,False,96
2020-01-12 19:00:00,64,41,False,105
2020-01-12 20:00:00,73,44,False,117
2020-01-12 21:00:00,73,48,False,121
2020-01-12 22:00:00,73,47,False,120
2020-01-12 23:00:00,72,45,False,117
2020-01-13 00:00:00,69,48,False,117
2020-01-13 01:00:00,64,44,False,108
2020-01-13 02:00:00,66,45,False,111
2020-01-13 03:00:00,61,39,False,100
2020-01-13 04:00:00,56,39,False,95
2020-01-13 05:00:00,63,40,False,103
2020-01-13 06:00:00,59,42,False,101
2020-01-13 07:00:00,60,40,False,100
2020-01-13 08:00:00,53,33,False,86
2020-01-13 09:00:00,55,38,False,93
2020-01-13 10:00:00,53,35,False,88
2020-01-13 11:00:00,52,34,False,86
2020-01-13 12:00:00,57,35,False,92
2020-01-13 13:00:00,57,36,False,93
2020-01-13 14:00:00,59,40,False,99
2020-01-13 15:00:00,59,36,False,95
2020-01-13 16:00:00,62,36,False,98
2020-01-13 17:00:00,60,40,False,100
2020-01-13 18:00:00,62,39,False,101
2020-01-13 19:00:00,66,42,False,108
2020-01-13 20:00:00,70,44,False,114
2020-01-13 21:00:00,72,47,False,119
2020-01-13 22:00:00,74,51,False,125
2020-01-13 23:00:00,71,51,False,122
2020-01-14 00:00:00,77,49,False,126
2020-01-14 01:00:00,79,43,False,122
2020-01-14 02:00:00,74,49,False,123
2020-01-14 03:00:00,70,52,False,122
2020-01-14 04:00:00,70,56,False,126
2020-01-14 05:00:00,81,58,False,139
2020-01-14 06:00:00,68,50,False,118
2020-01-14 07:00:00,64,45,False,109
2020-01-14 08:00:00,59,44,False,103
2020-01-14 09:00:00,65,44,False,109
2020-01-14 10:00:00,61,48,False,109
2020-01-14 11:00:00,60,48,False,108
2020-01-14 12:00:00,63,49,False,112
2020-01-14 13:00:00,60,51,False,111
2020-01-14 14:00:00,70,60,False,130
2020-01-14 15:00:00,73,61,False,134
2020-01-14 16:00:00,74,59,False,133
2020-01-14 17:00:00,93,98,False,191
2020-01-14 18:00:00,95,100,False,195
2020-01-14 19:00:00,92,100,False,192
2020-01-14 20:00:00,92,91,False,183
2020-01-14 21:00:00,92,86,False,178
2020-01-14 22:00:00,99,87,False,186
2020-01-14 23:00:00,92,84,False,176
2020-01-15 00:00:00,86,84,False,170
2020-01-15 00:00:00,20,20,False,40
2020-01-15 01:00:00,19,18,False,37
2020-01-15 02:00:00,18,18,False,36
2020-01-15 03:00:00,18,16,False,34
2020-01-15 04:00:00,18,17,False,35
2020-01-15 05:00:00,19,15,False,34
2020-01-15 06:00:00,19,17,False,36
2020-01-15 07:00:00,17,16,False,33
2020-01-15 08:00:00,17,13,False,30
2020-01-15 09:00:00,16,14,False,30
2020-01-15 10:00:00,17,15,False,32
2020-01-15 11:00:00,17,17,False,34
2020-01-15 12:00:00,17,15,False,32
2020-01-15 13:00:00,17,16,False,33
2020-01-15 14:00:00,18,17,False,35
2020-01-15 15:00:00,18,17,False,35
2020-01-15 16:00:00,20,17,False,37
2020-01-15 17:00:00,21,18,False,39
2020-01-15 18:00:00,21,18,False,39
2020-01-15 19:00:00,22,19,False,41
2020-01-15 20:00:00,25,21,False,46
2020-01-15 21:00:00,26,22,False,48
2020-01-15 22:00:00,24,21,False,45
2020-01-15 23:00:00,21,21,False,42
2020-01-16 00:00:00,20,18,False,38
2020-01-16 01:00:00,19,16,False,35
2020-01-16 02:00:00,18,14,False,32
2020-01-16 03:00:00,18,15,False,33
2020-01-16 04:00:00,18,14,False,32
2020-01-16 05:00:00,20,15,False,35
2020-01-16 06:00:00,18,14,False,32
2020-01-16 07:00:00,17,14,False,31
2020-01-16 08:00:00,15,12,False,27
2020-01-16 09:00:00,17,12,False,29
2020-01-16 10:00:00,14,11,False,25
2020-01-16 11:00:00,15,11,False,26
2020-01-16 12:00:00,14,11,False,25
2020-01-16 13:00:00,15,11,False,26
2020-01-16 14:00:00,15,12,False,27
2020-01-16 15:00:00,15,11,False,26
2020-01-16 16:00:00,16,11,False,27
2020-01-16 17:00:00,16,11,False,27
2020-01-16 18:00:00,17,12,False,29
2020-01-16 19:00:00,17,12,False,29
2020-01-16 20:00:00,19,13,False,32
2020-01-16 21:00:00,18,14,False,32
2020-01-16 22:00:00,19,14,False,33
2020-01-16 23:00:00,17,13,False,30
2020-01-17 00:00:00,17,13,False,30
2020-01-17 01:00:00,16,13,False,29
2020-01-17 02:00:00,18,13,False,31
2020-01-17 03:00:00,17,13,False,30
2020-01-17 04:00:00,17,12,False,29
2020-01-17 05:00:00,17,13,False,30
2020-01-17 06:00:00,17,15,False,32
2020-01-17 07:00:00,16,13,False,29
2020-01-17 08:00:00,16,12,False,28
2020-01-17 09:00:00,15,11,False,26
2020-01-17 10:00:00,15,11,False,26
2020-01-17 11:00:00,15,12,False,27
2020-01-17 12:00:00,14,11,False,25
2020-01-17 13:00:00,13,11,False,24
2020-01-17 14:00:00,14,11,False,25
2020-01-17 15:00:00,15,10,False,25
2020-01-17 16:00:00,17,12,False,29
2020-01-17 17:00:00,17,12,False,29
2020-01-17 18:00:00,18,15,False,33
2020-01-17 19:00:00,17,15,False,32
2020-01-17 20:00:00,18,14,False,32
2020-01-17 21:00:00,18,14,False,32
2020-01-17 22:00:00,19,16,False,35
2020-01-17 23:00:00,18,16,False,34
2020-01-18 00:00:00,18,14,False,32
2020-01-18 01:00:00,17,14,False,31
2020-01-18 02:00:00,17,12,False,29
2020-01-18 03:00:00,17,13,False,30
2020-01-18 04:00:00,15,11,False,26
2020-01-18 05:00:00,16,10,False,26
2020-01-18 06:00:00,14,11,False,25
2020-01-18 07:00:00,14,11,False,25
2020-01-18 08:00:00,14,12,False,26
2020-01-18 09:00:00,13,11,False,24
2020-01-18 10:00:00,12,10,False,22
2020-01-18 11:00:00,12,10,False,22
2020-01-18 12:00:00,13,10,False,23
2020-01-18 13:00:00,14,10,False,24
2020-01-18 14:00:00,14,11,False,25
2020-01-18 15:00:00,18,17,False,35
2020-01-18 16:00:00,17,13,False,30
2020-01-18 17:00:00,17,13,False,30
2020-01-18 18:00:00,15,13,False,28
2020-01-18 19:00:00,16,13,False,29
2020-01-18 20:00:00,18,14,False,32
2020-01-18 21:00:00,20,16,False,36
2020-01-18 22:00:00,23,16,False,39
2020-01-18 23:00:00,29,16,False,45
2020-01-19 00:00:00,45,16,False,61
2020-01-19 01:00:00,45,15,False,60
2020-01-19 02:00:00,51,15,False,66
2020-01-19 03:00:00,100,13,False,113
2020-01-19 04:00:00,71,14,False,85
2020-01-19 05:00:00,61,15,False,76
2020-01-19 06:00:00,17,15,False,32
2020-01-19 07:00:00,15,14,False,29
2020-01-19 08:00:00,15,13,False,28
2020-01-19 09:00:00,15,12,False,27
2020-01-19 10:00:00,14,12,False,26
2020-01-19 11:00:00,14,12,False,26
2020-01-19 12:00:00,13,12,False,25
2020-01-19 13:00:00,12,11,False,23
2020-01-19 14:00:00,13,11,False,24
2020-01-19 15:00:00,14,11,False,25
2020-01-19 16:00:00,17,10,False,27
2020-01-19 17:00:00,17,11,False,28
2020-01-19 18:00:00,15,12,False,27
2020-01-19 19:00:00,17,12,False,29
2020-01-19 20:00:00,20,13,False,33
2020-01-19 21:00:00,18,13,False,31
2020-01-19 22:00:00,19,14,False,33
2020-01-19 23:00:00,18,13,False,31
2020-01-20 00:00:00,17,12,False,29
2020-01-20 01:00:00,17,12,False,29
2020-01-20 02:00:00,15,11,False,26
2020-01-20 03:00:00,15,11,False,26
2020-01-20 04:00:00,14,12,False,26
2020-01-20 05:00:00,15,12,False,27
2020-01-20 06:00:00,16,12,False,28
2020-01-20 07:00:00,13,10,False,23
2020-01-20 08:00:00,14,11,False,25
2020-01-20 09:00:00,14,10,False,24
2020-01-20 10:00:00,13,10,False,23
2020-01-20 11:00:00,13,11,False,24
2020-01-20 12:00:00,13,11,False,24
2020-01-20 13:00:00,13,10,False,23
2020-01-20 14:00:00,13,10,False,23
2020-01-20 15:00:00,15,11,False,26
2020-01-20 16:00:00,15,11,False,26
2020-01-20 17:00:00,16,12,False,28
2020-01-20 18:00:00,16,12,False,28
2020-01-20 19:00:00,17,13,False,30
2020-01-20 20:00:00,18,13,False,31
2020-01-20 21:00:00,19,14,False,33
2020-01-20 22:00:00,18,15,False,33
2020-01-20 23:00:00,17,15,False,32
2020-01-21 00:00:00,17,14,False,31
2020-01-21 01:00:00,18,13,False,31
2020-01-21 02:00:00,17,14,False,31
2020-01-21 03:00:00,18,15,False,33
2020-01-21 04:00:00,17,15,False,32
2020-01-21 05:00:00,20,15,False,35
2020-01-21 06:00:00,16,13,False,29
2020-01-21 07:00:00,16,12,False,28
2020-01-21 08:00:00,15,11,False,26
2020-01-21 09:00:00,15,10,False,25
2020-01-21 10:00:00,15,10,False,25
2020-01-21 11:00:00,15,11,False,26
2020-01-21 12:00:00,13,11,False,24
2020-01-21 13:00:00,13,11,False,24
2020-01-21 14:00:00,15,12,False,27
2020-01-21 15:00:00,16,12,False,28
2020-01-21 16:00:00,15,12,False,27
2020-01-21 17:00:00,15,12,False,27
2020-01-21 18:00:00,17,13,False,30
2020-01-21 19:00:00,18,13,False,31
2020-01-21 20:00:00,19,14,False,33
2020-01-21 21:00:00,20,15,False,35
2020-01-21 22:00:00,19,15,False,34
2020-01-21 23:00:00,17,15,False,32
2020-01-22 00:00:00,16,15,False,31
2020-01-22 00:00:00,61,55,False,116
2020-01-22 01:00:00,65,51,False,116
2020-01-22 02:00:00,60,45,False,105
2020-01-22 03:00:00,61,50,False,111
2020-01-22 04:00:00,60,45,False,105
2020-01-22 05:00:00,63,48,False,111
2020-01-22 06:00:00,58,48,False,106
2020-01-22 07:00:00,58,39,False,97
2020-01-22 08:00:00,56,39,False,95
2020-01-22 09:00:00,50,36,False,86
2020-01-22 10:00:00,51,37,False,88
2020-01-22 11:00:00,49,36,False,85
2020-01-22 12:00:00,50,40,False,90
2020-01-22 13:00:00,47,37,False,84
2020-01-22 14:00:00,54,38,False,92
2020-01-22 15:00:00,57,40,False,97
2020-01-22 16:00:00,58,40,False,98
2020-01-22 17:00:00,56,41,False,97
2020-01-22 18:00:00,58,43,False,101
2020-01-22 19:00:00,66,46,False,112
2020-01-22 20:00:00,69,45,False,114
2020-01-22 21:00:00,64,49,False,113
2020-01-22 22:00:00,66,48,False,114
2020-01-22 23:00:00,62,51,False,113
2020-01-23 00:00:00,64,46,False,110
2020-01-23 01:00:00,66,46,False,112
2020-01-23 02:00:00,70,43,False,113
2020-01-23 03:00:00,66,43,False,109
2020-01-23 04:00:00,60,40,False,100
2020-01-23 05:00:00,55,42,False,97
2020-01-23 06:00:00,52,44,False,96
2020-01-23 07:00:00,52,41,False,93
2020-01-23 08:00:00,52,35,False,87
2020-01-23 09:00:00,55,38,False,93
2020-01-23 10:00:00,50,36,False,86
2020-01-23 11:00:00,47,36,False,83
2020-01-23 12:00:00,47,35,False,82
2020-01-23 13:00:00,50,38,False,88
2020-01-23 14:00:00,50,38,False,88
2020-01-23 15:00:00,57,38,False,95
2020-01-23 16:00:00,53,39,False,92
2020-01-23 17:00:00,54,41,False,95
2020-01-23 18:00:00,57,44,False,101
2020-01-23 19:00:00,62,42,False,104
2020-01-23 20:00:00,66,46,False,112
2020-01-23 21:00:00,68,46,False,114
2020-01-23 22:00:00,65,49,False,114
2020-01-23 23:00:00,63,47,False,110
2020-01-24 00:00:00,61,43,False,104
2020-01-24 01:00:00,61,44,False,105
2020-01-24 02:00:00,63,42,False,105
2020-01-24 03:00:00,61,42,False,103
2020-01-24 04:00:00,59,42,False,101
2020-01-24 05:00:00,61,42,False,103
2020-01-24 06:00:00,52,38,False,90
2020-01-24 07:00:00,55,39,False,94
2020-01-24 08:00:00,51,35,False,86
2020-01-24 09:00:00,51,34,False,85
2020-01-24 10:00:00,52,37,False,89
2020-01-24 11:00:00,52,39,False,91
2020-01-24 12:00:00,51,40,False,91
2020-01-24 13:00:00,49,36,False,85
2020-01-24 14:00:00,59,39,False,98
2020-01-24 15:00:00,55,38,False,93
2020-01-24 16:00:00,56,35,False,91
2020-01-24 17:00:00,58,37,False,95
2020-01-24 18:00:00,56,37,False,93
2020-01-24 19:00:00,65,37,False,102
2020-01-24 20:00:00,66,40,False,106
2020-01-24 21:00:00,64,43,False,107
2020-01-24 22:00:00,69,42,False,111
2020-01-24 23:00:00,66,42,False,108
2020-01-25 00:00:00,63,41,False,104
2020-01-25 01:00:00,60,39,False,99
2020-01-25 02:00:00,60,34,False,94
2020-01-25 03:00:00,64,36,False,100
2020-01-25 04:00:00,54,31,False,85
2020-01-25 05:00:00,52,32,False,84
2020-01-25 06:00:00,52,36,False,88
2020-01-25 07:00:00,52,34,False,86
2020-01-25 08:00:00,47,31,False,78
2020-01-25 09:00:00,43,29,False,72
2020-01-25 10:00:00,44,31,False,75
2020-01-25 11:00:00,42,30,False,72
2020-01-25 12:00:00,42,31,False,73
2020-01-25 13:00:00,46,31,False,77
2020-01-25 14:00:00,48,33,False,81
2020-01-25 15:00:00,50,29,False,79
2020-01-25 16:00:00,51,30,False,81
2020-01-25 17:00:00,53,32,False,85
2020-01-25 18:00:00,54,30,False,84
2020-01-25 19:00:00,58,34,False,92
2020-01-25 20:00:00,58,35,False,93
2020-01-25 21:00:00,66,39,False,105
2020-01-25 22:00:00,74,39,False,113
2020-01-25 23:00:00,67,42,False,109
2020-01-26 00:00:00,72,37,False,109
2020-01-26 01:00:00,80,37,False,117
2020-01-26 02:00:00,100,31,False,131
2020-01-26 03:00:00,78,31,False,109
2020-01-26 04:00:00,65,34,False,99
2020-01-26 05:00:00,57,34,False,91
2020-01-26 06:00:00,48,36,False,84
2020-01-26 07:00:00,45,31,False,76
2020-01-26 08:00:00,46,31,False,77
2020-01-26 09:00:00,48,28,False,76
2020-01-26 10:00:00,43,29,False,72
2020-01-26 11:00:00,44,30,False,74
2020-01-26 12:00:00,45,31,False,76
2020-01-26 13:00:00,46,30,False,76
2020-01-26 14:00:00,48,28,False,76
2020-01-26 15:00:00,50,31,False,81
2020-01-26 16:00:00,54,32,False,86
2020-01-26 17:00:00,55,34,False,89
2020-01-26 18:00:00,53,36,False,89
2020-01-26 19:00:00,54,31,False,85
2020-01-26 20:00:00,54,31,False,85
2020-01-26 21:00:00,57,36,False,93
2020-01-26 22:00:00,57,40,False,97
2020-01-26 23:00:00,58,44,False,102
2020-01-27 00:00:00,63,44,False,107
2020-01-27 01:00:00,58,39,False,97
2020-01-27 02:00:00,57,40,False,97
2020-01-27 03:00:00,55,37,False,92
2020-01-27 04:00:00,54,39,False,93
2020-01-27 05:00:00,51,37,False,88
2020-01-27 06:00:00,52,37,False,89
2020-01-27 07:00:00,48,33,False,81
2020-01-27 08:00:00,47,30,False,77
2020-01-27 09:00:00,50,29,False,79
2020-01-27 10:00:00,48,32,False,80
2020-01-27 11:00:00,48,32,False,80
2020-01-27 12:00:00,47,35,False,82
2020-01-27 13:00:00,47,39,False,86
2020-01-27 14:00:00,50,35,False,85
2020-01-27 15:00:00,54,34,False,88
2020-01-27 16:00:00,54,38,False,92
2020-01-27 17:00:00,57,40,False,97
2020-01-27 18:00:00,53,39,False,92
2020-01-27 19:00:00,63,45,False,108
2020-01-27 20:00:00,66,46,False,112
2020-01-27 21:00:00,67,52,False,119
2020-01-27 22:00:00,64,48,False,112
2020-01-27 23:00:00,58,49,False,107
2020-01-28 00:00:00,60,47,False,107
2020-01-28 01:00:00,62,49,False,111
2020-01-28 02:00:00,60,48,False,108
2020-01-28 03:00:00,56,43,False,99
2020-01-28 04:00:00,58,49,False,107
2020-01-28 05:00:00,67,47,False,114
2020-01-28 06:00:00,58,43,False,101
2020-01-28 07:00:00,53,38,False,91
2020-01-28 08:00:00,49,35,False,84
2020-01-28 09:00:00,51,31,False,82
2020-01-28 10:00:00,51,34,False,85
2020-01-28 11:00:00,49,36,False,85
2020-01-28 12:00:00,48,35,False,83
2020-01-28 13:00:00,54,46,False,100
2020-01-28 14:00:00,56,43,False,99
2020-01-28 15:00:00,52,39,False,91
2020-01-28 16:00:00,58,37,False,95
2020-01-28 17:00:00,54,39,False,93
2020-01-28 18:00:00,57,37,False,94
2020-01-28 19:00:00,60,42,False,102
2020-01-28 20:00:00,61,48,False,109
2020-01-28 21:00:00,66,52,False,118
2020-01-28 22:00:00,61,51,False,112
2020-01-28 23:00:00,62,55,False,117
2020-01-29 00:00:00,66,55,False,121
2020-01-29 00:00:00,54,45,False,99
2020-01-29 01:00:00,52,41,False,93
2020-01-29 02:00:00,50,40,False,90
2020-01-29 03:00:00,51,43,False,94
2020-01-29 04:00:00,53,45,False,98
2020-01-29 05:00:00,47,45,False,92
2020-01-29 06:00:00,49,42,False,91
2020-01-29 07:00:00,41,36,False,77
2020-01-29 08:00:00,42,31,False,73
2020-01-29 09:00:00,43,30,False,73
2020-01-29 10:00:00,41,30,False,71
2020-01-29 11:00:00,41,32,False,73
2020-01-29 12:00:00,39,33,False,72
2020-01-29 13:00:00,41,31,False,72
2020-01-29 14:00:00,44,32,False,76
2020-01-29 15:00:00,44,34,False,78
2020-01-29 16:00:00,48,32,False,80
2020-01-29 17:00:00,48,35,False,83
2020-01-29 18:00:00,49,35,False,84
2020-01-29 19:00:00,65,37,False,102
2020-01-29 20:00:00,60,39,False,99
2020-01-29 21:00:00,56,43,False,99
2020-01-29 22:00:00,55,44,False,99
2020-01-29 23:00:00,52,44,False,96
2020-01-30 00:00:00,48,39,False,87
2020-01-30 01:00:00,51,38,False,89
2020-01-30 02:00:00,52,40,False,92
2020-01-30 03:00:00,46,41,False,87
2020-01-30 04:00:00,47,43,False,90
2020-01-30 05:00:00,50,41,False,91
2020-01-30 06:00:00,45,39,False,84
2020-01-30 07:00:00,44,37,False,81
2020-01-30 08:00:00,46,34,False,80
2020-01-30 09:00:00,40,30,False,70
2020-01-30 10:00:00,41,30,False,71
2020-01-30 11:00:00,40,32,False,72
2020-01-30 12:00:00,39,32,False,71
2020-01-30 13:00:00,42,34,False,76
2020-01-30 14:00:00,43,34,False,77
2020-01-30 15:00:00,47,35,False,82
2020-01-30 16:00:00,50,38,False,88
2020-01-30 17:00:00,52,40,False,92
2020-01-30 18:00:00,56,44,False,100
2020-01-30 19:00:00,53,47,False,100
2020-01-30 20:00:00,57,56,False,113
2020-01-30 21:00:00,59,58,False,117
2020-01-30 22:00:00,61,57,False,118
2020-01-30 23:00:00,60,62,False,122
2020-01-31 00:00:00,57,53,False,110
2020-01-31 01:00:00,53,51,False,104
2020-01-31 02:00:00,55,47,False,102
2020-01-31 03:00:00,60,47,False,107
2020-01-31 04:00:00,64,47,False,111
2020-01-31 05:00:00,51,41,False,92
2020-01-31 06:00:00,48,41,False,89
2020-01-31 07:00:00,42,36,False,78
2020-01-31 08:00:00,42,36,False,78
2020-01-31 09:00:00,41,33,False,74
2020-01-31 10:00:00,36,31,False,67
2020-01-31 11:00:00,38,31,False,69
2020-01-31 12:00:00,37,32,False,69
2020-01-31 13:00:00,39,30,False,69
2020-01-31 14:00:00,42,32,False,74
2020-01-31 15:00:00,46,33,False,79
2020-01-31 16:00:00,43,32,False,75
2020-01-31 17:00:00,43,32,False,75
2020-01-31 18:00:00,44,33,False,77
2020-01-31 19:00:00,47,35,False,82
2020-01-31 20:00:00,49,34,False,83
2020-01-31 21:00:00,51,39,False,90
2020-01-31 22:00:00,53,40,False,93
2020-01-31 23:00:00,53,39,False,92
2020-02-01 00:00:00,55,43,False,98
2020-02-01 01:00:00,49,36,False,85
2020-02-01 02:00:00,53,39,False,92
2020-02-01 03:00:00,56,38,False,94
2020-02-01 04:00:00,46,40,False,86
2020-02-01 05:00:00,49,38,False,87
2020-02-01 06:00:00,43,33,False,76
2020-02-01 07:00:00,39,34,False,73
2020-02-01 08:00:00,38,34,False,72
2020-02-01 09:00:00,35,30,False,65
2020-02-01 10:00:00,34,28,False,62
2020-02-01 11:00:00,35,27,False,62
2020-02-01 12:00:00,36,27,False,63
2020-02-01 13:00:00,38,30,False,68
2020-02-01 14:00:00,42,29,False,71
2020-02-01 15:00:00,44,31,False,75
2020-02-01 16:00:00,42,30,False,72
2020-02-01 17:00:00,46,30,False,76
2020-02-01 18:00:00,45,33,False,78
2020-02-01 19:00:00,46,35,False,81
2020-02-01 20:00:00,47,39,False,86
2020-02-01 21:00:00,53,38,False,91
2020-02-01 22:00:00,50,42,False,92
2020-02-01 23:00:00,52,39,False,91
2020-02-02 00:00:00,50,39,False,89
2020-02-02 01:00:00,49,40,False,89
2020-02-02 02:00:00,54,36,False,90
2020-02-02 03:00:00,52,36,False,88
2020-02-02 04:00:00,48,33,False,81
2020-02-02 05:00:00,44,35,False,79
2020-02-02 06:00:00,41,33,False,74
2020-02-02 07:00:00,42,36,False,78
2020-02-02 08:00:00,41,33,False,74
2020-02-02 09:00:00,39,33,False,72
2020-02-02 10:00:00,43,43,False,86
2020-02-02 11:00:00,45,48,False,93
2020-02-02 12:00:00,58,73,False,131
2020-02-02 13:00:00,49,54,False,103
2020-02-02 14:00:00,50,52,False,102
2020-02-02 15:00:00,49,53,False,102
2020-02-02 16:00:00,53,48,False,101
2020-02-02 17:00:00,53,46,False,99
2020-02-02 18:00:00,49,46,False,95
2020-02-02 19:00:00,61,49,False,110
2020-02-02 20:00:00,57,53,False,110
2020-02-02 21:00:00,58,58,False,116
2020-02-02 22:00:00,58,57,False,115
2020-02-02 23:00:00,65,46,False,111
2020-02-03 00:00:00,59,50,False,109
2020-02-03 01:00:00,50,47,False,97
2020-02-03 02:00:00,50,46,False,96
2020-02-03 03:00:00,48,46,False,94
2020-02-03 04:00:00,49,47,False,96
2020-02-03 05:00:00,53,49,False,102
2020-02-03 06:00:00,50,46,False,96
2020-02-03 07:00:00,50,43,False,93
2020-02-03 08:00:00,46,37,False,83
2020-02-03 09:00:00,47,37,False,84
2020-02-03 10:00:00,44,36,False,80
2020-02-03 11:00:00,42,36,False,78
2020-02-03 12:00:00,40,37,False,77
2020-02-03 13:00:00,40,38,False,78
2020-02-03 14:00:00,45,39,False,84
2020-02-03 15:00:00,48,40,False,88
2020-02-03 16:00:00,49,38,False,87
2020-02-03 17:00:00,51,39,False,90
2020-02-03 18:00:00,49,42,False,91
2020-02-03 19:00:00,51,43,False,94
2020-02-03 20:00:00,57,49,False,106
2020-02-03 21:00:00,59,55,False,114
2020-02-03 22:00:00,58,54,False,112
2020-02-03 23:00:00,60,58,False,118
2020-02-04 00:00:00,56,56,False,112
2020-02-04 01:00:00,53,50,False,103
2020-02-04 02:00:00,52,49,False,101
2020-02-04 03:00:00,53,46,False,99
2020-02-04 04:00:00,53,45,False,98
2020-02-04 05:00:00,57,50,False,107
2020-02-04 06:00:00,48,42,False,90
2020-02-04 07:00:00,48,37,False,85
2020-02-04 08:00:00,44,36,False,80
2020-02-04 09:00:00,43,32,False,75
2020-02-04 10:00:00,41,34,False,75
2020-02-04 11:00:00,44,38,False,82
2020-02-04 12:00:00,42,37,False,79
2020-02-04 13:00:00,43,39,False,82
2020-02-04 14:00:00,46,44,False,90
2020-02-04 15:00:00,75,99,False,174
2020-02-04 16:00:00,68,78,False,146
2020-02-04 17:00:00,62,72,False,134
2020-02-04 18:00:00,62,66,False,128
2020-02-04 19:00:00,67,68,False,135
2020-02-04 20:00:00,71,75,False,146
2020-02-04 21:00:00,70,78,False,148
2020-02-04 22:00:00,67,72,False,139
2020-02-04 23:00:00,62,75,False,137
2020-02-05 00:00:00,66,100,False,166
2020-02-05 00:00:00,25,38,False,63
2020-02-05 01:00:00,24,31,False,55
2020-02-05 02:00:00,23,27,False,50
2020-02-05 03:00:00,25,32,False,57
2020-02-05 04:00:00,28,40,False,68
2020-02-05 05:00:00,29,42,False,71
2020-02-05 06:00:00,31,36,False,67
2020-02-05 07:00:00,27,32,False,59
2020-02-05 08:00:00,26,28,False,54
2020-02-05 09:00:00,25,28,False,53
2020-02-05 10:00:00,23,24,False,47
2020-02-05 11:00:00,21,23,False,44
2020-02-05 12:00:00,22,22,False,44
2020-02-05 13:00:00,21,23,False,44
2020-02-05 14:00:00,21,23,False,44
2020-02-05 15:00:00,22,23,False,45
2020-02-05 16:00:00,25,22,False,47
2020-02-05 17:00:00,23,23,False,46
2020-02-05 18:00:00,24,26,False,50
2020-02-05 19:00:00,25,25,False,50
2020-02-05 20:00:00,26,25,False,51
2020-02-05 21:00:00,26,28,False,54
2020-02-05 22:00:00,26,30,False,56
2020-02-05 23:00:00,24,29,False,53
2020-02-06 00:00:00,22,24,False,46
2020-02-06 01:00:00,21,23,False,44
2020-02-06 02:00:00,21,21,False,42
2020-02-06 03:00:00,22,24,False,46
2020-02-06 04:00:00,24,28,False,52
2020-02-06 05:00:00,25,26,False,51
2020-02-06 06:00:00,24,23,False,47
2020-02-06 07:00:00,23,21,False,44
2020-02-06 08:00:00,22,20,False,42
2020-02-06 09:00:00,20,18,False,38
2020-02-06 10:00:00,20,19,False,39
2020-02-06 11:00:00,19,20,False,39
2020-02-06 12:00:00,19,20,False,39
2020-02-06 13:00:00,20,22,False,42
2020-02-06 14:00:00,21,20,False,41
2020-02-06 15:00:00,21,20,False,41
2020-02-06 16:00:00,22,18,False,40
2020-02-06 17:00:00,22,21,False,43
2020-02-06 18:00:00,22,20,False,42
2020-02-06 19:00:00,24,23,False,47
2020-02-06 20:00:00,24,23,False,47
2020-02-06 21:00:00,24,25,False,49
2020-02-06 22:00:00,24,25,False,49
2020-02-06 23:00:00,25,25,False,50
2020-02-07 00:00:00,22,22,False,44
2020-02-07 01:00:00,22,25,False,47
2020-02-07 02:00:00,24,25,False,49
2020-02-07 03:00:00,23,23,False,46
2020-02-07 04:00:00,24,21,False,45
2020-02-07 05:00:00,24,20,False,44
2020-02-07 06:00:00,22,21,False,43
2020-02-07 07:00:00,20,17,False,37
2020-02-07 08:00:00,19,17,False,36
2020-02-07 09:00:00,19,17,False,36
2020-02-07 10:00:00,19,17,False,36
2020-02-07 11:00:00,18,17,False,35
2020-02-07 12:00:00,18,17,False,35
2020-02-07 13:00:00,17,16,False,33
2020-02-07 14:00:00,19,17,False,36
2020-02-07 15:00:00,19,18,False,37
2020-02-07 16:00:00,21,17,False,38
2020-02-07 17:00:00,20,17,False,37
2020-02-07 18:00:00,20,17,False,37
2020-02-07 19:00:00,21,18,False,39
2020-02-07 20:00:00,21,18,False,39
2020-02-07 21:00:00,23,20,False,43
2020-02-07 22:00:00,22,20,False,42
2020-02-07 23:00:00,21,20,False,41
2020-02-08 00:00:00,20,19,False,39
2020-02-08 01:00:00,20,17,False,37
2020-02-08 02:00:00,20,18,False,38
2020-02-08 03:00:00,19,17,False,36
2020-02-08 04:00:00,18,16,False,34
2020-02-08 05:00:00,18,15,False,33
2020-02-08 06:00:00,18,14,False,32
2020-02-08 07:00:00,18,14,False,32
2020-02-08 08:00:00,17,14,False,31
2020-02-08 09:00:00,16,13,False,29
2020-02-08 10:00:00,16,14,False,30
2020-02-08 11:00:00,15,13,False,28
2020-02-08 12:00:00,15,14,False,29
2020-02-08 13:00:00,16,14,False,30
2020-02-08 14:00:00,16,13,False,29
2020-02-08 15:00:00,16,14,False,30
2020-02-08 16:00:00,18,14,False,32
2020-02-08 17:00:00,18,14,False,32
2020-02-08 18:00:00,18,14,False,32
2020-02-08 19:00:00,18,15,False,33
2020-02-08 20:00:00,19,15,False,34
2020-02-08 21:00:00,21,17,False,38
2020-02-08 22:00:00,22,18,False,40
2020-02-08 23:00:00,26,18,False,44
2020-02-09 00:00:00,27,17,False,44
2020-02-09 01:00:00,31,17,False,48
2020-02-09 02:00:00,37,17,False,54
2020-02-09 03:00:00,59,20,False,79
2020-02-09 04:00:00,47,22,False,69
2020-02-09 05:00:00,100,19,False,119
2020-02-09 06:00:00,27,24,False,51
2020-02-09 07:00:00,20,21,False,41
2020-02-09 08:00:00,20,20,False,40
2020-02-09 09:00:00,19,17,False,36
2020-02-09 10:00:00,17,17,False,34
2020-02-09 11:00:00,16,17,False,33
2020-02-09 12:00:00,16,16,False,32
2020-02-09 13:00:00,18,17,False,35
2020-02-09 14:00:00,18,16,False,34
2020-02-09 15:00:00,18,16,False,34
2020-02-09 16:00:00,18,16,False,34
2020-02-09 17:00:00,19,17,False,36
2020-02-09 18:00:00,20,18,False,38
2020-02-09 19:00:00,20,17,False,37
2020-02-09 20:00:00,21,18,False,39
2020-02-09 21:00:00,23,19,False,42
2020-02-09 22:00:00,23,19,False,42
2020-02-09 23:00:00,21,21,False,42
2020-02-10 00:00:00,22,20,False,42
2020-02-10 01:00:00,21,19,False,40
2020-02-10 02:00:00,21,19,False,40
2020-02-10 03:00:00,20,18,False,38
2020-02-10 04:00:00,19,17,False,36
2020-02-10 05:00:00,19,18,False,37
2020-02-10 06:00:00,19,15,False,34
2020-02-10 07:00:00,18,15,False,33
2020-02-10 08:00:00,18,14,False,32
2020-02-10 09:00:00,18,14,False,32
2020-02-10 10:00:00,17,14,False,31
2020-02-10 11:00:00,17,16,False,33
2020-02-10 12:00:00,17,15,False,32
2020-02-10 13:00:00,16,14,False,30
2020-02-10 14:00:00,17,14,False,31
2020-02-10 15:00:00,18,15,False,33
2020-02-10 16:00:00,19,15,False,34
2020-02-10 17:00:00,18,15,False,33
2020-02-10 18:00:00,20,15,False,35
2020-02-10 19:00:00,21,16,False,37
2020-02-10 20:00:00,21,18,False,39
2020-02-10 21:00:00,22,18,False,40
2020-02-10 22:00:00,21,19,False,40
2020-02-10 23:00:00,20,18,False,38
2020-02-11 00:00:00,20,17,False,37
2020-02-11 01:00:00,19,17,False,36
2020-02-11 02:00:00,19,15,False,34
2020-02-11 03:00:00,19,16,False,35
2020-02-11 04:00:00,20,15,False,35
2020-02-11 05:00:00,22,16,False,38
2020-02-11 06:00:00,19,15,False,34
2020-02-11 07:00:00,17,14,False,31
2020-02-11 08:00:00,16,12,False,28
2020-02-11 09:00:00,16,11,False,27
2020-02-11 10:00:00,16,12,False,28
2020-02-11 11:00:00,16,13,False,29
2020-02-11 12:00:00,17,15,False,32
2020-02-11 13:00:00,16,13,False,29
2020-02-11 14:00:00,17,14,False,31
2020-02-11 15:00:00,19,15,False,34
2020-02-11 16:00:00,21,18,False,39
2020-02-11 17:00:00,22,19,False,41
2020-02-11 18:00:00,23,19,False,42
2020-02-11 19:00:00,25,21,False,46
2020-02-11 20:00:00,24,21,False,45
2020-02-11 21:00:00,25,22,False,47
2020-02-11 22:00:00,24,22,False,46
2020-02-11 23:00:00,22,21,False,43
2020-02-12 00:00:00,23,22,False,45
2020-02-12 00:00:00,37,35,False,72
2020-02-12 01:00:00,34,36,False,70
2020-02-12 02:00:00,38,35,False,73
2020-02-12 03:00:00,38,37,False,75
2020-02-12 04:00:00,36,37,False,73
2020-02-12 05:00:00,37,34,False,71
2020-02-12 06:00:00,35,35,False,70
2020-02-12 07:00:00,37,35,False,72
2020-02-12 08:00:00,33,30,False,63
2020-02-12 09:00:00,31,27,False,58
2020-02-12 10:00:00,33,29,False,62
2020-02-12 11:00:00,42,44,False,86
2020-02-12 12:00:00,37,42,False,79
2020-02-12 13:00:00,42,47,False,89
2020-02-12 14:00:00,38,41,False,79
2020-02-12 15:00:00,38,37,False,75
2020-02-12 16:00:00,39,38,False,77
2020-02-12 17:00:00,41,41,False,82
2020-02-12 18:00:00,43,45,False,88
2020-02-12 19:00:00,44,47,False,91
2020-02-12 20:00:00,47,47,False,94
2020-02-12 21:00:00,49,54,False,103
2020-02-12 22:00:00,49,59,False,108
2020-02-12 23:00:00,44,57,False,101
2020-02-13 00:00:00,40,55,False,95
2020-02-13 01:00:00,43,63,False,106
2020-02-13 02:00:00,53,100,False,153
2020-02-13 03:00:00,51,83,False,134
2020-02-13 04:00:00,50,73,False,123
2020-02-13 05:00:00,54,69,False,123
2020-02-13 06:00:00,56,69,False,125
2020-02-13 07:00:00,50,56,False,106
2020-02-13 08:00:00,42,44,False,86
2020-02-13 09:00:00,39,40,False,79
2020-02-13 10:00:00,37,39,False,76
2020-02-13 11:00:00,35,40,False,75
2020-02-13 12:00:00,37,43,False,80
2020-02-13 13:00:00,49,63,False,112
2020-02-13 14:00:00,45,54,False,99
2020-02-13 15:00:00,45,54,False,99
2020-02-13 16:00:00,44,53,False,97
2020-02-13 17:00:00,42,49,False,91
2020-02-13 18:00:00,46,52,False,98
2020-02-13 19:00:00,50,60,False,110
2020-02-13 20:00:00,53,58,False,111
2020-02-13 21:00:00,49,55,False,104
2020-02-13 22:00:00,52,59,False,111
2020-02-13 23:00:00,44,58,False,102
2020-02-14 00:00:00,41,56,False,97
2020-02-14 01:00:00,39,48,False,87
2020-02-14 02:00:00,37,46,False,83
2020-02-14 03:00:00,39,45,False,84
2020-02-14 04:00:00,38,42,False,80
2020-02-14 05:00:00,41,41,False,82
2020-02-14 06:00:00,38,41,False,79
2020-02-14 07:00:00,39,39,False,78
2020-02-14 08:00:00,36,35,False,71
2020-02-14 09:00:00,36,34,False,70
2020-02-14 10:00:00,33,34,False,67
2020-02-14 11:00:00,34,35,False,69
2020-02-14 12:00:00,33,38,False,71
2020-02-14 13:00:00,35,36,False,71
2020-02-14 14:00:00,35,36,False,71
2020-02-14 15:00:00,36,36,False,72
2020-02-14 16:00:00,35,36,False,71
2020-02-14 17:00:00,37,40,False,77
2020-02-14 18:00:00,42,49,False,91
2020-02-14 19:00:00,43,46,False,89
2020-02-14 20:00:00,42,47,False,89
2020-02-14 21:00:00,46,49,False,95
2020-02-14 22:00:00,44,51,False,95
2020-02-14 23:00:00,41,51,False,92
2020-02-15 00:00:00,42,51,False,93
2020-02-15 01:00:00,40,57,False,97
2020-02-15 02:00:00,39,42,False,81
2020-02-15 03:00:00,39,41,False,80
2020-02-15 04:00:00,39,43,False,82
2020-02-15 05:00:00,34,40,False,74
2020-02-15 06:00:00,37,37,False,74
2020-02-15 07:00:00,35,37,False,72
2020-02-15 08:00:00,37,36,False,73
2020-02-15 09:00:00,35,33,False,68
2020-02-15 10:00:00,34,38,False,72
2020-02-15 11:00:00,31,34,False,65
2020-02-15 12:00:00,32,34,False,66
2020-02-15 13:00:00,32,35,False,67
2020-02-15 14:00:00,34,35,False,69
2020-02-15 15:00:00,35,37,False,72
2020-02-15 16:00:00,36,38,False,74
2020-02-15 17:00:00,38,40,False,78
2020-02-15 18:00:00,38,42,False,80
2020-02-15 19:00:00,34,36,False,70
2020-02-15 20:00:00,38,37,False,75
2020-02-15 21:00:00,41,36,False,77
2020-02-15 22:00:00,45,40,False,85
2020-02-15 23:00:00,39,42,False,81
2020-02-16 00:00:00,40,40,False,80
2020-02-16 01:00:00,56,37,False,93
2020-02-16 02:00:00,62,32,False,94
2020-02-16 03:00:00,55,31,False,86
2020-02-16 04:00:00,36,34,False,70
2020-02-16 05:00:00,32,32,False,64
2020-02-16 06:00:00,33,29,False,62
2020-02-16 07:00:00,31,31,False,62
2020-02-16 08:00:00,31,30,False,61
2020-02-16 09:00:00,29,28,False,57
2020-02-16 10:00:00,29,27,False,56
2020-02-16 11:00:00,28,27,False,55
2020-02-16 12:00:00,29,28,False,57
2020-02-16 13:00:00,30,29,False,59
2020-02-16 14:00:00,29,28,False,57
2020-02-16 15:00:00,31,33,False,64
2020-02-16 16:00:00,36,37,False,73
2020-02-16 17:00:00,35,38,False,73
2020-02-16 18:00:00,34,33,False,67
2020-02-16 19:00:00,35,34,False,69
2020-02-16 20:00:00,38,36,False,74
2020-02-16 21:00:00,40,37,False,77
2020-02-16 22:00:00,36,39,False,75
2020-02-16 23:00:00,36,39,False,75
2020-02-17 00:00:00,39,37,False,76
2020-02-17 01:00:00,40,32,False,72
2020-02-17 02:00:00,36,34,False,70
2020-02-17 03:00:00,36,35,False,71
2020-02-17 04:00:00,35,38,False,73
2020-02-17 05:00:00,36,32,False,68
2020-02-17 06:00:00,34,33,False,67
2020-02-17 07:00:00,32,31,False,63
2020-02-17 08:00:00,31,28,False,59
2020-02-17 09:00:00,30,26,False,56
2020-02-17 10:00:00,29,29,False,58
2020-02-17 11:00:00,30,31,False,61
2020-02-17 12:00:00,28,28,False,56
2020-02-17 13:00:00,29,29,False,58
2020-02-17 14:00:00,34,31,False,65
2020-02-17 15:00:00,31,29,False,60
2020-02-17 16:00:00,32,28,False,60
2020-02-17 17:00:00,32,27,False,59
2020-02-17 18:00:00,32,30,False,62
2020-02-17 19:00:00,37,30,False,67
2020-02-17 20:00:00,40,30,False,70
2020-02-17 21:00:00,37,34,False,71
2020-02-17 22:00:00,37,33,False,70
2020-02-17 23:00:00,32,31,False,63
2020-02-18 00:00:00,31,31,False,62
2020-02-18 01:00:00,33,30,False,63
2020-02-18 02:00:00,33,29,False,62
2020-02-18 03:00:00,34,30,False,64
2020-02-18 04:00:00,33,33,False,66
2020-02-18 05:00:00,46,37,False,83
2020-02-18 06:00:00,36,31,False,67
2020-02-18 07:00:00,31,26,False,57
2020-02-18 08:00:00,30,26,False,56
2020-02-18 09:00:00,29,23,False,52
2020-02-18 10:00:00,29,24,False,53
2020-02-18 11:00:00,29,25,False,54
2020-02-18 12:00:00,27,24,False,51
2020-02-18 13:00:00,30,24,False,54
2020-02-18 14:00:00,29,23,False,52
2020-02-18 15:00:00,33,26,False,59
2020-02-18 16:00:00,33,28,False,61
2020-02-18 17:00:00,33,31,False,64
2020-02-18 18:00:00,36,30,False,66
2020-02-18 19:00:00,41,31,False,72
2020-02-18 20:00:00,48,36,False,84
2020-02-18 21:00:00,43,37,False,80
2020-02-18 22:00:00,38,38,False,76
2020-02-18 23:00:00,35,36,False,71
2020-02-19 00:00:00,32,33,False,65
2020-02-19 00:00:00,19,20,False,39
2020-02-19 01:00:00,20,18,False,38
2020-02-19 02:00:00,21,19,False,40
2020-02-19 03:00:00,21,20,False,41
2020-02-19 04:00:00,20,19,False,39
2020-02-19 05:00:00,21,18,False,39
2020-02-19 06:00:00,21,17,False,38
2020-02-19 07:00:00,20,15,False,35
2020-02-19 08:00:00,18,15,False,33
2020-02-19 09:00:00,19,15,False,34
2020-02-19 10:00:00,18,15,False,33
2020-02-19 11:00:00,19,16,False,35
2020-02-19 12:00:00,17,15,False,32
2020-02-19 13:00:00,18,16,False,34
2020-02-19 14:00:00,19,17,False,36
2020-02-19 15:00:00,20,17,False,37
2020-02-19 16:00:00,21,17,False,38
2020-02-19 17:00:00,22,19,False,41
2020-02-19 18:00:00,23,19,False,42
2020-02-19 19:00:00,25,22,False,47
2020-02-19 20:00:00,26,21,False,47
2020-02-19 21:00:00,24,23,False,47
2020-02-19 22:00:00,24,26,False,50
2020-02-19 23:00:00,22,23,False,45
2020-02-20 00:00:00,22,21,False,43
2020-02-20 01:00:00,19,18,False,37
2020-02-20 02:00:00,19,18,False,37
2020-02-20 03:00:00,21,18,False,39
2020-02-20 04:00:00,18,18,False,36
2020-02-20 05:00:00,21,18,False,39
2020-02-20 06:00:00,21,15,False,36
2020-02-20 07:00:00,18,15,False,33
2020-02-20 08:00:00,19,15,False,34
2020-02-20 09:00:00,18,14,False,32
2020-02-20 10:00:00,17,15,False,32
2020-02-20 11:00:00,17,15,False,32
2020-02-20 12:00:00,17,15,False,32
2020-02-20 13:00:00,17,16,False,33
2020-02-20 14:00:00,18,15,False,33
2020-02-20 15:00:00,19,16,False,35
2020-02-20 16:00:00,18,16,False,34
2020-02-20 17:00:00,20,16,False,36
2020-02-20 18:00:00,20,16,False,36
2020-02-20 19:00:00,21,17,False,38
2020-02-20 20:00:00,20,18,False,38
2020-02-20 21:00:00,23,19,False,42
2020-02-20 22:00:00,21,19,False,40
2020-02-20 23:00:00,20,18,False,38
2020-02-21 00:00:00,20,17,False,37
2020-02-21 01:00:00,19,17,False,36
2020-02-21 02:00:00,19,17,False,36
2020-02-21 03:00:00,18,17,False,35
2020-02-21 04:00:00,19,17,False,36
2020-02-21 05:00:00,18,16,False,34
2020-02-21 06:00:00,17,16,False,33
2020-02-21 07:00:00,17,14,False,31
2020-02-21 08:00:00,16,14,False,30
2020-02-21 09:00:00,16,13,False,29
2020-02-21 10:00:00,16,12,False,28
2020-02-21 11:00:00,16,13,False,29
2020-02-21 12:00:00,16,14,False,30
2020-02-21 13:00:00,16,15,False,31
2020-02-21 14:00:00,18,14,False,32
2020-02-21 15:00:00,17,14,False,31
2020-02-21 16:00:00,17,14,False,31
2020-02-21 17:00:00,18,14,False,32
2020-02-21 18:00:00,18,14,False,32
2020-02-21 19:00:00,19,15,False,34
2020-02-21 20:00:00,20,15,False,35
2020-02-21 21:00:00,19,16,False,35
2020-02-21 22:00:00,21,18,False,39
2020-02-21 23:00:00,19,15,False,34
2020-02-22 00:00:00,19,17,False,36
2020-02-22 01:00:00,19,16,False,35
2020-02-22 02:00:00,19,14,False,33
2020-02-22 03:00:00,20,14,False,34
2020-02-22 04:00:00,17,14,False,31
2020-02-22 05:00:00,17,12,False,29
2020-02-22 06:00:00,15,13,False,28
2020-02-22 07:00:00,15,12,False,27
2020-02-22 08:00:00,15,11,False,26
2020-02-22 09:00:00,14,10,False,24
2020-02-22 10:00:00,14,11,False,25
2020-02-22 11:00:00,14,11,False,25
2020-02-22 12:00:00,15,11,False,26
2020-02-22 13:00:00,16,11,False,27
2020-02-22 14:00:00,15,12,False,27
2020-02-22 15:00:00,16,12,False,28
2020-02-22 16:00:00,15,10,False,25
2020-02-22 17:00:00,16,12,False,28
2020-02-22 18:00:00,16,12,False,28
2020-02-22 19:00:00,17,12,False,29
2020-02-22 20:00:00,19,14,False,33
2020-02-22 21:00:00,22,14,False,36
2020-02-22 22:00:00,23,14,False,37
2020-02-22 23:00:00,24,14,False,38
2020-02-23 00:00:00,28,14,False,42
2020-02-23 01:00:00,36,13,False,49
2020-02-23 02:00:00,45,13,False,58
2020-02-23 03:00:00,60,13,False,73
2020-02-23 04:00:00,100,14,False,114
2020-02-23 05:00:00,51,13,False,64
2020-02-23 06:00:00,18,13,False,31
2020-02-23 07:00:00,16,13,False,29
2020-02-23 08:00:00,15,12,False,27
2020-02-23 09:00:00,16,13,False,29
2020-02-23 10:00:00,14,12,False,26
2020-02-23 11:00:00,13,12,False,25
2020-02-23 12:00:00,13,12,False,25
2020-02-23 13:00:00,15,11,False,26
2020-02-23 14:00:00,17,12,False,29
2020-02-23 15:00:00,16,13,False,29
2020-02-23 16:00:00,15,11,False,26
2020-02-23 17:00:00,17,12,False,29
2020-02-23 18:00:00,17,13,False,30
2020-02-23 19:00:00,17,14,False,31
2020-02-23 20:00:00,20,14,False,34
2020-02-23 21:00:00,21,15,False,36
2020-02-23 22:00:00,20,16,False,36
2020-02-23 23:00:00,19,16,False,35
2020-02-24 00:00:00,20,16,False,36
2020-02-24 01:00:00,19,15,False,34
2020-02-24 02:00:00,17,15,False,32
2020-02-24 03:00:00,19,15,False,34
2020-02-24 04:00:00,17,13,False,30
2020-02-24 05:00:00,17,13,False,30
2020-02-24 06:00:00,17,12,False,29
2020-02-24 07:00:00,15,13,False,28
2020-02-24 08:00:00,16,12,False,28
2020-02-24 09:00:00,15,12,False,27
2020-02-24 10:00:00,15,11,False,26
2020-02-24 11:00:00,16,13,False,29
2020-02-24 12:00:00,15,12,False,27
2020-02-24 13:00:00,16,12,False,28
2020-02-24 14:00:00,17,13,False,30
2020-02-24 15:00:00,17,14,False,31
2020-02-24 16:00:00,17,14,False,31
2020-02-24 17:00:00,18,14,False,32
2020-02-24 18:00:00,19,15,False,34
2020-02-24 19:00:00,19,15,False,34
2020-02-24 20:00:00,21,16,False,37
2020-02-24 21:00:00,21,17,False,38
2020-02-24 22:00:00,19,17,False,36
2020-02-24 23:00:00,19,17,False,36
2020-02-25 00:00:00,19,15,False,34
2020-02-25 01:00:00,18,15,False,33
2020-02-25 02:00:00,18,14,False,32
2020-02-25 03:00:00,19,15,False,34
2020-02-25 04:00:00,19,14,False,33
2020-02-25 05:00:00,21,14,False,35
2020-02-25 06:00:00,18,14,False,32
2020-02-25 07:00:00,17,13,False,30
2020-02-25 08:00:00,16,11,False,27
2020-02-25 09:00:00,15,10,False,25
2020-02-25 10:00:00,15,12,False,27
2020-02-25 11:00:00,16,12,False,28
2020-02-25 12:00:00,14,12,False,26
2020-02-25 13:00:00,15,12,False,27
2020-02-25 14:00:00,17,13,False,30
2020-02-25 15:00:00,17,14,False,31
2020-02-25 16:00:00,17,14,False,31
2020-02-25 17:00:00,18,15,False,33
2020-02-25 18:00:00,19,15,False,34
2020-02-25 19:00:00,24,16,False,40
2020-02-25 20:00:00,26,15,False,41
2020-02-25 21:00:00,22,16,False,38
2020-02-25 22:00:00,20,16,False,36
2020-02-25 23:00:00,18,17,False,35
2020-02-26 00:00:00,20,16,False,36
2020-02-26 00:00:00,86,70,False,156
2020-02-26 01:00:00,81,68,False,149
2020-02-26 02:00:00,88,86,False,174
2020-02-26 03:00:00,88,76,False,164
2020-02-26 04:00:00,87,68,False,155
2020-02-26 05:00:00,86,71,False,157
2020-02-26 06:00:00,77,65,False,142
2020-02-26 07:00:00,69,61,False,130
2020-02-26 08:00:00,73,57,False,130
2020-02-26 09:00:00,72,58,False,130
2020-02-26 10:00:00,69,55,False,124
2020-02-26 11:00:00,66,59,False,125
2020-02-26 12:00:00,66,53,False,119
2020-02-26 13:00:00,65,54,False,119
2020-02-26 14:00:00,73,58,False,131
2020-02-26 15:00:00,74,61,False,135
2020-02-26 16:00:00,82,68,False,150
2020-02-26 17:00:00,82,72,False,154
2020-02-26 18:00:00,84,66,False,150
2020-02-26 19:00:00,89,61,False,150
2020-02-26 20:00:00,99,66,False,165
2020-02-26 21:00:00,96,69,False,165
2020-02-26 22:00:00,90,73,False,163
2020-02-26 23:00:00,85,79,False,164
2020-02-27 00:00:00,83,80,False,163
2020-02-27 01:00:00,89,68,False,157
2020-02-27 02:00:00,86,70,False,156
2020-02-27 03:00:00,77,69,False,146
2020-02-27 04:00:00,82,60,False,142
2020-02-27 05:00:00,80,65,False,145
2020-02-27 06:00:00,75,64,False,139
2020-02-27 07:00:00,74,55,False,129
2020-02-27 08:00:00,70,51,False,121
2020-02-27 09:00:00,60,49,False,109
2020-02-27 10:00:00,67,52,False,119
2020-02-27 11:00:00,67,50,False,117
2020-02-27 12:00:00,66,58,False,124
2020-02-27 13:00:00,62,56,False,118
2020-02-27 14:00:00,69,57,False,126
2020-02-27 15:00:00,75,59,False,134
2020-02-27 16:00:00,73,64,False,137
2020-02-27 17:00:00,79,65,False,144
2020-02-27 18:00:00,76,61,False,137
2020-02-27 19:00:00,86,64,False,150
2020-02-27 20:00:00,92,65,False,157
2020-02-27 21:00:00,92,70,False,162
2020-02-27 22:00:00,92,73,False,165
2020-02-27 23:00:00,80,72,False,152
2020-02-28 00:00:00,84,72,False,156
2020-02-28 01:00:00,77,60,False,137
2020-02-28 02:00:00,76,59,False,135
2020-02-28 03:00:00,75,64,False,139
2020-02-28 04:00:00,80,60,False,140
2020-02-28 05:00:00,75,57,False,132
2020-02-28 06:00:00,73,52,False,125
2020-02-28 07:00:00,68,52,False,120
2020-02-28 08:00:00,68,51,False,119
2020-02-28 09:00:00,65,43,False,108
2020-02-28 10:00:00,63,50,False,113
2020-02-28 11:00:00,66,52,False,118
2020-02-28 12:00:00,61,53,False,114
2020-02-28 13:00:00,64,51,False,115
2020-02-28 14:00:00,67,53,False,120
2020-02-28 15:00:00,69,54,False,123
2020-02-28 16:00:00,73,54,False,127
2020-02-28 17:00:00,72,54,False,126
2020-02-28 18:00:00,76,51,False,127
2020-02-28 19:00:00,72,51,False,123
2020-02-28 20:00:00,76,56,False,132
2020-02-28 21:00:00,79,61,False,140
2020-02-28 22:00:00,81,62,False,143
2020-02-28 23:00:00,82,57,False,139
2020-02-29 00:00:00,75,57,False,132
2020-02-29 01:00:00,73,55,False,128
2020-02-29 02:00:00,72,49,False,121
2020-02-29 03:00:00,77,55,False,132
2020-02-29 04:00:00,69,50,False,119
2020-02-29 05:00:00,71,52,False,123
2020-02-29 06:00:00,68,48,False,116
2020-02-29 07:00:00,64,50,False,114
2020-02-29 08:00:00,59,45,False,104
2020-02-29 09:00:00,53,40,False,93
2020-02-29 10:00:00,56,41,False,97
2020-02-29 11:00:00,55,41,False,96
2020-02-29 12:00:00,53,39,False,92
2020-02-29 13:00:00,58,42,False,100
2020-02-29 14:00:00,62,43,False,105
2020-02-29 15:00:00,62,42,False,104
2020-02-29 16:00:00,63,41,False,104
2020-02-29 17:00:00,63,42,False,105
2020-02-29 18:00:00,69,43,False,112
2020-02-29 19:00:00,64,43,False,107
2020-02-29 20:00:00,73,52,False,125
2020-02-29 21:00:00,76,50,False,126
2020-02-29 22:00:00,87,50,False,137
2020-02-29 23:00:00,83,49,False,132
2020-03-01 00:00:00,86,55,False,141
2020-03-01 01:00:00,97,48,False,145
2020-03-01 02:00:00,100,46,False,146
2020-03-01 03:00:00,78,48,False,126
2020-03-01 04:00:00,71,43,False,114
2020-03-01 05:00:00,67,45,False,112
2020-03-01 06:00:00,61,43,False,104
2020-03-01 07:00:00,58,41,False,99
2020-03-01 08:00:00,60,40,False,100
2020-03-01 09:00:00,52,41,False,93
2020-03-01 10:00:00,52,39,False,91
2020-03-01 11:00:00,52,39,False,91
2020-03-01 12:00:00,52,39,False,91
2020-03-01 13:00:00,62,39,False,101
2020-03-01 14:00:00,63,37,False,100
2020-03-01 15:00:00,58,40,False,98
2020-03-01 16:00:00,66,42,False,108
2020-03-01 17:00:00,66,43,False,109
2020-03-01 18:00:00,65,46,False,111
2020-03-01 19:00:00,82,48,False,130
2020-03-01 20:00:00,94,50,False,144
2020-03-01 21:00:00,80,51,False,131
2020-03-01 22:00:00,77,51,False,128
2020-03-01 23:00:00,80,56,False,136
2020-03-02 00:00:00,73,52,False,125
2020-03-02 01:00:00,79,53,False,132
2020-03-02 02:00:00,69,54,False,123
2020-03-02 03:00:00,73,52,False,125
2020-03-02 04:00:00,68,50,False,118
2020-03-02 05:00:00,69,48,False,117
2020-03-02 06:00:00,65,48,False,113
2020-03-02 07:00:00,64,43,False,107
2020-03-02 08:00:00,64,47,False,111
2020-03-02 09:00:00,59,43,False,102
2020-03-02 10:00:00,63,43,False,106
2020-03-02 11:00:00,60,45,False,105
2020-03-02 12:00:00,62,44,False,106
2020-03-02 13:00:00,61,47,False,108
2020-03-02 14:00:00,66,50,False,116
2020-03-02 15:00:00,67,46,False,113
2020-03-02 16:00:00,72,51,False,123
2020-03-02 17:00:00,72,52,False,124
2020-03-02 18:00:00,77,56,False,133
2020-03-02 19:00:00,81,55,False,136
2020-03-02 20:00:00,78,55,False,133
2020-03-02 21:00:00,85,69,False,154
2020-03-02 22:00:00,88,66,False,154
2020-03-02 23:00:00,78,55,False,133
2020-03-03 00:00:00,76,55,False,131
2020-03-03 01:00:00,74,53,False,127
2020-03-03 02:00:00,77,54,False,131
2020-03-03 03:00:00,74,58,False,132
2020-03-03 04:00:00,76,48,False,124
2020-03-03 05:00:00,82,53,False,135
2020-03-03 06:00:00,72,52,False,124
2020-03-03 07:00:00,62,42,False,104
2020-03-03 08:00:00,61,39,False,100
2020-03-03 09:00:00,59,40,False,99
2020-03-03 10:00:00,56,41,False,97
2020-03-03 11:00:00,58,45,False,103
2020-03-03 12:00:00,60,44,False,104
2020-03-03 13:00:00,60,39,False,99
2020-03-03 14:00:00,61,42,False,103
2020-03-03 15:00:00,66,43,False,109
2020-03-03 16:00:00,66,43,False,109
2020-03-03 17:00:00,67,44,False,111
2020-03-03 18:00:00,70,46,False,116
2020-03-03 19:00:00,75,45,False,120
2020-03-03 20:00:00,76,48,False,124
2020-03-03 21:00:00,76,50,False,126
2020-03-03 22:00:00,75,54,False,129
2020-03-03 23:00:00,70,53,False,123
2020-03-04 00:00:00,70,50,False,120
2020-03-04 00:00:00,21,15,False,36
2020-03-04 01:00:00,22,15,False,37
2020-03-04 02:00:00,23,14,False,37
2020-03-04 03:00:00,22,13,False,35
2020-03-04 04:00:00,22,15,False,37
2020-03-04 05:00:00,29,16,False,45
2020-03-04 06:00:00,33,16,False,49
2020-03-04 07:00:00,26,15,False,41
2020-03-04 08:00:00,24,14,False,38
2020-03-04 09:00:00,21,12,False,33
2020-03-04 10:00:00,21,12,False,33
2020-03-04 11:00:00,20,13,False,33
2020-03-04 12:00:00,19,11,False,30
2020-03-04 13:00:00,20,12,False,32
2020-03-04 14:00:00,20,13,False,33
2020-03-04 15:00:00,21,13,False,34
2020-03-04 16:00:00,22,14,False,36
2020-03-04 17:00:00,22,14,False,36
2020-03-04 18:00:00,22,13,False,35
2020-03-04 19:00:00,22,14,False,36
2020-03-04 20:00:00,23,15,False,38
2020-03-04 21:00:00,24,16,False,40
2020-03-04 22:00:00,23,15,False,38
2020-03-04 23:00:00,22,15,False,37
2020-03-05 00:00:00,24,16,False,40
2020-03-05 01:00:00,23,14,False,37
2020-03-05 02:00:00,23,17,False,40
2020-03-05 03:00:00,26,16,False,42
2020-03-05 04:00:00,25,16,False,41
2020-03-05 05:00:00,24,14,False,38
2020-03-05 06:00:00,22,13,False,35
2020-03-05 07:00:00,21,14,False,35
2020-03-05 08:00:00,21,13,False,34
2020-03-05 09:00:00,19,12,False,31
2020-03-05 10:00:00,19,14,False,33
2020-03-05 11:00:00,19,14,False,33
2020-03-05 12:00:00,19,14,False,33
2020-03-05 13:00:00,19,13,False,32
2020-03-05 14:00:00,20,13,False,33
2020-03-05 15:00:00,20,13,False,33
2020-03-05 16:00:00,22,14,False,36
2020-03-05 17:00:00,23,14,False,37
2020-03-05 18:00:00,22,15,False,37
2020-03-05 19:00:00,24,15,False,39
2020-03-05 20:00:00,24,17,False,41
2020-03-05 21:00:00,24,18,False,42
2020-03-05 22:00:00,23,17,False,40
2020-03-05 23:00:00,23,16,False,39
2020-03-06 00:00:00,23,15,False,38
2020-03-06 01:00:00,24,14,False,38
2020-03-06 02:00:00,23,15,False,38
2020-03-06 03:00:00,25,15,False,40
2020-03-06 04:00:00,24,15,False,39
2020-03-06 05:00:00,25,15,False,40
2020-03-06 06:00:00,22,15,False,37
2020-03-06 07:00:00,23,14,False,37
2020-03-06 08:00:00,20,13,False,33
2020-03-06 09:00:00,20,14,False,34
2020-03-06 10:00:00,20,13,False,33
2020-03-06 11:00:00,20,13,False,33
2020-03-06 12:00:00,19,13,False,32
2020-03-06 13:00:00,19,12,False,31
2020-03-06 14:00:00,21,13,False,34
2020-03-06 15:00:00,21,13,False,34
2020-03-06 16:00:00,21,14,False,35
2020-03-06 17:00:00,22,13,False,35
2020-03-06 18:00:00,20,13,False,33
2020-03-06 19:00:00,22,15,False,37
2020-03-06 20:00:00,21,15,False,36
2020-03-06 21:00:00,23,15,False,38
2020-03-06 22:00:00,22,17,False,39
2020-03-06 23:00:00,23,16,False,39
2020-03-07 00:00:00,21,16,False,37
2020-03-07 01:00:00,21,15,False,36
2020-03-07 02:00:00,22,14,False,36
2020-03-07 03:00:00,23,15,False,38
2020-03-07 04:00:00,23,15,False,38
2020-03-07 05:00:00,22,13,False,35
2020-03-07 06:00:00,20,14,False,34
2020-03-07 07:00:00,19,13,False,32
2020-03-07 08:00:00,19,12,False,31
2020-03-07 09:00:00,16,12,False,28
2020-03-07 10:00:00,16,12,False,28
2020-03-07 11:00:00,15,11,False,26
2020-03-07 12:00:00,19,11,False,30
2020-03-07 13:00:00,18,12,False,30
2020-03-07 14:00:00,19,12,False,31
2020-03-07 15:00:00,18,12,False,30
2020-03-07 16:00:00,20,12,False,32
2020-03-07 17:00:00,20,12,False,32
2020-03-07 18:00:00,19,11,False,30
2020-03-07 19:00:00,20,11,False,31
2020-03-07 20:00:00,20,13,False,33
2020-03-07 21:00:00,21,13,False,34
2020-03-07 22:00:00,22,13,False,35
2020-03-07 23:00:00,28,13,False,41
2020-03-08 00:00:00,35,14,False,49
2020-03-08 01:00:00,42,15,False,57
2020-03-08 02:00:00,55,13,False,68
2020-03-08 03:00:00,74,13,False,87
2020-03-08 04:00:00,100,13,False,113
2020-03-08 05:00:00,73,12,False,85
2020-03-08 06:00:00,33,13,False,46
2020-03-08 07:00:00,18,12,False,30
2020-03-08 08:00:00,17,12,False,29
2020-03-08 09:00:00,16,12,False,28
2020-03-08 10:00:00,15,10,False,25
2020-03-08 11:00:00,15,11,False,26
2020-03-08 12:00:00,16,11,False,27
2020-03-08 13:00:00,16,12,False,28
2020-03-08 14:00:00,19,12,False,31
2020-03-08 15:00:00,19,15,False,34
2020-03-08 16:00:00,25,19,False,44
2020-03-08 17:00:00,23,16,False,39
2020-03-08 18:00:00,20,15,False,35
2020-03-08 19:00:00,24,16,False,40
2020-03-08 20:00:00,24,16,False,40
2020-03-08 21:00:00,26,17,False,43
2020-03-08 22:00:00,24,20,False,44
2020-03-08 23:00:00,22,21,False,43
2020-03-09 00:00:00,24,21,False,45
2020-03-09 01:00:00,22,19,False,41
2020-03-09 02:00:00,24,18,False,42
2020-03-09 03:00:00,22,19,False,41
2020-03-09 04:00:00,24,21,False,45
2020-03-09 05:00:00,25,21,False,46
2020-03-09 06:00:00,24,19,False,43
2020-03-09 07:00:00,22,17,False,39
2020-03-09 08:00:00,23,17,False,40
2020-03-09 09:00:00,21,16,False,37
2020-03-09 10:00:00,22,18,False,40
2020-03-09 11:00:00,21,18,False,39
2020-03-09 12:00:00,20,17,False,37
2020-03-09 13:00:00,21,18,False,39
2020-03-09 14:00:00,23,19,False,42
2020-03-09 15:00:00,24,20,False,44
2020-03-09 16:00:00,23,19,False,42
2020-03-09 17:00:00,22,19,False,41
2020-03-09 18:00:00,24,19,False,43
2020-03-09 19:00:00,24,19,False,43
2020-03-09 20:00:00,24,20,False,44
2020-03-09 21:00:00,25,19,False,44
2020-03-09 22:00:00,24,24,False,48
2020-03-09 23:00:00,25,22,False,47
2020-03-10 00:00:00,23,20,False,43
2020-03-10 01:00:00,22,20,False,42
2020-03-10 02:00:00,22,19,False,41
2020-03-10 03:00:00,22,19,False,41
2020-03-10 04:00:00,21,17,False,38
2020-03-10 05:00:00,25,18,False,43
2020-03-10 06:00:00,22,16,False,38
2020-03-10 07:00:00,20,14,False,34
2020-03-10 08:00:00,21,14,False,35
2020-03-10 09:00:00,20,14,False,34
2020-03-10 10:00:00,20,14,False,34
2020-03-10 11:00:00,19,15,False,34
2020-03-10 12:00:00,19,15,False,34
2020-03-10 13:00:00,19,14,False,33
2020-03-10 14:00:00,21,14,False,35
2020-03-10 15:00:00,21,14,False,35
2020-03-10 16:00:00,21,14,False,35
2020-03-10 17:00:00,20,13,False,33
2020-03-10 18:00:00,21,14,False,35
2020-03-10 19:00:00,22,15,False,37
2020-03-10 20:00:00,25,16,False,41
2020-03-10 21:00:00,23,15,False,38
2020-03-10 22:00:00,22,17,False,39
2020-03-10 23:00:00,21,16,False,37
2020-03-11 00:00:00,21,15,False,36
2020-03-11 00:00:00,43,31,False,74
2020-03-11 01:00:00,41,31,False,72
2020-03-11 02:00:00,45,28,False,73
2020-03-11 03:00:00,43,32,False,75
2020-03-11 04:00:00,40,28,False,68
2020-03-11 05:00:00,43,26,False,69
2020-03-11 06:00:00,37,26,False,63
2020-03-11 07:00:00,39,26,False,65
2020-03-11 08:00:00,39,25,False,64
2020-03-11 09:00:00,36,23,False,59
2020-03-11 10:00:00,38,24,False,62
2020-03-11 11:00:00,37,26,False,63
2020-03-11 12:00:00,36,24,False,60
2020-03-11 13:00:00,38,25,False,63
2020-03-11 14:00:00,38,24,False,62
2020-03-11 15:00:00,39,25,False,64
2020-03-11 16:00:00,40,26,False,66
2020-03-11 17:00:00,38,25,False,63
2020-03-11 18:00:00,41,29,False,70
2020-03-11 19:00:00,48,29,False,77
2020-03-11 20:00:00,49,28,False,77
2020-03-11 21:00:00,49,30,False,79
2020-03-11 22:00:00,44,27,False,71
2020-03-11 23:00:00,44,30,False,74
2020-03-12 00:00:00,43,32,False,75
2020-03-12 01:00:00,36,28,False,64
2020-03-12 02:00:00,41,30,False,71
2020-03-12 03:00:00,40,33,False,73
2020-03-12 04:00:00,44,40,False,84
2020-03-12 05:00:00,44,32,False,76
2020-03-12 06:00:00,43,33,False,76
2020-03-12 07:00:00,41,35,False,76
2020-03-12 08:00:00,42,35,False,77
2020-03-12 09:00:00,41,32,False,73
2020-03-12 10:00:00,47,45,False,92
2020-03-12 11:00:00,58,67,False,125
2020-03-12 12:00:00,55,64,False,119
2020-03-12 13:00:00,54,59,False,113
2020-03-12 14:00:00,54,57,False,111
2020-03-12 15:00:00,50,51,False,101
2020-03-12 16:00:00,53,49,False,102
2020-03-12 17:00:00,53,46,False,99
2020-03-12 18:00:00,53,49,False,102
2020-03-12 19:00:00,53,50,False,103
2020-03-12 20:00:00,57,59,False,116
2020-03-12 21:00:00,59,61,False,120
2020-03-12 22:00:00,61,59,False,120
2020-03-12 23:00:00,63,81,False,144
2020-03-13 00:00:00,62,85,False,147
2020-03-13 01:00:00,59,81,False,140
2020-03-13 02:00:00,63,100,False,163
2020-03-13 03:00:00,59,77,False,136
2020-03-13 04:00:00,60,67,False,127
2020-03-13 05:00:00,64,67,False,131
2020-03-13 06:00:00,58,60,False,118
2020-03-13 07:00:00,55,52,False,107
2020-03-13 08:00:00,55,47,False,102
2020-03-13 09:00:00,49,44,False,93
2020-03-13 10:00:00,50,45,False,95
2020-03-13 11:00:00,49,44,False,93
2020-03-13 12:00:00,47,43,False,90
2020-03-13 13:00:00,44,40,False,84
2020-03-13 14:00:00,46,43,False,89
2020-03-13 15:00:00,49,45,False,94
2020-03-13 16:00:00,49,41,False,90
2020-03-13 17:00:00,48,41,False,89
2020-03-13 18:00:00,49,42,False,91
2020-03-13 19:00:00,50,46,False,96
2020-03-13 20:00:00,53,47,False,100
2020-03-13 21:00:00,53,50,False,103
2020-03-13 22:00:00,51,48,False,99
2020-03-13 23:00:00,52,49,False,101
2020-03-14 00:00:00,49,47,False,96
2020-03-14 01:00:00,49,45,False,94
2020-03-14 02:00:00,46,43,False,89
2020-03-14 03:00:00,48,44,False,92
2020-03-14 04:00:00,47,38,False,85
2020-03-14 05:00:00,49,37,False,86
2020-03-14 06:00:00,47,37,False,84
2020-03-14 07:00:00,45,38,False,83
2020-03-14 08:00:00,42,35,False,77
2020-03-14 09:00:00,43,31,False,74
2020-03-14 10:00:00,40,33,False,73
2020-03-14 11:00:00,39,30,False,69
2020-03-14 12:00:00,40,31,False,71
2020-03-14 13:00:00,40,33,False,73
2020-03-14 14:00:00,42,38,False,80
2020-03-14 15:00:00,42,33,False,75
2020-03-14 16:00:00,43,33,False,76
2020-03-14 17:00:00,41,32,False,73
2020-03-14 18:00:00,45,33,False,78
2020-03-14 19:00:00,48,34,False,82
2020-03-14 20:00:00,52,35,False,87
2020-03-14 21:00:00,54,36,False,90
2020-03-14 22:00:00,57,40,False,97
2020-03-14 23:00:00,60,43,False,103
2020-03-15 00:00:00,75,41,False,116
2020-03-15 01:00:00,50,43,False,93
2020-03-15 02:00:00,47,39,False,86
2020-03-15 03:00:00,46,36,False,82
2020-03-15 04:00:00,39,37,False,76
2020-03-15 05:00:00,40,33,False,73
2020-03-15 06:00:00,40,34,False,74
2020-03-15 07:00:00,40,33,False,73
2020-03-15 08:00:00,37,28,False,65
2020-03-15 09:00:00,39,28,False,67
2020-03-15 10:00:00,38,27,False,65
2020-03-15 11:00:00,37,29,False,66
2020-03-15 12:00:00,38,31,False,69
2020-03-15 13:00:00,39,31,False,70
2020-03-15 14:00:00,36,30,False,66
2020-03-15 15:00:00,38,28,False,66
2020-03-15 16:00:00,39,28,False,67
2020-03-15 17:00:00,39,29,False,68
2020-03-15 18:00:00,39,29,False,68
2020-03-15 19:00:00,39,29,False,68
2020-03-15 20:00:00,41,32,False,73
2020-03-15 21:00:00,47,40,False,87
2020-03-15 22:00:00,47,42,False,89
2020-03-15 23:00:00,45,38,False,83
2020-03-16 00:00:00,45,39,False,84
2020-03-16 01:00:00,42,35,False,77
2020-03-16 02:00:00,40,36,False,76
2020-03-16 03:00:00,42,34,False,76
2020-03-16 04:00:00,41,31,False,72
2020-03-16 05:00:00,39,35,False,74
2020-03-16 06:00:00,43,35,False,78
2020-03-16 07:00:00,37,35,False,72
2020-03-16 08:00:00,41,34,False,75
2020-03-16 09:00:00,40,31,False,71
2020-03-16 10:00:00,44,41,False,85
2020-03-16 11:00:00,42,40,False,82
2020-03-16 12:00:00,42,35,False,77
2020-03-16 13:00:00,42,39,False,81
2020-03-16 14:00:00,43,39,False,82
2020-03-16 15:00:00,44,36,False,80
2020-03-16 16:00:00,44,34,False,78
2020-03-16 17:00:00,44,35,False,79
2020-03-16 18:00:00,45,36,False,81
2020-03-16 19:00:00,45,39,False,84
2020-03-16 20:00:00,50,42,False,92
2020-03-16 21:00:00,52,44,False,96
2020-03-16 22:00:00,47,43,False,90
2020-03-16 23:00:00,47,43,False,90
2020-03-17 00:00:00,48,43,False,91
2020-03-17 01:00:00,43,43,False,86
2020-03-17 02:00:00,46,39,False,85
2020-03-17 03:00:00,41,37,False,78
2020-03-17 04:00:00,42,37,False,79
2020-03-17 05:00:00,44,38,False,82
2020-03-17 06:00:00,41,34,False,75
2020-03-17 07:00:00,38,31,False,69
2020-03-17 08:00:00,40,28,False,68
2020-03-17 09:00:00,36,28,False,64
2020-03-17 10:00:00,36,30,False,66
2020-03-17 11:00:00,38,33,False,71
2020-03-17 12:00:00,37,31,False,68
2020-03-17 13:00:00,36,31,False,67
2020-03-17 14:00:00,38,29,False,67
2020-03-17 15:00:00,41,30,False,71
2020-03-17 16:00:00,39,32,False,71
2020-03-17 17:00:00,40,32,False,72
2020-03-17 18:00:00,40,35,False,75
2020-03-17 19:00:00,42,34,False,76
2020-03-17 20:00:00,44,35,False,79
2020-03-17 21:00:00,44,38,False,82
2020-03-17 22:00:00,44,38,False,82
2020-03-17 23:00:00,43,36,False,79
2020-03-18 00:00:00,41,36,False,77
2020-03-18 00:00:00,80,70,False,150
2020-03-18 01:00:00,81,71,False,152
2020-03-18 02:00:00,81,66,False,147
2020-03-18 03:00:00,78,66,False,144
2020-03-18 04:00:00,80,60,False,140
2020-03-18 05:00:00,77,59,False,136
2020-03-18 06:00:00,82,52,False,134
2020-03-18 07:00:00,74,55,False,129
2020-03-18 08:00:00,73,52,False,125
2020-03-18 09:00:00,68,49,False,117
2020-03-18 10:00:00,69,46,False,115
2020-03-18 11:00:00,67,52,False,119
2020-03-18 12:00:00,66,53,False,119
2020-03-18 13:00:00,72,54,False,126
2020-03-18 14:00:00,71,58,False,129
2020-03-18 15:00:00,76,56,False,132
2020-03-18 16:00:00,73,54,False,127
2020-03-18 17:00:00,76,62,False,138
2020-03-18 18:00:00,75,64,False,139
2020-03-18 19:00:00,76,63,False,139
2020-03-18 20:00:00,85,70,False,155
2020-03-18 21:00:00,90,75,False,165
2020-03-18 22:00:00,81,73,False,154
2020-03-18 23:00:00,81,73,False,154
2020-03-19 00:00:00,84,76,False,160
2020-03-19 01:00:00,85,65,False,150
2020-03-19 02:00:00,85,73,False,158
2020-03-19 03:00:00,79,68,False,147
2020-03-19 04:00:00,80,61,False,141
2020-03-19 05:00:00,72,62,False,134
2020-03-19 06:00:00,84,57,False,141
2020-03-19 07:00:00,79,55,False,134
2020-03-19 08:00:00,69,49,False,118
2020-03-19 09:00:00,70,52,False,122
2020-03-19 10:00:00,70,58,False,128
2020-03-19 11:00:00,70,55,False,125
2020-03-19 12:00:00,76,64,False,140
2020-03-19 13:00:00,75,63,False,138
2020-03-19 14:00:00,77,65,False,142
2020-03-19 15:00:00,74,61,False,135
2020-03-19 16:00:00,82,74,False,156
2020-03-19 17:00:00,84,77,False,161
2020-03-19 18:00:00,88,78,False,166
2020-03-19 19:00:00,87,73,False,160
2020-03-19 20:00:00,94,76,False,170
2020-03-19 21:00:00,91,80,False,171
2020-03-19 22:00:00,96,90,False,186
2020-03-19 23:00:00,95,86,False,181
2020-03-20 00:00:00,88,76,False,164
2020-03-20 01:00:00,80,70,False,150
2020-03-20 02:00:00,79,66,False,145
2020-03-20 03:00:00,70,70,False,140
2020-03-20 04:00:00,73,72,False,145
2020-03-20 05:00:00,88,66,False,154
2020-03-20 06:00:00,76,63,False,139
2020-03-20 07:00:00,78,59,False,137
2020-03-20 08:00:00,78,64,False,142
2020-03-20 09:00:00,83,68,False,151
2020-03-20 10:00:00,82,70,False,152
2020-03-20 11:00:00,75,68,False,143
2020-03-20 12:00:00,78,65,False,143
2020-03-20 13:00:00,77,64,False,141
2020-03-20 14:00:00,75,63,False,138
2020-03-20 15:00:00,80,62,False,142
2020-03-20 16:00:00,75,60,False,135
2020-03-20 17:00:00,77,62,False,139
2020-03-20 18:00:00,74,59,False,133
2020-03-20 19:00:00,80,58,False,138
2020-03-20 20:00:00,85,68,False,153
2020-03-20 21:00:00,89,65,False,154
2020-03-20 22:00:00,85,70,False,155
2020-03-20 23:00:00,83,72,False,155
2020-03-21 00:00:00,78,67,False,145
2020-03-21 01:00:00,75,64,False,139
2020-03-21 02:00:00,82,65,False,147
2020-03-21 03:00:00,75,64,False,139
2020-03-21 04:00:00,71,60,False,131
2020-03-21 05:00:00,70,55,False,125
2020-03-21 06:00:00,75,58,False,133
2020-03-21 07:00:00,73,56,False,129
2020-03-21 08:00:00,72,49,False,121
2020-03-21 09:00:00,71,48,False,119
2020-03-21 10:00:00,67,49,False,116
2020-03-21 11:00:00,61,48,False,109
2020-03-21 12:00:00,64,47,False,111
2020-03-21 13:00:00,69,51,False,120
2020-03-21 14:00:00,69,49,False,118
2020-03-21 15:00:00,75,49,False,124
2020-03-21 16:00:00,70,48,False,118
2020-03-21 17:00:00,70,49,False,119
2020-03-21 18:00:00,71,52,False,123
2020-03-21 19:00:00,75,54,False,129
2020-03-21 20:00:00,76,57,False,133
2020-03-21 21:00:00,81,62,False,143
2020-03-21 22:00:00,83,65,False,148
2020-03-21 23:00:00,79,57,False,136
2020-03-22 00:00:00,76,60,False,136
2020-03-22 01:00:00,76,64,False,140
2020-03-22 02:00:00,73,55,False,128
2020-03-22 03:00:00,68,58,False,126
2020-03-22 04:00:00,71,55,False,126
2020-03-22 05:00:00,69,54,False,123
2020-03-22 06:00:00,66,55,False,121
2020-03-22 07:00:00,68,51,False,119
2020-03-22 08:00:00,65,44,False,109
2020-03-22 09:00:00,64,48,False,112
2020-03-22 10:00:00,65,51,False,116
2020-03-22 11:00:00,60,48,False,108
2020-03-22 12:00:00,66,48,False,114
2020-03-22 13:00:00,63,49,False,112
2020-03-22 14:00:00,64,48,False,112
2020-03-22 15:00:00,72,51,False,123
2020-03-22 16:00:00,64,49,False,113
2020-03-22 17:00:00,68,52,False,120
2020-03-22 18:00:00,69,50,False,119
2020-03-22 19:00:00,74,53,False,127
2020-03-22 20:00:00,76,55,False,131
2020-03-22 21:00:00,75,61,False,136
2020-03-22 22:00:00,79,63,False,142
2020-03-22 23:00:00,81,64,False,145
2020-03-23 00:00:00,76,62,False,138
2020-03-23 01:00:00,77,61,False,138
2020-03-23 02:00:00,76,64,False,140
2020-03-23 03:00:00,71,61,False,132
2020-03-23 04:00:00,72,57,False,129
2020-03-23 05:00:00,78,59,False,137
2020-03-23 06:00:00,65,53,False,118
2020-03-23 07:00:00,64,50,False,114
2020-03-23 08:00:00,68,43,False,111
2020-03-23 09:00:00,67,48,False,115
2020-03-23 10:00:00,67,41,False,108
2020-03-23 11:00:00,64,45,False,109
2020-03-23 12:00:00,67,48,False,115
2020-03-23 13:00:00,67,51,False,118
2020-03-23 14:00:00,74,52,False,126
2020-03-23 15:00:00,72,48,False,120
2020-03-23 16:00:00,72,48,False,120
2020-03-23 17:00:00,74,51,False,125
2020-03-23 18:00:00,72,52,False,124
2020-03-23 19:00:00,73,53,False,126
2020-03-23 20:00:00,79,52,False,131
2020-03-23 21:00:00,85,62,False,147
2020-03-23 22:00:00,76,65,False,141
2020-03-23 23:00:00,85,63,False,148
2020-03-24 00:00:00,83,78,False,161
2020-03-24 01:00:00,80,64,False,144
2020-03-24 02:00:00,77,67,False,144
2020-03-24 03:00:00,75,64,False,139
2020-03-24 04:00:00,73,69,False,142
2020-03-24 05:00:00,85,73,False,158
2020-03-24 06:00:00,78,57,False,135
2020-03-24 07:00:00,70,57,False,127
2020-03-24 08:00:00,69,57,False,126
2020-03-24 09:00:00,65,53,False,118
2020-03-24 10:00:00,67,58,False,125
2020-03-24 11:00:00,69,57,False,126
2020-03-24 12:00:00,71,53,False,124
2020-03-24 13:00:00,68,62,False,130
2020-03-24 14:00:00,71,62,False,133
2020-03-24 15:00:00,77,61,False,138
2020-03-24 16:00:00,78,63,False,141
2020-03-24 17:00:00,78,62,False,140
2020-03-24 18:00:00,77,61,False,138
2020-03-24 19:00:00,81,68,False,149
2020-03-24 20:00:00,89,72,False,161
2020-03-24 21:00:00,91,79,False,170
2020-03-24 22:00:00,92,74,False,166
2020-03-24 23:00:00,83,80,False,163
2020-03-25 00:00:00,100,76,False,176
2020-03-25 00:00:00,71,54,False,125
2020-03-25 01:00:00,55,50,False,105
2020-03-25 02:00:00,59,51,False,110
2020-03-25 03:00:00,51,44,False,95
2020-03-25 04:00:00,54,41,False,95
2020-03-25 05:00:00,52,40,False,92
2020-03-25 06:00:00,51,42,False,93
2020-03-25 07:00:00,49,39,False,88
2020-03-25 08:00:00,48,34,False,82
2020-03-25 09:00:00,51,35,False,86
2020-03-25 10:00:00,46,36,False,82
2020-03-25 11:00:00,43,35,False,78
2020-03-25 12:00:00,47,36,False,83
2020-03-25 13:00:00,45,37,False,82
2020-03-25 14:00:00,50,35,False,85
2020-03-25 15:00:00,52,38,False,90
2020-03-25 16:00:00,55,41,False,96
2020-03-25 17:00:00,52,37,False,89
2020-03-25 18:00:00,51,39,False,90
2020-03-25 19:00:00,53,40,False,93
2020-03-25 20:00:00,57,43,False,100
2020-03-25 21:00:00,58,45,False,103
2020-03-25 22:00:00,60,47,False,107
2020-03-25 23:00:00,53,48,False,101
2020-03-26 00:00:00,60,48,False,108
2020-03-26 01:00:00,57,48,False,105
2020-03-26 02:00:00,50,44,False,94
2020-03-26 03:00:00,58,51,False,109
2020-03-26 04:00:00,55,47,False,102
2020-03-26 05:00:00,51,41,False,92
2020-03-26 06:00:00,50,40,False,90
2020-03-26 07:00:00,48,34,False,82
2020-03-26 08:00:00,45,31,False,76
2020-03-26 09:00:00,46,33,False,79
2020-03-26 10:00:00,45,32,False,77
2020-03-26 11:00:00,46,34,False,80
2020-03-26 12:00:00,47,34,False,81
2020-03-26 13:00:00,50,34,False,84
2020-03-26 14:00:00,50,35,False,85
2020-03-26 15:00:00,51,36,False,87
2020-03-26 16:00:00,49,39,False,88
2020-03-26 17:00:00,49,35,False,84
2020-03-26 18:00:00,56,39,False,95
2020-03-26 19:00:00,57,40,False,97
2020-03-26 20:00:00,56,46,False,102
2020-03-26 21:00:00,73,80,False,153
2020-03-26 22:00:00,68,71,False,139
2020-03-26 23:00:00,75,100,False,175
2020-03-27 00:00:00,70,84,False,154
2020-03-27 01:00:00,63,71,False,134
2020-03-27 02:00:00,60,63,False,123
2020-03-27 03:00:00,57,57,False,114
2020-03-27 04:00:00,57,53,False,110
2020-03-27 05:00:00,56,54,False,110
2020-03-27 06:00:00,56,62,False,118
2020-03-27 07:00:00,54,47,False,101
2020-03-27 08:00:00,51,40,False,91
2020-03-27 09:00:00,52,41,False,93
2020-03-27 10:00:00,49,39,False,88
2020-03-27 11:00:00,52,47,False,99
2020-03-27 12:00:00,52,47,False,99
2020-03-27 13:00:00,51,42,False,93
2020-03-27 14:00:00,54,43,False,97
2020-03-27 15:00:00,55,45,False,100
2020-03-27 16:00:00,53,45,False,98
2020-03-27 17:00:00,55,44,False,99
2020-03-27 18:00:00,55,50,False,105
2020-03-27 19:00:00,64,65,False,129
2020-03-27 20:00:00,72,73,False,145
2020-03-27 21:00:00,74,79,False,153
2020-03-27 22:00:00,69,69,False,138
2020-03-27 23:00:00,61,68,False,129
2020-03-28 00:00:00,62,57,False,119
2020-03-28 01:00:00,59,55,False,114
2020-03-28 02:00:00,55,50,False,105
2020-03-28 03:00:00,58,49,False,107
2020-03-28 04:00:00,52,45,False,97
2020-03-28 05:00:00,50,44,False,94
2020-03-28 06:00:00,53,49,False,102
2020-03-28 07:00:00,55,47,False,102
2020-03-28 08:00:00,53,45,False,98
2020-03-28 09:00:00,48,40,False,88
2020-03-28 10:00:00,48,40,False,88
2020-03-28 11:00:00,47,37,False,84
2020-03-28 12:00:00,48,41,False,89
2020-03-28 13:00:00,51,35,False,86
2020-03-28 14:00:00,49,39,False,88
2020-03-28 15:00:00,53,40,False,93
2020-03-28 16:00:00,54,41,False,95
2020-03-28 17:00:00,54,45,False,99
2020-03-28 18:00:00,56,47,False,103
2020-03-28 19:00:00,57,45,False,102
2020-03-28 20:00:00,62,49,False,111
2020-03-28 21:00:00,67,50,False,117
2020-03-28 22:00:00,65,53,False,118
2020-03-28 23:00:00,58,51,False,109
2020-03-29 00:00:00,60,49,False,109
2020-03-29 01:00:00,54,47,False,101
2020-03-29 02:00:00,61,45,False,106
2020-03-29 03:00:00,55,46,False,101
2020-03-29 04:00:00,51,43,False,94
2020-03-29 05:00:00,55,47,False,102
2020-03-29 06:00:00,56,49,False,105
2020-03-29 07:00:00,54,47,False,101
2020-03-29 08:00:00,53,41,False,94
2020-03-29 09:00:00,54,40,False,94
2020-03-29 10:00:00,51,37,False,88
2020-03-29 11:00:00,50,37,False,87
2020-03-29 12:00:00,49,38,False,87
2020-03-29 13:00:00,54,39,False,93
2020-03-29 14:00:00,53,38,False,91
2020-03-29 15:00:00,52,39,False,91
2020-03-29 16:00:00,50,38,False,88
2020-03-29 17:00:00,52,37,False,89
2020-03-29 18:00:00,56,41,False,97
2020-03-29 19:00:00,58,47,False,105
2020-03-29 20:00:00,63,54,False,117
2020-03-29 21:00:00,61,55,False,116
2020-03-29 22:00:00,60,56,False,116
2020-03-29 23:00:00,56,54,False,110
2020-03-30 00:00:00,52,51,False,103
2020-03-30 01:00:00,56,48,False,104
2020-03-30 02:00:00,54,48,False,102
2020-03-30 03:00:00,52,49,False,101
2020-03-30 04:00:00,49,46,False,95
2020-03-30 05:00:00,47,47,False,94
2020-03-30 06:00:00,51,44,False,95
2020-03-30 07:00:00,44,38,False,82
2020-03-30 08:00:00,48,35,False,83
2020-03-30 09:00:00,47,38,False,85
2020-03-30 10:00:00,49,36,False,85
2020-03-30 11:00:00,50,38,False,88
2020-03-30 12:00:00,46,40,False,86
2020-03-30 13:00:00,47,36,False,83
2020-03-30 14:00:00,50,38,False,88
2020-03-30 15:00:00,51,39,False,90
2020-03-30 16:00:00,52,38,False,90
2020-03-30 17:00:00,51,41,False,92
2020-03-30 18:00:00,55,38,False,93
2020-03-30 19:00:00,56,45,False,101
2020-03-30 20:00:00,64,48,False,112
2020-03-30 21:00:00,58,54,False,112
2020-03-30 22:00:00,55,50,False,105
2020-03-30 23:00:00,55,46,False,101
2020-03-31 00:00:00,57,45,False,102
2020-03-31 01:00:00,57,46,False,103
2020-03-31 02:00:00,57,44,False,101
2020-03-31 03:00:00,54,41,False,95
2020-03-31 04:00:00,53,42,False,95
2020-03-31 05:00:00,56,43,False,99
2020-03-31 06:00:00,51,39,False,90
2020-03-31 07:00:00,48,33,False,81
2020-03-31 08:00:00,46,31,False,77
2020-03-31 09:00:00,47,30,False,77
2020-03-31 10:00:00,47,33,False,80
2020-03-31 11:00:00,49,35,False,84
2020-03-31 12:00:00,44,32,False,76
2020-03-31 13:00:00,47,32,False,79
2020-03-31 14:00:00,50,36,False,86
2020-03-31 15:00:00,55,39,False,94
2020-03-31 16:00:00,53,39,False,92
2020-03-31 17:00:00,52,40,False,92
2020-03-31 18:00:00,54,39,False,93
2020-03-31 19:00:00,55,43,False,98
2020-03-31 20:00:00,59,45,False,104
2020-03-31 21:00:00,59,48,False,107
2020-03-31 22:00:00,55,45,False,100
2020-03-31 23:00:00,54,46,False,100
2020-04-01 00:00:00,56,42,False,98
2020-04-01 00:00:00,72,55,False,127
2020-04-01 01:00:00,65,58,False,123
2020-04-01 02:00:00,67,55,False,122
2020-04-01 03:00:00,67,53,False,120
2020-04-01 04:00:00,66,49,False,115
2020-04-01 05:00:00,61,56,False,117
2020-04-01 06:00:00,66,46,False,112
2020-04-01 07:00:00,58,43,False,101
2020-04-01 08:00:00,61,41,False,102
2020-04-01 09:00:00,60,43,False,103
2020-04-01 10:00:00,64,45,False,109
2020-04-01 11:00:00,57,45,False,102
2020-04-01 12:00:00,60,45,False,105
2020-04-01 13:00:00,61,43,False,104
2020-04-01 14:00:00,63,43,False,106
2020-04-01 15:00:00,61,47,False,108
2020-04-01 16:00:00,67,44,False,111
2020-04-01 17:00:00,65,44,False,109
2020-04-01 18:00:00,70,49,False,119
2020-04-01 19:00:00,71,53,False,124
2020-04-01 20:00:00,76,51,False,127
2020-04-01 21:00:00,79,58,False,137
2020-04-01 22:00:00,76,58,False,134
2020-04-01 23:00:00,82,57,False,139
2020-04-02 00:00:00,74,64,False,138
2020-04-02 01:00:00,69,56,False,125
2020-04-02 02:00:00,75,57,False,132
2020-04-02 03:00:00,69,60,False,129
2020-04-02 04:00:00,69,55,False,124
2020-04-02 05:00:00,75,52,False,127
2020-04-02 06:00:00,67,48,False,115
2020-04-02 07:00:00,63,46,False,109
2020-04-02 08:00:00,65,47,False,112
2020-04-02 09:00:00,62,44,False,106
2020-04-02 10:00:00,62,47,False,109
2020-04-02 11:00:00,64,47,False,111
2020-04-02 12:00:00,64,46,False,110
2020-04-02 13:00:00,63,49,False,112
2020-04-02 14:00:00,65,46,False,111
2020-04-02 15:00:00,74,50,False,124
2020-04-02 16:00:00,75,57,False,132
2020-04-02 17:00:00,77,70,False,147
2020-04-02 18:00:00,75,64,False,139
2020-04-02 19:00:00,70,60,False,130
2020-04-02 20:00:00,80,61,False,141
2020-04-02 21:00:00,88,67,False,155
2020-04-02 22:00:00,83,70,False,153
2020-04-02 23:00:00,75,60,False,135
2020-04-03 00:00:00,75,62,False,137
2020-04-03 01:00:00,68,57,False,125
2020-04-03 02:00:00,72,59,False,131
2020-04-03 03:00:00,76,59,False,135
2020-04-03 04:00:00,72,54,False,126
2020-04-03 05:00:00,70,55,False,125
2020-04-03 06:00:00,67,48,False,115
2020-04-03 07:00:00,62,48,False,110
2020-04-03 08:00:00,64,43,False,107
2020-04-03 09:00:00,61,47,False,108
2020-04-03 10:00:00,67,52,False,119
2020-04-03 11:00:00,64,52,False,116
2020-04-03 12:00:00,67,47,False,114
2020-04-03 13:00:00,65,49,False,114
2020-04-03 14:00:00,63,47,False,110
2020-04-03 15:00:00,66,48,False,114
2020-04-03 16:00:00,65,46,False,111
2020-04-03 17:00:00,65,45,False,110
2020-04-03 18:00:00,66,45,False,111
2020-04-03 19:00:00,70,49,False,119
2020-04-03 20:00:00,73,52,False,125
2020-04-03 21:00:00,75,55,False,130
2020-04-03 22:00:00,76,53,False,129
2020-04-03 23:00:00,70,59,False,129
2020-04-04 00:00:00,72,53,False,125
2020-04-04 01:00:00,66,55,False,121
2020-04-04 02:00:00,67,56,False,123
2020-04-04 03:00:00,63,49,False,112
2020-04-04 04:00:00,60,51,False,111
2020-04-04 05:00:00,71,48,False,119
2020-04-04 06:00:00,70,47,False,117
2020-04-04 07:00:00,59,46,False,105
2020-04-04 08:00:00,60,44,False,104
2020-04-04 09:00:00,60,47,False,107
2020-04-04 10:00:00,61,48,False,109
2020-04-04 11:00:00,62,50,False,112
2020-04-04 12:00:00,61,45,False,106
2020-04-04 13:00:00,65,50,False,115
2020-04-04 14:00:00,63,46,False,109
2020-04-04 15:00:00,65,46,False,111
2020-04-04 16:00:00,71,49,False,120
2020-04-04 17:00:00,70,48,False,118
2020-04-04 18:00:00,71,49,False,120
2020-04-04 19:00:00,68,51,False,119
2020-04-04 20:00:00,76,53,False,129
2020-04-04 21:00:00,81,56,False,137
2020-04-04 22:00:00,82,61,False,143
2020-04-04 23:00:00,79,58,False,137
2020-04-05 00:00:00,79,59,False,138
2020-04-05 01:00:00,77,56,False,133
2020-04-05 02:00:00,73,60,False,133
2020-04-05 03:00:00,69,56,False,125
2020-04-05 04:00:00,61,51,False,112
2020-04-05 05:00:00,63,48,False,111
2020-04-05 06:00:00,66,50,False,116
2020-04-05 07:00:00,68,44,False,112
2020-04-05 08:00:00,60,38,False,98
2020-04-05 09:00:00,55,38,False,93
2020-04-05 10:00:00,65,41,False,106
2020-04-05 11:00:00,59,45,False,104
2020-04-05 12:00:00,59,44,False,103
2020-04-05 13:00:00,57,43,False,100
2020-04-05 14:00:00,63,44,False,107
2020-04-05 15:00:00,65,46,False,111
2020-04-05 16:00:00,64,41,False,105
2020-04-05 17:00:00,64,45,False,109
2020-04-05 18:00:00,70,43,False,113
2020-04-05 19:00:00,72,48,False,120
2020-04-05 20:00:00,70,54,False,124
2020-04-05 21:00:00,79,55,False,134
2020-04-05 22:00:00,76,56,False,132
2020-04-05 23:00:00,72,50,False,122
2020-04-06 00:00:00,76,54,False,130
2020-04-06 01:00:00,73,55,False,128
2020-04-06 02:00:00,72,52,False,124
2020-04-06 03:00:00,63,51,False,114
2020-04-06 04:00:00,69,51,False,120
2020-04-06 05:00:00,71,54,False,125
2020-04-06 06:00:00,73,55,False,128
2020-04-06 07:00:00,67,49,False,116
2020-04-06 08:00:00,69,49,False,118
2020-04-06 09:00:00,69,55,False,124
2020-04-06 10:00:00,71,58,False,129
2020-04-06 11:00:00,68,56,False,124
2020-04-06 12:00:00,64,53,False,117
2020-04-06 13:00:00,67,54,False,121
2020-04-06 14:00:00,70,59,False,129
2020-04-06 15:00:00,75,56,False,131
2020-04-06 16:00:00,76,65,False,141
2020-04-06 17:00:00,80,68,False,148
2020-04-06 18:00:00,83,67,False,150
2020-04-06 19:00:00,82,72,False,154
2020-04-06 20:00:00,88,74,False,162
2020-04-06 21:00:00,86,77,False,163
2020-04-06 22:00:00,84,80,False,164
2020-04-06 23:00:00,80,80,False,160
2020-04-07 00:00:00,87,100,False,187
2020-04-07 01:00:00,83,93,False,176
2020-04-07 02:00:00,85,72,False,157
2020-04-07 03:00:00,75,73,False,148
2020-04-07 04:00:00,78,61,False,139
2020-04-07 05:00:00,78,67,False,145
2020-04-07 06:00:00,78,58,False,136
2020-04-07 07:00:00,76,59,False,135
2020-04-07 08:00:00,77,61,False,138
2020-04-07 09:00:00,67,56,False,123
2020-04-07 10:00:00,83,64,False,147
2020-04-07 11:00:00,78,69,False,147
2020-04-07 12:00:00,76,62,False,138
2020-04-07 13:00:00,73,57,False,130
2020-04-07 14:00:00,71,57,False,128
2020-04-07 15:00:00,71,55,False,126
2020-04-07 16:00:00,75,59,False,134
2020-04-07 17:00:00,77,58,False,135
2020-04-07 18:00:00,74,53,False,127
2020-04-07 19:00:00,77,58,False,135
2020-04-07 20:00:00,78,65,False,143
2020-04-07 21:00:00,89,61,False,150
2020-04-07 22:00:00,78,62,False,140
2020-04-07 23:00:00,78,64,False,142
2020-04-08 00:00:00,81,54,False,135
2020-04-08 00:00:00,87,59,False,146
2020-04-08 01:00:00,83,62,False,145
2020-04-08 02:00:00,78,57,False,135
2020-04-08 03:00:00,80,63,False,143
2020-04-08 04:00:00,79,67,False,146
2020-04-08 05:00:00,80,68,False,148
2020-04-08 06:00:00,86,62,False,148
2020-04-08 07:00:00,71,54,False,125
2020-04-08 08:00:00,69,50,False,119
2020-04-08 09:00:00,72,47,False,119
2020-04-08 10:00:00,69,53,False,122
2020-04-08 11:00:00,70,50,False,120
2020-04-08 12:00:00,73,53,False,126
2020-04-08 13:00:00,71,54,False,125
2020-04-08 14:00:00,76,56,False,132
2020-04-08 15:00:00,74,55,False,129
2020-04-08 16:00:00,81,61,False,142
2020-04-08 17:00:00,80,56,False,136
2020-04-08 18:00:00,89,58,False,147
2020-04-08 19:00:00,83,64,False,147
2020-04-08 20:00:00,91,73,False,164
2020-04-08 21:00:00,98,79,False,177
2020-04-08 22:00:00,98,77,False,175
2020-04-08 23:00:00,93,75,False,168
2020-04-09 00:00:00,100,78,False,178
2020-04-09 01:00:00,91,72,False,163
2020-04-09 02:00:00,83,69,False,152
2020-04-09 03:00:00,83,66,False,149
2020-04-09 04:00:00,79,65,False,144
2020-04-09 05:00:00,79,59,False,138
2020-04-09 06:00:00,80,54,False,134
2020-04-09 07:00:00,84,56,False,140
2020-04-09 08:00:00,79,51,False,130
2020-04-09 09:00:00,71,50,False,121
2020-04-09 10:00:00,81,52,False,133
2020-04-09 11:00:00,72,55,False,127
2020-04-09 12:00:00,77,54,False,131
2020-04-09 13:00:00,74,57,False,131
2020-04-09 14:00:00,77,56,False,133
2020-04-09 15:00:00,86,58,False,144
2020-04-09 16:00:00,86,57,False,143
2020-04-09 17:00:00,83,59,False,142
2020-04-09 18:00:00,86,60,False,146
2020-04-09 19:00:00,93,63,False,156
2020-04-09 20:00:00,92,68,False,160
2020-04-09 21:00:00,89,73,False,162
2020-04-09 22:00:00,91,72,False,163
2020-04-09 23:00:00,91,73,False,164
2020-04-10 00:00:00,89,71,False,160
2020-04-10 01:00:00,84,66,False,150
2020-04-10 02:00:00,87,63,False,150
2020-04-10 03:00:00,77,63,False,140
2020-04-10 04:00:00,75,60,False,135
2020-04-10 05:00:00,80,64,False,144
2020-04-10 06:00:00,79,68,False,147
2020-04-10 07:00:00,77,62,False,139
2020-04-10 08:00:00,74,57,False,131
2020-04-10 09:00:00,71,56,False,127
2020-04-10 10:00:00,78,56,False,134
2020-04-10 11:00:00,77,58,False,135
2020-04-10 12:00:00,70,58,False,128
2020-04-10 13:00:00,74,56,False,130
2020-04-10 14:00:00,72,60,False,132
2020-04-10 15:00:00,77,63,False,140
2020-04-10 16:00:00,75,60,False,135
2020-04-10 17:00:00,78,56,False,134
2020-04-10 18:00:00,75,61,False,136
2020-04-10 19:00:00,80,61,False,141
2020-04-10 20:00:00,85,64,False,149
2020-04-10 21:00:00,84,66,False,150
2020-04-10 22:00:00,85,68,False,153
2020-04-10 23:00:00,85,71,False,156
2020-04-11 00:00:00,83,62,False,145
2020-04-11 01:00:00,86,60,False,146
2020-04-11 02:00:00,80,61,False,141
2020-04-11 03:00:00,80,64,False,144
2020-04-11 04:00:00,77,61,False,138
2020-04-11 05:00:00,79,54,False,133
2020-04-11 06:00:00,77,57,False,134
2020-04-11 07:00:00,74,53,False,127
2020-04-11 08:00:00,66,45,False,111
2020-04-11 09:00:00,65,47,False,112
2020-04-11 10:00:00,71,53,False,124
2020-04-11 11:00:00,65,47,False,112
2020-04-11 12:00:00,68,46,False,114
2020-04-11 13:00:00,69,50,False,119
2020-04-11 14:00:00,69,52,False,121
2020-04-11 15:00:00,73,52,False,125
2020-04-11 16:00:00,72,50,False,122
2020-04-11 17:00:00,76,50,False,126
2020-04-11 18:00:00,73,51,False,124
2020-04-11 19:00:00,76,53,False,129
2020-04-11 20:00:00,81,58,False,139
2020-04-11 21:00:00,85,57,False,142
2020-04-11 22:00:00,78,62,False,140
2020-04-11 23:00:00,80,64,False,144
2020-04-12 00:00:00,74,59,False,133
2020-04-12 01:00:00,82,60,False,142
2020-04-12 02:00:00,81,58,False,139
2020-04-12 03:00:00,77,61,False,138
2020-04-12 04:00:00,75,53,False,128
2020-04-12 05:00:00,79,52,False,131
2020-04-12 06:00:00,77,51,False,128
2020-04-12 07:00:00,70,50,False,120
2020-04-12 08:00:00,67,45,False,112
2020-04-12 09:00:00,65,49,False,114
2020-04-12 10:00:00,71,54,False,125
2020-04-12 11:00:00,70,51,False,121
2020-04-12 12:00:00,73,47,False,120
2020-04-12 13:00:00,67,54,False,121
2020-04-12 14:00:00,72,53,False,125
2020-04-12 15:00:00,78,54,False,132
2020-04-12 16:00:00,71,57,False,128
2020-04-12 17:00:00,77,57,False,134
2020-04-12 18:00:00,77,61,False,138
2020-04-12 19:00:00,79,58,False,137
2020-04-12 20:00:00,85,66,False,151
2020-04-12 21:00:00,88,64,False,152
2020-04-12 22:00:00,87,67,False,154
2020-04-12 23:00:00,80,67,False,147
2020-04-13 00:00:00,77,73,False,150
2020-04-13 01:00:00,80,63,False,143
2020-04-13 02:00:00,78,61,False,139
2020-04-13 03:00:00,76,62,False,138
2020-04-13 04:00:00,70,59,False,129
2020-04-13 05:00:00,69,57,False,126
2020-04-13 06:00:00,77,53,False,130
2020-04-13 07:00:00,76,54,False,130
2020-04-13 08:00:00,74,47,False,121
2020-04-13 09:00:00,73,51,False,124
2020-04-13 10:00:00,76,48,False,124
2020-04-13 11:00:00,65,46,False,111
2020-04-13 12:00:00,70,50,False,120
2020-04-13 13:00:00,66,51,False,117
2020-04-13 14:00:00,74,51,False,125
2020-04-13 15:00:00,73,50,False,123
2020-04-13 16:00:00,68,51,False,119
2020-04-13 17:00:00,75,50,False,125
2020-04-13 18:00:00,78,56,False,134
2020-04-13 19:00:00,77,57,False,134
2020-04-13 20:00:00,86,66,False,152
2020-04-13 21:00:00,85,66,False,151
2020-04-13 22:00:00,80,68,False,148
2020-04-13 23:00:00,80,66,False,146
2020-04-14 00:00:00,86,61,False,147
2020-04-14 01:00:00,79,62,False,141
2020-04-14 02:00:00,76,60,False,136
2020-04-14 03:00:00,73,62,False,135
2020-04-14 04:00:00,79,57,False,136
2020-04-14 05:00:00,78,58,False,136
2020-04-14 06:00:00,76,52,False,128
2020-04-14 07:00:00,67,47,False,114
2020-04-14 08:00:00,69,46,False,115
2020-04-14 09:00:00,68,45,False,113
2020-04-14 10:00:00,66,45,False,111
2020-04-14 11:00:00,65,48,False,113
2020-04-14 12:00:00,69,50,False,119
2020-04-14 13:00:00,72,48,False,120
2020-04-14 14:00:00,73,51,False,124
2020-04-14 15:00:00,73,46,False,119
2020-04-14 16:00:00,70,49,False,119
2020-04-14 17:00:00,74,51,False,125
2020-04-14 18:00:00,76,56,False,132
2020-04-14 19:00:00,85,57,False,142
2020-04-14 20:00:00,84,61,False,145
2020-04-14 21:00:00,85,63,False,148
2020-04-14 22:00:00,81,64,False,145
2020-04-14 23:00:00,80,63,False,143
2020-04-15 00:00:00,76,60,False,136
2020-04-15 00:00:00,78,61,False,139
2020-04-15 01:00:00,83,61,False,144
2020-04-15 02:00:00,78,57,False,135
2020-04-15 03:00:00,78,61,False,139
2020-04-15 04:00:00,77,58,False,135
2020-04-15 05:00:00,74,54,False,128
2020-04-15 06:00:00,73,52,False,125
2020-04-15 07:00:00,69,48,False,117
2020-04-15 08:00:00,70,43,False,113
2020-04-15 09:00:00,68,42,False,110
2020-04-15 10:00:00,65,49,False,114
2020-04-15 11:00:00,67,49,False,116
2020-04-15 12:00:00,64,46,False,110
2020-04-15 13:00:00,71,49,False,120
2020-04-15 14:00:00,71,53,False,124
2020-04-15 15:00:00,71,48,False,119
2020-04-15 16:00:00,73,50,False,123
2020-04-15 17:00:00,77,48,False,125
2020-04-15 18:00:00,78,53,False,131
2020-04-15 19:00:00,82,59,False,141
2020-04-15 20:00:00,85,60,False,145
2020-04-15 21:00:00,88,65,False,153
2020-04-15 22:00:00,82,68,False,150
2020-04-15 23:00:00,83,65,False,148
2020-04-16 00:00:00,83,72,False,155
2020-04-16 01:00:00,84,67,False,151
2020-04-16 02:00:00,82,61,False,143
2020-04-16 03:00:00,76,60,False,136
2020-04-16 04:00:00,81,66,False,147
2020-04-16 05:00:00,74,52,False,126
2020-04-16 06:00:00,76,50,False,126
2020-04-16 07:00:00,73,47,False,120
2020-04-16 08:00:00,82,48,False,130
2020-04-16 09:00:00,71,51,False,122
2020-04-16 10:00:00,71,48,False,119
2020-04-16 11:00:00,69,50,False,119
2020-04-16 12:00:00,69,49,False,118
2020-04-16 13:00:00,76,51,False,127
2020-04-16 14:00:00,77,49,False,126
2020-04-16 15:00:00,75,53,False,128
2020-04-16 16:00:00,77,50,False,127
2020-04-16 17:00:00,79,53,False,132
2020-04-16 18:00:00,79,51,False,130
2020-04-16 19:00:00,83,58,False,141
2020-04-16 20:00:00,90,62,False,152
2020-04-16 21:00:00,85,63,False,148
2020-04-16 22:00:00,84,72,False,156
2020-04-16 23:00:00,88,72,False,160
2020-04-17 00:00:00,84,66,False,150
2020-04-17 01:00:00,81,67,False,148
2020-04-17 02:00:00,85,68,False,153
2020-04-17 03:00:00,81,57,False,138
2020-04-17 04:00:00,79,58,False,137
2020-04-17 05:00:00,76,54,False,130
2020-04-17 06:00:00,74,51,False,125
2020-04-17 07:00:00,68,47,False,115
2020-04-17 08:00:00,74,45,False,119
2020-04-17 09:00:00,64,51,False,115
2020-04-17 10:00:00,67,49,False,116
2020-04-17 11:00:00,72,47,False,119
2020-04-17 12:00:00,68,47,False,115
2020-04-17 13:00:00,74,48,False,122
2020-04-17 14:00:00,73,51,False,124
2020-04-17 15:00:00,72,48,False,120
2020-04-17 16:00:00,74,50,False,124
2020-04-17 17:00:00,73,48,False,121
2020-04-17 18:00:00,81,49,False,130
2020-04-17 19:00:00,88,54,False,142
2020-04-17 20:00:00,86,58,False,144
2020-04-17 21:00:00,90,62,False,152
2020-04-17 22:00:00,89,61,False,150
2020-04-17 23:00:00,84,63,False,147
2020-04-18 00:00:00,82,66,False,148
2020-04-18 01:00:00,79,56,False,135
2020-04-18 02:00:00,80,61,False,141
2020-04-18 03:00:00,75,60,False,135
2020-04-18 04:00:00,82,62,False,144
2020-04-18 05:00:00,81,59,False,140
2020-04-18 06:00:00,79,59,False,138
2020-04-18 07:00:00,68,52,False,120
2020-04-18 08:00:00,72,51,False,123
2020-04-18 09:00:00,70,49,False,119
2020-04-18 10:00:00,69,51,False,120
2020-04-18 11:00:00,71,51,False,122
2020-04-18 12:00:00,71,47,False,118
2020-04-18 13:00:00,75,57,False,132
2020-04-18 14:00:00,78,53,False,131
2020-04-18 15:00:00,76,53,False,129
2020-04-18 16:00:00,72,51,False,123
2020-04-18 17:00:00,77,53,False,130
2020-04-18 18:00:00,78,50,False,128
2020-04-18 19:00:00,73,54,False,127
2020-04-18 20:00:00,82,59,False,141
2020-04-18 21:00:00,87,62,False,149
2020-04-18 22:00:00,94,71,False,165
2020-04-18 23:00:00,90,72,False,162
2020-04-19 00:00:00,88,68,False,156
2020-04-19 01:00:00,80,62,False,142
2020-04-19 02:00:00,83,65,False,148
2020-04-19 03:00:00,79,58,False,137
2020-04-19 04:00:00,79,63,False,142
2020-04-19 05:00:00,72,61,False,133
2020-04-19 06:00:00,81,56,False,137
2020-04-19 07:00:00,69,51,False,120
2020-04-19 08:00:00,68,52,False,120
2020-04-19 09:00:00,70,49,False,119
2020-04-19 10:00:00,67,47,False,114
2020-04-19 11:00:00,70,46,False,116
2020-04-19 12:00:00,73,48,False,121
2020-04-19 13:00:00,75,51,False,126
2020-04-19 14:00:00,68,50,False,118
2020-04-19 15:00:00,72,49,False,121
2020-04-19 16:00:00,67,46,False,113
2020-04-19 17:00:00,69,49,False,118
2020-04-19 18:00:00,79,52,False,131
2020-04-19 19:00:00,79,54,False,133
2020-04-19 20:00:00,81,58,False,139
2020-04-19 21:00:00,90,62,False,152
2020-04-19 22:00:00,82,65,False,147
2020-04-19 23:00:00,81,63,False,144
2020-04-20 00:00:00,81,65,False,146
2020-04-20 01:00:00,80,56,False,136
2020-04-20 02:00:00,80,56,False,136
2020-04-20 03:00:00,72,55,False,127
2020-04-20 04:00:00,79,59,False,138
2020-04-20 05:00:00,80,57,False,137
2020-04-20 06:00:00,77,50,False,127
2020-04-20 07:00:00,70,48,False,118
2020-04-20 08:00:00,61,43,False,104
2020-04-20 09:00:00,63,41,False,104
2020-04-20 10:00:00,69,44,False,113
2020-04-20 11:00:00,66,47,False,113
2020-04-20 12:00:00,68,46,False,114
2020-04-20 13:00:00,69,48,False,117
2020-04-20 14:00:00,70,51,False,121
2020-04-20 15:00:00,75,51,False,126
2020-04-20 16:00:00,73,48,False,121
2020-04-20 17:00:00,75,53,False,128
2020-04-20 18:00:00,79,57,False,136
2020-04-20 19:00:00,86,67,False,153
2020-04-20 20:00:00,89,70,False,159
2020-04-20 21:00:00,92,74,False,166
2020-04-20 22:00:00,89,68,False,157
2020-04-20 23:00:00,83,69,False,152
2020-04-21 00:00:00,87,73,False,160
2020-04-21 01:00:00,81,59,False,140
2020-04-21 02:00:00,80,56,False,136
2020-04-21 03:00:00,82,59,False,141
2020-04-21 04:00:00,83,60,False,143
2020-04-21 05:00:00,82,59,False,141
2020-04-21 06:00:00,83,57,False,140
2020-04-21 07:00:00,69,46,False,115
2020-04-21 08:00:00,67,44,False,111
2020-04-21 09:00:00,73,42,False,115
2020-04-21 10:00:00,68,47,False,115
2020-04-21 11:00:00,69,49,False,118
2020-04-21 12:00:00,68,47,False,115
2020-04-21 13:00:00,71,48,False,119
2020-04-21 14:00:00,76,48,False,124
2020-04-21 15:00:00,75,49,False,124
2020-04-21 16:00:00,74,46,False,120
2020-04-21 17:00:00,78,51,False,129
2020-04-21 18:00:00,84,50,False,134
2020-04-21 19:00:00,81,52,False,133
2020-04-21 20:00:00,93,58,False,151
2020-04-21 21:00:00,100,63,False,163
2020-04-21 22:00:00,89,66,False,155
2020-04-21 23:00:00,88,63,False,151
2020-04-22 00:00:00,83,63,False,146
2020-04-22 00:00:00,52,40,False,92
2020-04-22 01:00:00,52,36,False,88
2020-04-22 02:00:00,50,35,False,85
2020-04-22 03:00:00,52,35,False,87
2020-04-22 04:00:00,46,32,False,78
2020-04-22 05:00:00,48,32,False,80
2020-04-22 06:00:00,51,26,False,77
2020-04-22 07:00:00,46,26,False,72
2020-04-22 08:00:00,46,27,False,73
2020-04-22 09:00:00,43,24,False,67
2020-04-22 10:00:00,43,28,False,71
2020-04-22 11:00:00,44,28,False,72
2020-04-22 12:00:00,41,30,False,71
2020-04-22 13:00:00,44,32,False,76
2020-04-22 14:00:00,47,31,False,78
2020-04-22 15:00:00,50,31,False,81
2020-04-22 16:00:00,46,28,False,74
2020-04-22 17:00:00,48,31,False,79
2020-04-22 18:00:00,52,30,False,82
2020-04-22 19:00:00,50,31,False,81
2020-04-22 20:00:00,55,36,False,91
2020-04-22 21:00:00,56,37,False,93
2020-04-22 22:00:00,54,38,False,92
2020-04-22 23:00:00,55,39,False,94
2020-04-23 00:00:00,54,39,False,93
2020-04-23 01:00:00,53,40,False,93
2020-04-23 02:00:00,54,37,False,91
2020-04-23 03:00:00,52,36,False,88
2020-04-23 04:00:00,47,32,False,79
2020-04-23 05:00:00,51,31,False,82
2020-04-23 06:00:00,48,28,False,76
2020-04-23 07:00:00,43,26,False,69
2020-04-23 08:00:00,44,27,False,71
2020-04-23 09:00:00,41,27,False,68
2020-04-23 10:00:00,43,27,False,70
2020-04-23 11:00:00,46,26,False,72
2020-04-23 12:00:00,42,26,False,68
2020-04-23 13:00:00,49,36,False,85
2020-04-23 14:00:00,52,40,False,92
2020-04-23 15:00:00,52,36,False,88
2020-04-23 16:00:00,50,38,False,88
2020-04-23 17:00:00,51,36,False,87
2020-04-23 18:00:00,52,37,False,89
2020-04-23 19:00:00,53,40,False,93
2020-04-23 20:00:00,58,42,False,100
2020-04-23 21:00:00,55,44,False,99
2020-04-23 22:00:00,56,44,False,100
2020-04-23 23:00:00,54,40,False,94
2020-04-24 00:00:00,54,41,False,95
2020-04-24 01:00:00,48,36,False,84
2020-04-24 02:00:00,52,38,False,90
2020-04-24 03:00:00,50,38,False,88
2020-04-24 04:00:00,49,37,False,86
2020-04-24 05:00:00,51,35,False,86
2020-04-24 06:00:00,47,33,False,80
2020-04-24 07:00:00,45,32,False,77
2020-04-24 08:00:00,46,30,False,76
2020-04-24 09:00:00,46,28,False,74
2020-04-24 10:00:00,46,30,False,76
2020-04-24 11:00:00,46,32,False,78
2020-04-24 12:00:00,47,29,False,76
2020-04-24 13:00:00,43,32,False,75
2020-04-24 14:00:00,46,30,False,76
2020-04-24 15:00:00,47,30,False,77
2020-04-24 16:00:00,47,29,False,76
2020-04-24 17:00:00,48,31,False,79
2020-04-24 18:00:00,49,31,False,80
2020-04-24 19:00:00,52,33,False,85
2020-04-24 20:00:00,51,36,False,87
2020-04-24 21:00:00,60,37,False,97
2020-04-24 22:00:00,56,35,False,91
2020-04-24 23:00:00,56,38,False,94
2020-04-25 00:00:00,52,35,False,87
2020-04-25 01:00:00,49,36,False,85
2020-04-25 02:00:00,47,36,False,83
2020-04-25 03:00:00,52,34,False,86
2020-04-25 04:00:00,50,35,False,85
2020-04-25 05:00:00,51,36,False,87
2020-04-25 06:00:00,48,34,False,82
2020-04-25 07:00:00,49,36,False,85
2020-04-25 08:00:00,44,35,False,79
2020-04-25 09:00:00,45,32,False,77
2020-04-25 10:00:00,47,32,False,79
2020-04-25 11:00:00,46,35,False,81
2020-04-25 12:00:00,44,34,False,78
2020-04-25 13:00:00,47,35,False,82
2020-04-25 14:00:00,46,35,False,81
2020-04-25 15:00:00,47,34,False,81
2020-04-25 16:00:00,48,34,False,82
2020-04-25 17:00:00,48,33,False,81
2020-04-25 18:00:00,47,32,False,79
2020-04-25 19:00:00,51,34,False,85
2020-04-25 20:00:00,52,36,False,88
2020-04-25 21:00:00,56,37,False,93
2020-04-25 22:00:00,56,40,False,96
2020-04-25 23:00:00,51,39,False,90
2020-04-26 00:00:00,53,39,False,92
2020-04-26 01:00:00,50,38,False,88
2020-04-26 02:00:00,49,37,False,86
2020-04-26 03:00:00,60,37,False,97
2020-04-26 04:00:00,50,39,False,89
2020-04-26 05:00:00,45,37,False,82
2020-04-26 06:00:00,49,34,False,83
2020-04-26 07:00:00,47,36,False,83
2020-04-26 08:00:00,46,34,False,80
2020-04-26 09:00:00,43,31,False,74
2020-04-26 10:00:00,46,30,False,76
2020-04-26 11:00:00,46,36,False,82
2020-04-26 12:00:00,42,35,False,77
2020-04-26 13:00:00,46,34,False,80
2020-04-26 14:00:00,47,35,False,82
2020-04-26 15:00:00,48,33,False,81
2020-04-26 16:00:00,48,33,False,81
2020-04-26 17:00:00,47,31,False,78
2020-04-26 18:00:00,52,36,False,88
2020-04-26 19:00:00,52,36,False,88
2020-04-26 20:00:00,53,39,False,92
2020-04-26 21:00:00,57,41,False,98
2020-04-26 22:00:00,55,43,False,98
2020-04-26 23:00:00,56,45,False,101
2020-04-27 00:00:00,56,44,False,100
2020-04-27 01:00:00,56,45,False,101
2020-04-27 02:00:00,53,44,False,97
2020-04-27 03:00:00,49,43,False,92
2020-04-27 04:00:00,50,41,False,91
2020-04-27 05:00:00,52,37,False,89
2020-04-27 06:00:00,45,32,False,77
2020-04-27 07:00:00,44,31,False,75
2020-04-27 08:00:00,44,28,False,72
2020-04-27 09:00:00,43,31,False,74
2020-04-27 10:00:00,45,32,False,77
2020-04-27 11:00:00,44,35,False,79
2020-04-27 12:00:00,45,32,False,77
2020-04-27 13:00:00,45,31,False,76
2020-04-27 14:00:00,46,31,False,77
2020-04-27 15:00:00,45,32,False,77
2020-04-27 16:00:00,47,32,False,79
2020-04-27 17:00:00,44,29,False,73
2020-04-27 18:00:00,48,32,False,80
2020-04-27 19:00:00,52,37,False,89
2020-04-27 20:00:00,55,40,False,95
2020-04-27 21:00:00,55,40,False,95
2020-04-27 22:00:00,56,44,False,100
2020-04-27 23:00:00,56,44,False,100
2020-04-28 00:00:00,51,38,False,89
2020-04-28 01:00:00,49,39,False,88
2020-04-28 02:00:00,50,35,False,85
2020-04-28 03:00:00,51,41,False,92
2020-04-28 04:00:00,54,39,False,93
2020-04-28 05:00:00,50,34,False,84
2020-04-28 06:00:00,46,29,False,75
2020-04-28 07:00:00,47,28,False,75
2020-04-28 08:00:00,48,29,False,77
2020-04-28 09:00:00,50,38,False,88
2020-04-28 10:00:00,64,66,False,130
2020-04-28 11:00:00,59,64,False,123
2020-04-28 12:00:00,55,56,False,111
2020-04-28 13:00:00,56,54,False,110
2020-04-28 14:00:00,53,47,False,100
2020-04-28 15:00:00,56,47,False,103
2020-04-28 16:00:00,55,47,False,102
2020-04-28 17:00:00,56,45,False,101
2020-04-28 18:00:00,68,69,False,137
2020-04-28 19:00:00,72,72,False,144
2020-04-28 20:00:00,73,69,False,142
2020-04-28 21:00:00,70,71,False,141
2020-04-28 22:00:00,70,77,False,147
2020-04-28 23:00:00,73,100,False,173
2020-04-29 00:00:00,59,74,False,133
2020-04-29 00:00:00,72,90,False,162
2020-04-29 01:00:00,71,80,False,151
2020-04-29 02:00:00,79,81,False,160
2020-04-29 03:00:00,74,73,False,147
2020-04-29 04:00:00,72,75,False,147
2020-04-29 05:00:00,73,73,False,146
2020-04-29 06:00:00,69,69,False,138
2020-04-29 07:00:00,72,61,False,133
2020-04-29 08:00:00,65,52,False,117
2020-04-29 09:00:00,65,55,False,120
2020-04-29 10:00:00,74,65,False,139
2020-04-29 11:00:00,75,72,False,147
2020-04-29 12:00:00,74,75,False,149
2020-04-29 13:00:00,74,76,False,150
2020-04-29 14:00:00,72,70,False,142
2020-04-29 15:00:00,76,69,False,145
2020-04-29 16:00:00,80,82,False,162
2020-04-29 17:00:00,87,91,False,178
2020-04-29 18:00:00,84,85,False,169
2020-04-29 19:00:00,87,79,False,166
2020-04-29 20:00:00,92,87,False,179
2020-04-29 21:00:00,94,91,False,185
2020-04-29 22:00:00,83,87,False,170
2020-04-29 23:00:00,79,83,False,162
2020-04-30 00:00:00,76,79,False,155
2020-04-30 01:00:00,78,82,False,160
2020-04-30 02:00:00,77,76,False,153
2020-04-30 03:00:00,92,98,False,190
2020-04-30 04:00:00,88,98,False,186
2020-04-30 05:00:00,100,86,False,186
2020-04-30 06:00:00,95,86,False,181
2020-04-30 07:00:00,82,70,False,152
2020-04-30 08:00:00,74,59,False,133
2020-04-30 09:00:00,78,63,False,141
2020-04-30 10:00:00,72,59,False,131
2020-04-30 11:00:00,71,65,False,136
2020-04-30 12:00:00,71,60,False,131
2020-04-30 13:00:00,68,55,False,123
2020-04-30 14:00:00,71,56,False,127
2020-04-30 15:00:00,71,59,False,130
2020-04-30 16:00:00,72,54,False,126
2020-04-30 17:00:00,69,55,False,124
2020-04-30 18:00:00,70,54,False,124
2020-04-30 19:00:00,73,59,False,132
2020-04-30 20:00:00,77,61,False,138
2020-04-30 21:00:00,80,65,False,145
2020-04-30 22:00:00,75,62,False,137
2020-04-30 23:00:00,75,62,False,137
2020-05-01 00:00:00,74,60,False,134
2020-05-01 01:00:00,74,59,False,133
2020-05-01 02:00:00,69,60,False,129
2020-05-01 03:00:00,69,64,False,133
2020-05-01 04:00:00,71,59,False,130
2020-05-01 05:00:00,71,60,False,131
2020-05-01 06:00:00,67,55,False,122
2020-05-01 07:00:00,66,49,False,115
2020-05-01 08:00:00,66,45,False,111
2020-05-01 09:00:00,60,49,False,109
2020-05-01 10:00:00,68,56,False,124
2020-05-01 11:00:00,68,57,False,125
2020-05-01 12:00:00,66,58,False,124
2020-05-01 13:00:00,66,54,False,120
2020-05-01 14:00:00,63,48,False,111
2020-05-01 15:00:00,69,52,False,121
2020-05-01 16:00:00,68,53,False,121
2020-05-01 17:00:00,69,50,False,119
2020-05-01 18:00:00,67,52,False,119
2020-05-01 19:00:00,69,49,False,118
2020-05-01 20:00:00,73,54,False,127
2020-05-01 21:00:00,75,55,False,130
2020-05-01 22:00:00,81,62,False,143
2020-05-01 23:00:00,76,58,False,134
2020-05-02 00:00:00,74,59,False,133
2020-05-02 01:00:00,71,58,False,129
2020-05-02 02:00:00,64,52,False,116
2020-05-02 03:00:00,66,58,False,124
2020-05-02 04:00:00,67,56,False,123
2020-05-02 05:00:00,63,49,False,112
2020-05-02 06:00:00,63,46,False,109
2020-05-02 07:00:00,59,46,False,105
2020-05-02 08:00:00,61,45,False,106
2020-05-02 09:00:00,58,44,False,102
2020-05-02 10:00:00,63,45,False,108
2020-05-02 11:00:00,62,46,False,108
2020-05-02 12:00:00,61,47,False,108
2020-05-02 13:00:00,67,45,False,112
2020-05-02 14:00:00,68,50,False,118
2020-05-02 15:00:00,64,48,False,112
2020-05-02 16:00:00,65,47,False,112
2020-05-02 17:00:00,69,53,False,122
2020-05-02 18:00:00,67,49,False,116
2020-05-02 19:00:00,67,49,False,116
2020-05-02 20:00:00,72,56,False,128
2020-05-02 21:00:00,73,57,False,130
2020-05-02 22:00:00,78,56,False,134
2020-05-02 23:00:00,72,60,False,132
2020-05-03 00:00:00,79,66,False,145
2020-05-03 01:00:00,75,65,False,140
2020-05-03 02:00:00,69,61,False,130
2020-05-03 03:00:00,69,64,False,133
2020-05-03 04:00:00,66,58,False,124
2020-05-03 05:00:00,65,57,False,122
2020-05-03 06:00:00,67,47,False,114
2020-05-03 07:00:00,61,51,False,112
2020-05-03 08:00:00,68,43,False,111
2020-05-03 09:00:00,61,50,False,111
2020-05-03 10:00:00,69,49,False,118
2020-05-03 11:00:00,64,46,False,110
2020-05-03 12:00:00,67,48,False,115
2020-05-03 13:00:00,64,46,False,110
2020-05-03 14:00:00,64,46,False,110
2020-05-03 15:00:00,66,42,False,108
2020-05-03 16:00:00,68,43,False,111
2020-05-03 17:00:00,67,45,False,112
2020-05-03 18:00:00,68,42,False,110
2020-05-03 19:00:00,71,48,False,119
2020-05-03 20:00:00,73,50,False,123
2020-05-03 21:00:00,76,52,False,128
2020-05-03 22:00:00,76,53,False,129
2020-05-03 23:00:00,74,56,False,130
2020-05-04 00:00:00,73,51,False,124
2020-05-04 01:00:00,68,50,False,118
2020-05-04 02:00:00,67,52,False,119
2020-05-04 03:00:00,67,48,False,115
2020-05-04 04:00:00,66,51,False,117
2020-05-04 05:00:00,65,46,False,111
2020-05-04 06:00:00,59,44,False,103
2020-05-04 07:00:00,55,40,False,95
2020-05-04 08:00:00,55,34,False,89
2020-05-04 09:00:00,55,37,False,92
2020-05-04 10:00:00,58,39,False,97
2020-05-04 11:00:00,55,43,False,98
2020-05-04 12:00:00,59,40,False,99
2020-05-04 13:00:00,56,42,False,98
2020-05-04 14:00:00,63,45,False,108
2020-05-04 15:00:00,64,41,False,105
2020-05-04 16:00:00,61,44,False,105
2020-05-04 17:00:00,65,44,False,109
2020-05-04 18:00:00,67,42,False,109
2020-05-04 19:00:00,68,47,False,115
2020-05-04 20:00:00,70,50,False,120
2020-05-04 21:00:00,71,54,False,125
2020-05-04 22:00:00,72,55,False,127
2020-05-04 23:00:00,66,50,False,116
2020-05-05 00:00:00,66,52,False,118
2020-05-05 01:00:00,67,53,False,120
2020-05-05 02:00:00,68,55,False,123
2020-05-05 03:00:00,68,53,False,121
2020-05-05 04:00:00,65,51,False,116
2020-05-05 05:00:00,68,54,False,122
2020-05-05 06:00:00,64,45,False,109
2020-05-05 07:00:00,61,41,False,102
2020-05-05 08:00:00,57,37,False,94
2020-05-05 09:00:00,56,38,False,94
2020-05-05 10:00:00,61,40,False,101
2020-05-05 11:00:00,60,40,False,100
2020-05-05 12:00:00,57,38,False,95
2020-05-05 13:00:00,60,43,False,103
2020-05-05 14:00:00,60,39,False,99
2020-05-05 15:00:00,66,41,False,107
2020-05-05 16:00:00,66,40,False,106
2020-05-05 17:00:00,67,41,False,108
2020-05-05 18:00:00,72,44,False,116
2020-05-05 19:00:00,73,47,False,120
2020-05-05 20:00:00,81,50,False,131
2020-05-05 21:00:00,80,49,False,129
2020-05-05 22:00:00,78,52,False,130
2020-05-05 23:00:00,69,53,False,122
2020-05-06 00:00:00,70,52,False,122
2020-05-06 00:00:00,25,18,False,43
2020-05-06 01:00:00,23,16,False,39
2020-05-06 02:00:00,25,16,False,41
2020-05-06 03:00:00,23,17,False,40
2020-05-06 04:00:00,24,18,False,42
2020-05-06 05:00:00,25,16,False,41
2020-05-06 06:00:00,23,15,False,38
2020-05-06 07:00:00,22,14,False,36
2020-05-06 08:00:00,21,14,False,35
2020-05-06 09:00:00,23,14,False,37
2020-05-06 10:00:00,23,16,False,39
2020-05-06 11:00:00,21,16,False,37
2020-05-06 12:00:00,22,17,False,39
2020-05-06 13:00:00,23,16,False,39
2020-05-06 14:00:00,23,16,False,39
2020-05-06 15:00:00,23,16,False,39
2020-05-06 16:00:00,24,16,False,40
2020-05-06 17:00:00,23,17,False,40
2020-05-06 18:00:00,24,17,False,41
2020-05-06 19:00:00,25,18,False,43
2020-05-06 20:00:00,27,19,False,46
2020-05-06 21:00:00,26,20,False,46
2020-05-06 22:00:00,25,21,False,46
2020-05-06 23:00:00,25,21,False,46
2020-05-07 00:00:00,27,19,False,46
2020-05-07 01:00:00,24,20,False,44
2020-05-07 02:00:00,26,20,False,46
2020-05-07 03:00:00,25,19,False,44
2020-05-07 04:00:00,25,18,False,43
2020-05-07 05:00:00,25,18,False,43
2020-05-07 06:00:00,22,15,False,37
2020-05-07 07:00:00,22,15,False,37
2020-05-07 08:00:00,22,14,False,36
2020-05-07 09:00:00,22,15,False,37
2020-05-07 10:00:00,22,16,False,38
2020-05-07 11:00:00,22,17,False,39
2020-05-07 12:00:00,21,16,False,37
2020-05-07 13:00:00,25,18,False,43
2020-05-07 14:00:00,24,16,False,40
2020-05-07 15:00:00,24,17,False,41
2020-05-07 16:00:00,25,18,False,43
2020-05-07 17:00:00,26,19,False,45
2020-05-07 18:00:00,26,19,False,45
2020-05-07 19:00:00,27,22,False,49
2020-05-07 20:00:00,28,21,False,49
2020-05-07 21:00:00,29,24,False,53
2020-05-07 22:00:00,27,23,False,50
2020-05-07 23:00:00,27,24,False,51
2020-05-08 00:00:00,27,25,False,52
2020-05-08 01:00:00,28,26,False,54
2020-05-08 02:00:00,26,22,False,48
2020-05-08 03:00:00,26,22,False,48
2020-05-08 04:00:00,26,22,False,48
2020-05-08 05:00:00,26,20,False,46
2020-05-08 06:00:00,26,19,False,45
2020-05-08 07:00:00,25,17,False,42
2020-05-08 08:00:00,21,16,False,37
2020-05-08 09:00:00,23,17,False,40
2020-05-08 10:00:00,23,16,False,39
2020-05-08 11:00:00,23,17,False,40
2020-05-08 12:00:00,24,16,False,40
2020-05-08 13:00:00,22,18,False,40
2020-05-08 14:00:00,23,17,False,40
2020-05-08 15:00:00,25,19,False,44
2020-05-08 16:00:00,26,18,False,44
2020-05-08 17:00:00,25,19,False,44
2020-05-08 18:00:00,25,18,False,43
2020-05-08 19:00:00,25,18,False,43
2020-05-08 20:00:00,26,20,False,46
2020-05-08 21:00:00,27,21,False,48
2020-05-08 22:00:00,29,23,False,52
2020-05-08 23:00:00,27,21,False,48
2020-05-09 00:00:00,26,21,False,47
2020-05-09 01:00:00,26,22,False,48
2020-05-09 02:00:00,25,18,False,43
2020-05-09 03:00:00,25,19,False,44
2020-05-09 04:00:00,25,19,False,44
2020-05-09 05:00:00,25,17,False,42
2020-05-09 06:00:00,26,20,False,46
2020-05-09 07:00:00,23,18,False,41
2020-05-09 08:00:00,22,16,False,38
2020-05-09 09:00:00,23,16,False,39
2020-05-09 10:00:00,23,16,False,39
2020-05-09 11:00:00,22,18,False,40
2020-05-09 12:00:00,23,16,False,39
2020-05-09 13:00:00,23,17,False,40
2020-05-09 14:00:00,25,15,False,40
2020-05-09 15:00:00,23,16,False,39
2020-05-09 16:00:00,24,18,False,42
2020-05-09 17:00:00,24,16,False,40
2020-05-09 18:00:00,25,17,False,42
2020-05-09 19:00:00,25,18,False,43
2020-05-09 20:00:00,28,19,False,47
2020-05-09 21:00:00,30,18,False,48
2020-05-09 22:00:00,48,20,False,68
2020-05-09 23:00:00,47,19,False,66
2020-05-10 00:00:00,55,33,False,88
2020-05-10 01:00:00,89,28,False,117
2020-05-10 02:00:00,100,24,False,124
2020-05-10 03:00:00,75,24,False,99
2020-05-10 04:00:00,86,23,False,109
2020-05-10 05:00:00,30,21,False,51
2020-05-10 06:00:00,26,21,False,47
2020-05-10 07:00:00,25,20,False,45
2020-05-10 08:00:00,25,18,False,43
2020-05-10 09:00:00,23,17,False,40
2020-05-10 10:00:00,23,18,False,41
2020-05-10 11:00:00,24,20,False,44
2020-05-10 12:00:00,22,18,False,40
2020-05-10 13:00:00,22,18,False,40
2020-05-10 14:00:00,23,17,False,40
2020-05-10 15:00:00,23,17,False,40
2020-05-10 16:00:00,25,18,False,43
2020-05-10 17:00:00,25,20,False,45
2020-05-10 18:00:00,25,19,False,44
2020-05-10 19:00:00,26,19,False,45
2020-05-10 20:00:00,28,19,False,47
2020-05-10 21:00:00,27,21,False,48
2020-05-10 22:00:00,27,21,False,48
2020-05-10 23:00:00,26,21,False,47
2020-05-11 00:00:00,26,20,False,46
2020-05-11 01:00:00,30,19,False,49
2020-05-11 02:00:00,26,21,False,47
2020-05-11 03:00:00,23,19,False,42
2020-05-11 04:00:00,25,18,False,43
2020-05-11 05:00:00,27,17,False,44
2020-05-11 06:00:00,23,16,False,39
2020-05-11 07:00:00,22,14,False,36
2020-05-11 08:00:00,22,14,False,36
2020-05-11 09:00:00,23,14,False,37
2020-05-11 10:00:00,23,15,False,38
2020-05-11 11:00:00,21,17,False,38
2020-05-11 12:00:00,21,16,False,37
2020-05-11 13:00:00,22,16,False,38
2020-05-11 14:00:00,22,16,False,38
2020-05-11 15:00:00,23,15,False,38
2020-05-11 16:00:00,23,16,False,39
2020-05-11 17:00:00,23,17,False,40
2020-05-11 18:00:00,25,18,False,43
2020-05-11 19:00:00,27,21,False,48
2020-05-11 20:00:00,29,20,False,49
2020-05-11 21:00:00,28,22,False,50
2020-05-11 22:00:00,27,21,False,48
2020-05-11 23:00:00,26,19,False,45
2020-05-12 00:00:00,24,20,False,44
2020-05-12 01:00:00,24,19,False,43
2020-05-12 02:00:00,24,18,False,42
2020-05-12 03:00:00,25,18,False,43
2020-05-12 04:00:00,24,18,False,42
2020-05-12 05:00:00,25,19,False,44
2020-05-12 06:00:00,23,16,False,39
2020-05-12 07:00:00,21,14,False,35
2020-05-12 08:00:00,22,13,False,35
2020-05-12 09:00:00,21,15,False,36
2020-05-12 10:00:00,21,15,False,36
2020-05-12 11:00:00,20,16,False,36
2020-05-12 12:00:00,22,16,False,38
2020-05-12 13:00:00,24,16,False,40
2020-05-12 14:00:00,22,15,False,37
2020-05-12 15:00:00,23,15,False,38
2020-05-12 16:00:00,24,16,False,40
2020-05-12 17:00:00,23,15,False,38
2020-05-12 18:00:00,25,16,False,41
2020-05-12 19:00:00,25,16,False,41
2020-05-12 20:00:00,26,18,False,44
2020-05-12 21:00:00,26,18,False,44
2020-05-12 22:00:00,27,18,False,45
2020-05-12 23:00:00,26,20,False,46
2020-05-13 00:00:00,26,19,False,45
2020-05-13 00:00:00,76,57,False,133
2020-05-13 01:00:00,76,57,False,133
2020-05-13 02:00:00,73,53,False,126
2020-05-13 03:00:00,77,53,False,130
2020-05-13 04:00:00,71,51,False,122
2020-05-13 05:00:00,73,48,False,121
2020-05-13 06:00:00,62,41,False,103
2020-05-13 07:00:00,62,37,False,99
2020-05-13 08:00:00,62,38,False,100
2020-05-13 09:00:00,60,36,False,96
2020-05-13 10:00:00,66,41,False,107
2020-05-13 11:00:00,61,40,False,101
2020-05-13 12:00:00,63,46,False,109
2020-05-13 13:00:00,63,47,False,110
2020-05-13 14:00:00,66,43,False,109
2020-05-13 15:00:00,68,47,False,115
2020-05-13 16:00:00,70,47,False,117
2020-05-13 17:00:00,69,44,False,113
2020-05-13 18:00:00,71,46,False,117
2020-05-13 19:00:00,76,48,False,124
2020-05-13 20:00:00,83,57,False,140
2020-05-13 21:00:00,88,60,False,148
2020-05-13 22:00:00,88,58,False,146
2020-05-13 23:00:00,100,59,False,159
2020-05-14 00:00:00,91,52,False,143
2020-05-14 01:00:00,100,53,False,153
2020-05-14 02:00:00,88,50,False,138
2020-05-14 03:00:00,96,54,False,150
2020-05-14 04:00:00,74,51,False,125
2020-05-14 05:00:00,74,48,False,122
2020-05-14 06:00:00,66,45,False,111
2020-05-14 07:00:00,63,41,False,104
2020-05-14 08:00:00,66,43,False,109
2020-05-14 09:00:00,68,52,False,120
2020-05-14 10:00:00,68,47,False,115
2020-05-14 11:00:00,65,46,False,111
2020-05-14 12:00:00,64,47,False,111
2020-05-14 13:00:00,66,46,False,112
2020-05-14 14:00:00,64,43,False,107
2020-05-14 15:00:00,70,45,False,115
2020-05-14 16:00:00,67,46,False,113
2020-05-14 17:00:00,63,41,False,104
2020-05-14 18:00:00,69,47,False,116
2020-05-14 19:00:00,71,49,False,120
2020-05-14 20:00:00,78,50,False,128
2020-05-14 21:00:00,79,55,False,134
2020-05-14 22:00:00,87,56,False,143
2020-05-14 23:00:00,77,58,False,135
2020-05-15 00:00:00,79,50,False,129
2020-05-15 01:00:00,70,48,False,118
2020-05-15 02:00:00,71,49,False,120
2020-05-15 03:00:00,70,51,False,121
2020-05-15 04:00:00,70,44,False,114
2020-05-15 05:00:00,71,46,False,117
2020-05-15 06:00:00,61,42,False,103
2020-05-15 07:00:00,62,37,False,99
2020-05-15 08:00:00,61,36,False,97
2020-05-15 09:00:00,59,37,False,96
2020-05-15 10:00:00,63,39,False,102
2020-05-15 11:00:00,65,42,False,107
2020-05-15 12:00:00,56,40,False,96
2020-05-15 13:00:00,63,40,False,103
2020-05-15 14:00:00,64,40,False,104
2020-05-15 15:00:00,69,38,False,107
2020-05-15 16:00:00,63,38,False,101
2020-05-15 17:00:00,60,38,False,98
2020-05-15 18:00:00,64,37,False,101
2020-05-15 19:00:00,69,44,False,113
2020-05-15 20:00:00,72,46,False,118
2020-05-15 21:00:00,78,48,False,126
2020-05-15 22:00:00,71,58,False,129
2020-05-15 23:00:00,75,51,False,126
2020-05-16 00:00:00,77,49,False,126
2020-05-16 01:00:00,71,47,False,118
2020-05-16 02:00:00,64,46,False,110
2020-05-16 03:00:00,69,43,False,112
2020-05-16 04:00:00,61,48,False,109
2020-05-16 05:00:00,65,46,False,111
2020-05-16 06:00:00,62,42,False,104
2020-05-16 07:00:00,57,42,False,99
2020-05-16 08:00:00,60,37,False,97
2020-05-16 09:00:00,56,41,False,97
2020-05-16 10:00:00,59,36,False,95
2020-05-16 11:00:00,59,41,False,100
2020-05-16 12:00:00,67,43,False,110
2020-05-16 13:00:00,76,39,False,115
2020-05-16 14:00:00,64,40,False,104
2020-05-16 15:00:00,65,37,False,102
2020-05-16 16:00:00,63,38,False,101
2020-05-16 17:00:00,61,38,False,99
2020-05-16 18:00:00,61,38,False,99
2020-05-16 19:00:00,68,42,False,110
2020-05-16 20:00:00,69,42,False,111
2020-05-16 21:00:00,74,48,False,122
2020-05-16 22:00:00,85,51,False,136
2020-05-16 23:00:00,85,53,False,138
2020-05-17 00:00:00,91,45,False,136
2020-05-17 01:00:00,98,52,False,150
2020-05-17 02:00:00,95,47,False,142
2020-05-17 03:00:00,94,49,False,143
2020-05-17 04:00:00,72,46,False,118
2020-05-17 05:00:00,65,45,False,110
2020-05-17 06:00:00,59,40,False,99
2020-05-17 07:00:00,65,44,False,109
2020-05-17 08:00:00,60,41,False,101
2020-05-17 09:00:00,56,44,False,100
2020-05-17 10:00:00,64,43,False,107
2020-05-17 11:00:00,62,45,False,107
2020-05-17 12:00:00,62,44,False,106
2020-05-17 13:00:00,69,46,False,115
2020-05-17 14:00:00,66,45,False,111
2020-05-17 15:00:00,69,45,False,114
2020-05-17 16:00:00,69,42,False,111
2020-05-17 17:00:00,66,44,False,110
2020-05-17 18:00:00,67,44,False,111
2020-05-17 19:00:00,70,46,False,116
2020-05-17 20:00:00,80,51,False,131
2020-05-17 21:00:00,80,54,False,134
2020-05-17 22:00:00,76,55,False,131
2020-05-17 23:00:00,75,54,False,129
2020-05-18 00:00:00,70,55,False,125
2020-05-18 01:00:00,70,51,False,121
2020-05-18 02:00:00,74,56,False,130
2020-05-18 03:00:00,70,58,False,128
2020-05-18 04:00:00,66,56,False,122
2020-05-18 05:00:00,78,54,False,132
2020-05-18 06:00:00,64,46,False,110
2020-05-18 07:00:00,62,40,False,102
2020-05-18 08:00:00,65,43,False,108
2020-05-18 09:00:00,60,41,False,101
2020-05-18 10:00:00,59,39,False,98
2020-05-18 11:00:00,60,43,False,103
2020-05-18 12:00:00,62,41,False,103
2020-05-18 13:00:00,64,42,False,106
2020-05-18 14:00:00,64,44,False,108
2020-05-18 15:00:00,64,47,False,111
2020-05-18 16:00:00,67,46,False,113
2020-05-18 17:00:00,65,42,False,107
2020-05-18 18:00:00,68,46,False,114
2020-05-18 19:00:00,71,50,False,121
2020-05-18 20:00:00,76,55,False,131
2020-05-18 21:00:00,75,55,False,130
2020-05-18 22:00:00,76,54,False,130
2020-05-18 23:00:00,73,53,False,126
2020-05-19 00:00:00,69,51,False,120
2020-05-19 01:00:00,73,47,False,120
2020-05-19 02:00:00,73,53,False,126
2020-05-19 03:00:00,70,49,False,119
2020-05-19 04:00:00,69,48,False,117
2020-05-19 05:00:00,65,45,False,110
2020-05-19 06:00:00,62,40,False,102
2020-05-19 07:00:00,60,37,False,97
2020-05-19 08:00:00,59,35,False,94
2020-05-19 09:00:00,59,37,False,96
2020-05-19 10:00:00,62,41,False,103
2020-05-19 11:00:00,61,43,False,104
2020-05-19 12:00:00,61,40,False,101
2020-05-19 13:00:00,58,41,False,99
2020-05-19 14:00:00,62,39,False,101
2020-05-19 15:00:00,64,42,False,106
2020-05-19 16:00:00,60,42,False,102
2020-05-19 17:00:00,65,43,False,108
2020-05-19 18:00:00,67,41,False,108
2020-05-19 19:00:00,74,47,False,121
2020-05-19 20:00:00,77,49,False,126
2020-05-19 21:00:00,76,54,False,130
2020-05-19 22:00:00,77,48,False,125
2020-05-19 23:00:00,75,56,False,131
2020-05-20 00:00:00,75,51,False,126
2020-05-20 00:00:00,88,60,False,148
2020-05-20 01:00:00,100,63,False,163
2020-05-20 02:00:00,93,59,False,152
2020-05-20 03:00:00,89,61,False,150
2020-05-20 04:00:00,83,56,False,139
2020-05-20 05:00:00,79,55,False,134
2020-05-20 06:00:00,80,53,False,133
2020-05-20 07:00:00,74,44,False,118
2020-05-20 08:00:00,69,48,False,117
2020-05-20 09:00:00,74,43,False,117
2020-05-20 10:00:00,81,46,False,127
2020-05-20 11:00:00,68,47,False,115
2020-05-20 12:00:00,73,48,False,121
2020-05-20 13:00:00,71,47,False,118
2020-05-20 14:00:00,79,46,False,125
2020-05-20 15:00:00,84,50,False,134
2020-05-20 16:00:00,82,47,False,129
2020-05-20 17:00:00,82,47,False,129
2020-05-20 18:00:00,78,51,False,129
2020-05-20 19:00:00,85,54,False,139
2020-05-20 20:00:00,86,55,False,141
2020-05-20 21:00:00,95,56,False,151
2020-05-20 22:00:00,89,60,False,149
2020-05-20 23:00:00,92,61,False,153
2020-05-21 00:00:00,85,54,False,139
2020-05-21 01:00:00,89,58,False,147
2020-05-21 02:00:00,97,54,False,151
2020-05-21 03:00:00,83,58,False,141
2020-05-21 04:00:00,92,54,False,146
2020-05-21 05:00:00,89,54,False,143
2020-05-21 06:00:00,75,44,False,119
2020-05-21 07:00:00,98,47,False,145
2020-05-21 08:00:00,72,47,False,119
2020-05-21 09:00:00,67,41,False,108
2020-05-21 10:00:00,75,46,False,121
2020-05-21 11:00:00,69,47,False,116
2020-05-21 12:00:00,72,49,False,121
2020-05-21 13:00:00,73,44,False,117
2020-05-21 14:00:00,74,49,False,123
2020-05-21 15:00:00,77,48,False,125
2020-05-21 16:00:00,76,49,False,125
2020-05-21 17:00:00,75,45,False,120
2020-05-21 18:00:00,76,48,False,124
2020-05-21 19:00:00,83,52,False,135
2020-05-21 20:00:00,86,54,False,140
2020-05-21 21:00:00,86,60,False,146
2020-05-21 22:00:00,85,62,False,147
2020-05-21 23:00:00,87,53,False,140
2020-05-22 00:00:00,94,58,False,152
2020-05-22 01:00:00,100,57,False,157
2020-05-22 02:00:00,96,58,False,154
2020-05-22 03:00:00,89,54,False,143
2020-05-22 04:00:00,83,53,False,136
2020-05-22 05:00:00,85,52,False,137
2020-05-22 06:00:00,78,47,False,125
2020-05-22 07:00:00,76,40,False,116
2020-05-22 08:00:00,74,45,False,119
2020-05-22 09:00:00,76,44,False,120
2020-05-22 10:00:00,75,45,False,120
2020-05-22 11:00:00,66,46,False,112
2020-05-22 12:00:00,74,43,False,117
2020-05-22 13:00:00,77,48,False,125
2020-05-22 14:00:00,76,46,False,122
2020-05-22 15:00:00,78,44,False,122
2020-05-22 16:00:00,79,45,False,124
2020-05-22 17:00:00,79,43,False,122
2020-05-22 18:00:00,85,48,False,133
2020-05-22 19:00:00,85,50,False,135
2020-05-22 20:00:00,82,51,False,133
2020-05-22 21:00:00,89,54,False,143
2020-05-22 22:00:00,91,55,False,146
2020-05-22 23:00:00,87,54,False,141
2020-05-23 00:00:00,87,54,False,141
2020-05-23 01:00:00,91,55,False,146
2020-05-23 02:00:00,88,52,False,140
2020-05-23 03:00:00,77,56,False,133
2020-05-23 04:00:00,88,51,False,139
2020-05-23 05:00:00,80,50,False,130
2020-05-23 06:00:00,74,48,False,122
2020-05-23 07:00:00,73,52,False,125
2020-05-23 08:00:00,69,46,False,115
2020-05-23 09:00:00,69,45,False,114
2020-05-23 10:00:00,71,47,False,118
2020-05-23 11:00:00,65,43,False,108
2020-05-23 12:00:00,72,46,False,118
2020-05-23 13:00:00,74,46,False,120
2020-05-23 14:00:00,80,47,False,127
2020-05-23 15:00:00,75,44,False,119
2020-05-23 16:00:00,74,44,False,118
2020-05-23 17:00:00,73,44,False,117
2020-05-23 18:00:00,73,41,False,114
2020-05-23 19:00:00,79,45,False,124
2020-05-23 20:00:00,83,48,False,131
2020-05-23 21:00:00,85,48,False,133
2020-05-23 22:00:00,86,52,False,138
2020-05-23 23:00:00,87,54,False,141
2020-05-24 00:00:00,92,53,False,145
2020-05-24 01:00:00,89,54,False,143
2020-05-24 02:00:00,83,54,False,137
2020-05-24 03:00:00,83,46,False,129
2020-05-24 04:00:00,73,52,False,125
2020-05-24 05:00:00,72,45,False,117
2020-05-24 06:00:00,71,50,False,121
2020-05-24 07:00:00,70,51,False,121
2020-05-24 08:00:00,68,49,False,117
2020-05-24 09:00:00,72,43,False,115
2020-05-24 10:00:00,67,48,False,115
2020-05-24 11:00:00,73,47,False,120
2020-05-24 12:00:00,70,43,False,113
2020-05-24 13:00:00,74,50,False,124
2020-05-24 14:00:00,74,45,False,119
2020-05-24 15:00:00,75,47,False,122
2020-05-24 16:00:00,75,46,False,121
2020-05-24 17:00:00,72,44,False,116
2020-05-24 18:00:00,75,42,False,117
2020-05-24 19:00:00,76,49,False,125
2020-05-24 20:00:00,80,51,False,131
2020-05-24 21:00:00,86,54,False,140
2020-05-24 22:00:00,89,57,False,146
2020-05-24 23:00:00,94,59,False,153
2020-05-25 00:00:00,84,60,False,144
2020-05-25 01:00:00,82,56,False,138
2020-05-25 02:00:00,81,55,False,136
2020-05-25 03:00:00,81,55,False,136
2020-05-25 04:00:00,74,49,False,123
2020-05-25 05:00:00,75,51,False,126
2020-05-25 06:00:00,70,44,False,114
2020-05-25 07:00:00,64,46,False,110
2020-05-25 08:00:00,66,43,False,109
2020-05-25 09:00:00,62,43,False,105
2020-05-25 10:00:00,65,41,False,106
2020-05-25 11:00:00,64,46,False,110
2020-05-25 12:00:00,66,45,False,111
2020-05-25 13:00:00,67,47,False,114
2020-05-25 14:00:00,72,47,False,119
2020-05-25 15:00:00,68,48,False,116
2020-05-25 16:00:00,74,44,False,118
2020-05-25 17:00:00,72,45,False,117
2020-05-25 18:00:00,75,50,False,125
2020-05-25 19:00:00,78,53,False,131
2020-05-25 20:00:00,85,52,False,137
2020-05-25 21:00:00,87,58,False,145
2020-05-25 22:00:00,86,59,False,145
2020-05-25 23:00:00,85,58,False,143
2020-05-26 00:00:00,90,58,False,148
2020-05-26 01:00:00,87,55,False,142
2020-05-26 02:00:00,83,58,False,141
2020-05-26 03:00:00,78,54,False,132
2020-05-26 04:00:00,81,58,False,139
2020-05-26 05:00:00,90,55,False,145
2020-05-26 06:00:00,64,47,False,111
2020-05-26 07:00:00,63,42,False,105
2020-05-26 08:00:00,66,41,False,107
2020-05-26 09:00:00,67,40,False,107
2020-05-26 10:00:00,67,45,False,112
2020-05-26 11:00:00,71,44,False,115
2020-05-26 12:00:00,64,46,False,110
2020-05-26 13:00:00,71,45,False,116
2020-05-26 14:00:00,71,48,False,119
2020-05-26 15:00:00,75,47,False,122
2020-05-26 16:00:00,83,49,False,132
2020-05-26 17:00:00,76,47,False,123
2020-05-26 18:00:00,78,47,False,125
2020-05-26 19:00:00,75,52,False,127
2020-05-26 20:00:00,80,57,False,137
2020-05-26 21:00:00,85,54,False,139
2020-05-26 22:00:00,81,55,False,136
2020-05-26 23:00:00,87,60,False,147
2020-05-27 00:00:00,84,52,False,136
2020-05-27 00:00:00,76,48,False,124
2020-05-27 01:00:00,74,47,False,121
2020-05-27 02:00:00,75,51,False,126
2020-05-27 03:00:00,83,50,False,133
2020-05-27 04:00:00,70,50,False,120
2020-05-27 05:00:00,66,42,False,108
2020-05-27 06:00:00,62,40,False,102
2020-05-27 07:00:00,61,37,False,98
2020-05-27 08:00:00,59,35,False,94
2020-05-27 09:00:00,56,36,False,92
2020-05-27 10:00:00,66,40,False,106
2020-05-27 11:00:00,63,45,False,108
2020-05-27 12:00:00,65,42,False,107
2020-05-27 13:00:00,66,44,False,110
2020-05-27 14:00:00,64,40,False,104
2020-05-27 15:00:00,68,42,False,110
2020-05-27 16:00:00,69,41,False,110
2020-05-27 17:00:00,67,38,False,105
2020-05-27 18:00:00,73,41,False,114
2020-05-27 19:00:00,70,46,False,116
2020-05-27 20:00:00,76,47,False,123
2020-05-27 21:00:00,80,51,False,131
2020-05-27 22:00:00,78,50,False,128
2020-05-27 23:00:00,81,50,False,131
2020-05-28 00:00:00,77,49,False,126
2020-05-28 01:00:00,83,49,False,132
2020-05-28 02:00:00,71,47,False,118
2020-05-28 03:00:00,73,46,False,119
2020-05-28 04:00:00,71,44,False,115
2020-05-28 05:00:00,68,41,False,109
2020-05-28 06:00:00,61,39,False,100
2020-05-28 07:00:00,57,37,False,94
2020-05-28 08:00:00,62,31,False,93
2020-05-28 09:00:00,58,35,False,93
2020-05-28 10:00:00,58,36,False,94
2020-05-28 11:00:00,62,39,False,101
2020-05-28 12:00:00,61,39,False,100
2020-05-28 13:00:00,67,41,False,108
2020-05-28 14:00:00,65,42,False,107
2020-05-28 15:00:00,65,38,False,103
2020-05-28 16:00:00,68,38,False,106
2020-05-28 17:00:00,68,41,False,109
2020-05-28 18:00:00,67,40,False,107
2020-05-28 19:00:00,70,44,False,114
2020-05-28 20:00:00,78,44,False,122
2020-05-28 21:00:00,81,50,False,131
2020-05-28 22:00:00,82,48,False,130
2020-05-28 23:00:00,80,54,False,134
2020-05-29 00:00:00,80,55,False,135
2020-05-29 01:00:00,78,53,False,131
2020-05-29 02:00:00,79,49,False,128
2020-05-29 03:00:00,74,50,False,124
2020-05-29 04:00:00,70,44,False,114
2020-05-29 05:00:00,68,43,False,111
2020-05-29 06:00:00,60,38,False,98
2020-05-29 07:00:00,60,41,False,101
2020-05-29 08:00:00,59,35,False,94
2020-05-29 09:00:00,60,34,False,94
2020-05-29 10:00:00,61,39,False,100
2020-05-29 11:00:00,59,36,False,95
2020-05-29 12:00:00,57,38,False,95
2020-05-29 13:00:00,64,36,False,100
2020-05-29 14:00:00,63,37,False,100
2020-05-29 15:00:00,67,38,False,105
2020-05-29 16:00:00,64,36,False,100
2020-05-29 17:00:00,67,36,False,103
2020-05-29 18:00:00,66,38,False,104
2020-05-29 19:00:00,69,39,False,108
2020-05-29 20:00:00,78,42,False,120
2020-05-29 21:00:00,83,45,False,128
2020-05-29 22:00:00,82,47,False,129
2020-05-29 23:00:00,85,48,False,133
2020-05-30 00:00:00,76,41,False,117
2020-05-30 01:00:00,77,42,False,119
2020-05-30 02:00:00,73,38,False,111
2020-05-30 03:00:00,75,45,False,120
2020-05-30 04:00:00,66,41,False,107
2020-05-30 05:00:00,69,40,False,109
2020-05-30 06:00:00,67,44,False,111
2020-05-30 07:00:00,63,42,False,105
2020-05-30 08:00:00,61,39,False,100
2020-05-30 09:00:00,61,41,False,102
2020-05-30 10:00:00,65,42,False,107
2020-05-30 11:00:00,71,48,False,119
2020-05-30 12:00:00,68,41,False,109
2020-05-30 13:00:00,65,43,False,108
2020-05-30 14:00:00,70,45,False,115
2020-05-30 15:00:00,67,39,False,106
2020-05-30 16:00:00,69,40,False,109
2020-05-30 17:00:00,66,43,False,109
2020-05-30 18:00:00,66,46,False,112
2020-05-30 19:00:00,64,44,False,108
2020-05-30 20:00:00,71,47,False,118
2020-05-30 21:00:00,81,50,False,131
2020-05-30 22:00:00,100,61,False,161
2020-05-30 23:00:00,92,62,False,154
2020-05-31 00:00:00,95,58,False,153
2020-05-31 01:00:00,99,56,False,155
2020-05-31 02:00:00,98,49,False,147
2020-05-31 03:00:00,91,53,False,144
2020-05-31 04:00:00,71,45,False,116
2020-05-31 05:00:00,68,46,False,114
2020-05-31 06:00:00,67,45,False,112
2020-05-31 07:00:00,63,43,False,106
2020-05-31 08:00:00,69,49,False,118
2020-05-31 09:00:00,65,45,False,110
2020-05-31 10:00:00,68,57,False,125
2020-05-31 11:00:00,70,62,False,132
2020-05-31 12:00:00,66,55,False,121
2020-05-31 13:00:00,68,51,False,119
2020-05-31 14:00:00,66,48,False,114
2020-05-31 15:00:00,67,45,False,112
2020-05-31 16:00:00,68,44,False,112
2020-05-31 17:00:00,70,44,False,114
2020-05-31 18:00:00,68,43,False,111
2020-05-31 19:00:00,78,49,False,127
2020-05-31 20:00:00,77,50,False,127
2020-05-31 21:00:00,76,54,False,130
2020-05-31 22:00:00,74,54,False,128
2020-05-31 23:00:00,76,48,False,124
2020-06-01 00:00:00,73,48,False,121
2020-06-01 01:00:00,73,46,False,119
2020-06-01 02:00:00,75,49,False,124
2020-06-01 03:00:00,65,47,False,112
2020-06-01 04:00:00,65,47,False,112
2020-06-01 05:00:00,65,43,False,108
2020-06-01 06:00:00,65,42,False,107
2020-06-01 07:00:00,57,40,False,97
2020-06-01 08:00:00,58,38,False,96
2020-06-01 09:00:00,56,33,False,89
2020-06-01 10:00:00,58,37,False,95
2020-06-01 11:00:00,55,40,False,95
2020-06-01 12:00:00,59,39,False,98
2020-06-01 13:00:00,63,43,False,106
2020-06-01 14:00:00,63,37,False,100
2020-06-01 15:00:00,65,41,False,106
2020-06-01 16:00:00,70,42,False,112
2020-06-01 17:00:00,63,41,False,104
2020-06-01 18:00:00,66,46,False,112
2020-06-01 19:00:00,67,44,False,111
2020-06-01 20:00:00,71,49,False,120
2020-06-01 21:00:00,74,51,False,125
2020-06-01 22:00:00,74,57,False,131
2020-06-01 23:00:00,78,76,False,154
2020-06-02 00:00:00,81,77,False,158
2020-06-02 01:00:00,75,66,False,141
2020-06-02 02:00:00,73,62,False,135
2020-06-02 03:00:00,72,62,False,134
2020-06-02 04:00:00,88,57,False,145
2020-06-02 05:00:00,76,57,False,133
2020-06-02 06:00:00,67,50,False,117
2020-06-02 07:00:00,66,49,False,115
2020-06-02 08:00:00,70,49,False,119
2020-06-02 09:00:00,69,48,False,117
2020-06-02 10:00:00,72,52,False,124
2020-06-02 11:00:00,68,52,False,120
2020-06-02 12:00:00,68,53,False,121
2020-06-02 13:00:00,75,55,False,130
2020-06-02 14:00:00,73,54,False,127
2020-06-02 15:00:00,72,49,False,121
2020-06-02 16:00:00,70,46,False,116
2020-06-02 17:00:00,69,44,False,113
2020-06-02 18:00:00,68,47,False,115
2020-06-02 19:00:00,74,48,False,122
2020-06-02 20:00:00,77,52,False,129
2020-06-02 21:00:00,80,55,False,135
2020-06-02 22:00:00,82,53,False,135
2020-06-02 23:00:00,74,54,False,128
2020-06-03 00:00:00,77,52,False,129
2020-06-03 00:00:00,43,29,False,72
2020-06-03 01:00:00,41,26,False,67
2020-06-03 02:00:00,37,28,False,65
2020-06-03 03:00:00,38,29,False,67
2020-06-03 04:00:00,36,26,False,62
2020-06-03 05:00:00,39,24,False,63
2020-06-03 06:00:00,34,23,False,57
2020-06-03 07:00:00,34,23,False,57
2020-06-03 08:00:00,36,20,False,56
2020-06-03 09:00:00,36,21,False,57
2020-06-03 10:00:00,36,21,False,57
2020-06-03 11:00:00,35,22,False,57
2020-06-03 12:00:00,34,22,False,56
2020-06-03 13:00:00,34,21,False,55
2020-06-03 14:00:00,35,22,False,57
2020-06-03 15:00:00,37,23,False,60
2020-06-03 16:00:00,36,21,False,57
2020-06-03 17:00:00,37,22,False,59
2020-06-03 18:00:00,38,23,False,61
2020-06-03 19:00:00,39,26,False,65
2020-06-03 20:00:00,41,27,False,68
2020-06-03 21:00:00,46,28,False,74
2020-06-03 22:00:00,44,29,False,73
2020-06-03 23:00:00,43,29,False,72
2020-06-04 00:00:00,42,28,False,70
2020-06-04 01:00:00,45,27,False,72
2020-06-04 02:00:00,61,29,False,90
2020-06-04 03:00:00,62,29,False,91
2020-06-04 04:00:00,51,29,False,80
2020-06-04 05:00:00,45,30,False,75
2020-06-04 06:00:00,34,21,False,55
2020-06-04 07:00:00,35,22,False,57
2020-06-04 08:00:00,35,20,False,55
2020-06-04 09:00:00,32,22,False,54
2020-06-04 10:00:00,35,20,False,55
2020-06-04 11:00:00,37,22,False,59
2020-06-04 12:00:00,40,23,False,63
2020-06-04 13:00:00,41,23,False,64
2020-06-04 14:00:00,37,23,False,60
2020-06-04 15:00:00,41,23,False,64
2020-06-04 16:00:00,40,23,False,63
2020-06-04 17:00:00,41,23,False,64
2020-06-04 18:00:00,41,24,False,65
2020-06-04 19:00:00,41,24,False,65
2020-06-04 20:00:00,44,28,False,72
2020-06-04 21:00:00,46,27,False,73
2020-06-04 22:00:00,45,30,False,75
2020-06-04 23:00:00,44,29,False,73
2020-06-05 00:00:00,45,27,False,72
2020-06-05 01:00:00,44,26,False,70
2020-06-05 02:00:00,42,26,False,68
2020-06-05 03:00:00,40,26,False,66
2020-06-05 04:00:00,44,25,False,69
2020-06-05 05:00:00,39,24,False,63
2020-06-05 06:00:00,33,20,False,53
2020-06-05 07:00:00,34,22,False,56
2020-06-05 08:00:00,35,19,False,54
2020-06-05 09:00:00,35,20,False,55
2020-06-05 10:00:00,34,20,False,54
2020-06-05 11:00:00,33,21,False,54
2020-06-05 12:00:00,33,19,False,52
2020-06-05 13:00:00,36,22,False,58
2020-06-05 14:00:00,38,22,False,60
2020-06-05 15:00:00,35,23,False,58
2020-06-05 16:00:00,37,23,False,60
2020-06-05 17:00:00,36,21,False,57
2020-06-05 18:00:00,39,23,False,62
2020-06-05 19:00:00,39,23,False,62
2020-06-05 20:00:00,40,26,False,66
2020-06-05 21:00:00,42,26,False,68
2020-06-05 22:00:00,47,29,False,76
2020-06-05 23:00:00,43,28,False,71
2020-06-06 00:00:00,45,27,False,72
2020-06-06 01:00:00,40,25,False,65
2020-06-06 02:00:00,41,26,False,67
2020-06-06 03:00:00,41,25,False,66
2020-06-06 04:00:00,38,24,False,62
2020-06-06 05:00:00,38,21,False,59
2020-06-06 06:00:00,38,22,False,60
2020-06-06 07:00:00,34,22,False,56
2020-06-06 08:00:00,34,21,False,55
2020-06-06 09:00:00,33,20,False,53
2020-06-06 10:00:00,34,22,False,56
2020-06-06 11:00:00,35,23,False,58
2020-06-06 12:00:00,35,21,False,56
2020-06-06 13:00:00,37,21,False,58
2020-06-06 14:00:00,36,21,False,57
2020-06-06 15:00:00,37,23,False,60
2020-06-06 16:00:00,37,21,False,58
2020-06-06 17:00:00,36,21,False,57
2020-06-06 18:00:00,37,21,False,58
2020-06-06 19:00:00,42,23,False,65
2020-06-06 20:00:00,41,24,False,65
2020-06-06 21:00:00,48,27,False,75
2020-06-06 22:00:00,52,28,False,80
2020-06-06 23:00:00,50,28,False,78
2020-06-07 00:00:00,59,28,False,87
2020-06-07 01:00:00,70,27,False,97
2020-06-07 02:00:00,100,27,False,127
2020-06-07 03:00:00,72,23,False,95
2020-06-07 04:00:00,53,26,False,79
2020-06-07 05:00:00,40,26,False,66
2020-06-07 06:00:00,37,25,False,62
2020-06-07 07:00:00,29,21,False,50
2020-06-07 08:00:00,35,21,False,56
2020-06-07 09:00:00,32,21,False,53
2020-06-07 10:00:00,32,20,False,52
2020-06-07 11:00:00,32,20,False,52
2020-06-07 12:00:00,33,20,False,53
2020-06-07 13:00:00,36,23,False,59
2020-06-07 14:00:00,35,21,False,56
2020-06-07 15:00:00,37,22,False,59
2020-06-07 16:00:00,37,22,False,59
2020-06-07 17:00:00,37,21,False,58
2020-06-07 18:00:00,37,22,False,59
2020-06-07 19:00:00,40,23,False,63
2020-06-07 20:00:00,41,25,False,66
2020-06-07 21:00:00,42,26,False,68
2020-06-07 22:00:00,48,29,False,77
2020-06-07 23:00:00,43,29,False,72
2020-06-08 00:00:00,43,24,False,67
2020-06-08 01:00:00,42,28,False,70
2020-06-08 02:00:00,43,27,False,70
2020-06-08 03:00:00,39,27,False,66
2020-06-08 04:00:00,39,25,False,64
2020-06-08 05:00:00,39,25,False,64
2020-06-08 06:00:00,34,21,False,55
2020-06-08 07:00:00,34,20,False,54
2020-06-08 08:00:00,36,21,False,57
2020-06-08 09:00:00,32,21,False,53
2020-06-08 10:00:00,33,21,False,54
2020-06-08 11:00:00,32,23,False,55
2020-06-08 12:00:00,34,21,False,55
2020-06-08 13:00:00,35,22,False,57
2020-06-08 14:00:00,34,21,False,55
2020-06-08 15:00:00,36,22,False,58
2020-06-08 16:00:00,37,22,False,59
2020-06-08 17:00:00,38,22,False,60
2020-06-08 18:00:00,41,26,False,67
2020-06-08 19:00:00,41,26,False,67
2020-06-08 20:00:00,46,29,False,75
2020-06-08 21:00:00,44,31,False,75
2020-06-08 22:00:00,46,31,False,77
2020-06-08 23:00:00,43,32,False,75
2020-06-09 00:00:00,43,30,False,73
2020-06-09 01:00:00,48,28,False,76
2020-06-09 02:00:00,42,32,False,74
2020-06-09 03:00:00,43,29,False,72
2020-06-09 04:00:00,44,28,False,72
2020-06-09 05:00:00,42,28,False,70
2020-06-09 06:00:00,36,23,False,59
2020-06-09 07:00:00,36,23,False,59
2020-06-09 08:00:00,34,23,False,57
2020-06-09 09:00:00,33,21,False,54
2020-06-09 10:00:00,34,22,False,56
2020-06-09 11:00:00,35,22,False,57
2020-06-09 12:00:00,32,22,False,54
2020-06-09 13:00:00,37,23,False,60
2020-06-09 14:00:00,38,22,False,60
2020-06-09 15:00:00,37,23,False,60
2020-06-09 16:00:00,38,25,False,63
2020-06-09 17:00:00,37,21,False,58
2020-06-09 18:00:00,39,25,False,64
2020-06-09 19:00:00,41,26,False,67
2020-06-09 20:00:00,45,30,False,75
2020-06-09 21:00:00,49,32,False,81
2020-06-09 22:00:00,45,34,False,79
2020-06-09 23:00:00,48,32,False,80
2020-06-10 00:00:00,45,31,False,76
2020-06-10 00:00:00,91,62,False,153
2020-06-10 01:00:00,92,58,False,150
2020-06-10 02:00:00,92,64,False,156
2020-06-10 03:00:00,92,59,False,151
2020-06-10 04:00:00,82,61,False,143
2020-06-10 05:00:00,87,48,False,135
2020-06-10 06:00:00,78,43,False,121
2020-06-10 07:00:00,70,47,False,117
2020-06-10 08:00:00,73,40,False,113
2020-06-10 09:00:00,72,38,False,110
2020-06-10 10:00:00,65,43,False,108
2020-06-10 11:00:00,65,42,False,107
2020-06-10 12:00:00,69,44,False,113
2020-06-10 13:00:00,71,43,False,114
2020-06-10 14:00:00,77,45,False,122
2020-06-10 15:00:00,73,48,False,121
2020-06-10 16:00:00,76,46,False,122
2020-06-10 17:00:00,79,43,False,122
2020-06-10 18:00:00,87,46,False,133
2020-06-10 19:00:00,85,50,False,135
2020-06-10 20:00:00,88,55,False,143
2020-06-10 21:00:00,95,56,False,151
2020-06-10 22:00:00,89,59,False,148
2020-06-10 23:00:00,91,64,False,155
2020-06-11 00:00:00,87,55,False,142
2020-06-11 01:00:00,90,54,False,144
2020-06-11 02:00:00,84,54,False,138
2020-06-11 03:00:00,87,57,False,144
2020-06-11 04:00:00,76,52,False,128
2020-06-11 05:00:00,81,49,False,130
2020-06-11 06:00:00,67,43,False,110
2020-06-11 07:00:00,67,40,False,107
2020-06-11 08:00:00,73,42,False,115
2020-06-11 09:00:00,65,42,False,107
2020-06-11 10:00:00,74,43,False,117
2020-06-11 11:00:00,68,46,False,114
2020-06-11 12:00:00,72,43,False,115
2020-06-11 13:00:00,71,44,False,115
2020-06-11 14:00:00,73,45,False,118
2020-06-11 15:00:00,76,49,False,125
2020-06-11 16:00:00,77,48,False,125
2020-06-11 17:00:00,78,49,False,127
2020-06-11 18:00:00,81,48,False,129
2020-06-11 19:00:00,83,55,False,138
2020-06-11 20:00:00,89,58,False,147
2020-06-11 21:00:00,86,59,False,145
2020-06-11 22:00:00,88,64,False,152
2020-06-11 23:00:00,91,57,False,148
2020-06-12 00:00:00,86,55,False,141
2020-06-12 01:00:00,85,54,False,139
2020-06-12 02:00:00,81,56,False,137
2020-06-12 03:00:00,78,53,False,131
2020-06-12 04:00:00,85,53,False,138
2020-06-12 05:00:00,79,43,False,122
2020-06-12 06:00:00,69,45,False,114
2020-06-12 07:00:00,71,43,False,114
2020-06-12 08:00:00,67,36,False,103
2020-06-12 09:00:00,69,40,False,109
2020-06-12 10:00:00,67,41,False,108
2020-06-12 11:00:00,70,44,False,114
2020-06-12 12:00:00,65,40,False,105
2020-06-12 13:00:00,73,45,False,118
2020-06-12 14:00:00,74,41,False,115
2020-06-12 15:00:00,69,41,False,110
2020-06-12 16:00:00,71,39,False,110
2020-06-12 17:00:00,72,43,False,115
2020-06-12 18:00:00,79,42,False,121
2020-06-12 19:00:00,78,43,False,121
2020-06-12 20:00:00,82,46,False,128
2020-06-12 21:00:00,88,53,False,141
2020-06-12 22:00:00,86,51,False,137
2020-06-12 23:00:00,82,53,False,135
2020-06-13 00:00:00,88,55,False,143
2020-06-13 01:00:00,85,43,False,128
2020-06-13 02:00:00,82,48,False,130
2020-06-13 03:00:00,81,44,False,125
2020-06-13 04:00:00,82,42,False,124
2020-06-13 05:00:00,74,45,False,119
2020-06-13 06:00:00,65,41,False,106
2020-06-13 07:00:00,61,38,False,99
2020-06-13 08:00:00,66,41,False,107
2020-06-13 09:00:00,66,36,False,102
2020-06-13 10:00:00,68,45,False,113
2020-06-13 11:00:00,72,44,False,116
2020-06-13 12:00:00,67,42,False,109
2020-06-13 13:00:00,71,40,False,111
2020-06-13 14:00:00,72,41,False,113
2020-06-13 15:00:00,67,37,False,104
2020-06-13 16:00:00,72,39,False,111
2020-06-13 17:00:00,75,42,False,117
2020-06-13 18:00:00,81,43,False,124
2020-06-13 19:00:00,89,43,False,132
2020-06-13 20:00:00,91,49,False,140
2020-06-13 21:00:00,93,50,False,143
2020-06-13 22:00:00,96,51,False,147
2020-06-13 23:00:00,97,47,False,144
2020-06-14 00:00:00,100,53,False,153
2020-06-14 01:00:00,95,52,False,147
2020-06-14 02:00:00,99,53,False,152
2020-06-14 03:00:00,94,47,False,141
2020-06-14 04:00:00,79,48,False,127
2020-06-14 05:00:00,76,45,False,121
2020-06-14 06:00:00,68,40,False,108
2020-06-14 07:00:00,62,39,False,101
2020-06-14 08:00:00,72,46,False,118
2020-06-14 09:00:00,61,37,False,98
2020-06-14 10:00:00,67,42,False,109
2020-06-14 11:00:00,67,38,False,105
2020-06-14 12:00:00,64,39,False,103
2020-06-14 13:00:00,71,40,False,111
2020-06-14 14:00:00,70,38,False,108
2020-06-14 15:00:00,74,54,False,128
2020-06-14 16:00:00,76,40,False,116
2020-06-14 17:00:00,88,43,False,131
2020-06-14 18:00:00,79,42,False,121
2020-06-14 19:00:00,82,44,False,126
2020-06-14 20:00:00,89,49,False,138
2020-06-14 21:00:00,88,55,False,143
2020-06-14 22:00:00,91,55,False,146
2020-06-14 23:00:00,88,54,False,142
2020-06-15 00:00:00,85,54,False,139
2020-06-15 01:00:00,86,48,False,134
2020-06-15 02:00:00,85,52,False,137
2020-06-15 03:00:00,86,54,False,140
2020-06-15 04:00:00,80,52,False,132
2020-06-15 05:00:00,77,46,False,123
2020-06-15 06:00:00,70,50,False,120
2020-06-15 07:00:00,64,41,False,105
2020-06-15 08:00:00,72,40,False,112
2020-06-15 09:00:00,68,39,False,107
2020-06-15 10:00:00,65,43,False,108
2020-06-15 11:00:00,67,45,False,112
2020-06-15 12:00:00,74,44,False,118
2020-06-15 13:00:00,79,46,False,125
2020-06-15 14:00:00,77,44,False,121
2020-06-15 15:00:00,79,46,False,125
2020-06-15 16:00:00,80,45,False,125
2020-06-15 17:00:00,82,48,False,130
2020-06-15 18:00:00,84,54,False,138
2020-06-15 19:00:00,85,48,False,133
2020-06-15 20:00:00,88,57,False,145
2020-06-15 21:00:00,94,60,False,154
2020-06-15 22:00:00,96,70,False,166
2020-06-15 23:00:00,97,56,False,153
2020-06-16 00:00:00,99,60,False,159
2020-06-16 01:00:00,99,62,False,161
2020-06-16 02:00:00,97,55,False,152
2020-06-16 03:00:00,93,49,False,142
2020-06-16 04:00:00,93,55,False,148
2020-06-16 05:00:00,83,54,False,137
2020-06-16 06:00:00,71,45,False,116
2020-06-16 07:00:00,69,41,False,110
2020-06-16 08:00:00,68,40,False,108
2020-06-16 09:00:00,70,38,False,108
2020-06-16 10:00:00,73,43,False,116
2020-06-16 11:00:00,69,42,False,111
2020-06-16 12:00:00,70,45,False,115
2020-06-16 13:00:00,77,47,False,124
2020-06-16 14:00:00,78,48,False,126
2020-06-16 15:00:00,81,47,False,128
2020-06-16 16:00:00,83,46,False,129
2020-06-16 17:00:00,81,45,False,126
2020-06-16 18:00:00,88,50,False,138
2020-06-16 19:00:00,90,51,False,141
2020-06-16 20:00:00,96,53,False,149
2020-06-16 21:00:00,94,57,False,151
2020-06-16 22:00:00,98,60,False,158
2020-06-16 23:00:00,94,57,False,151
2020-06-17 00:00:00,97,51,False,148
2020-06-17 00:00:00,76,40,False,116
2020-06-17 01:00:00,77,43,False,120
2020-06-17 02:00:00,77,43,False,120
2020-06-17 03:00:00,68,40,False,108
2020-06-17 04:00:00,65,40,False,105
2020-06-17 05:00:00,60,37,False,97
2020-06-17 06:00:00,61,34,False,95
2020-06-17 07:00:00,57,34,False,91
2020-06-17 08:00:00,55,33,False,88
2020-06-17 09:00:00,56,32,False,88
2020-06-17 10:00:00,54,30,False,84
2020-06-17 11:00:00,56,34,False,90
2020-06-17 12:00:00,60,40,False,100
2020-06-17 13:00:00,66,42,False,108
2020-06-17 14:00:00,64,39,False,103
2020-06-17 15:00:00,63,40,False,103
2020-06-17 16:00:00,65,40,False,105
2020-06-17 17:00:00,68,37,False,105
2020-06-17 18:00:00,70,39,False,109
2020-06-17 19:00:00,84,38,False,122
2020-06-17 20:00:00,78,46,False,124
2020-06-17 21:00:00,72,47,False,119
2020-06-17 22:00:00,78,47,False,125
2020-06-17 23:00:00,78,49,False,127
2020-06-18 00:00:00,78,46,False,124
2020-06-18 01:00:00,75,44,False,119
2020-06-18 02:00:00,73,47,False,120
2020-06-18 03:00:00,69,42,False,111
2020-06-18 04:00:00,65,40,False,105
2020-06-18 05:00:00,59,38,False,97
2020-06-18 06:00:00,52,32,False,84
2020-06-18 07:00:00,55,31,False,86
2020-06-18 08:00:00,56,33,False,89
2020-06-18 09:00:00,51,29,False,80
2020-06-18 10:00:00,57,33,False,90
2020-06-18 11:00:00,55,32,False,87
2020-06-18 12:00:00,54,34,False,88
2020-06-18 13:00:00,59,36,False,95
2020-06-18 14:00:00,62,36,False,98
2020-06-18 15:00:00,63,36,False,99
2020-06-18 16:00:00,64,36,False,100
2020-06-18 17:00:00,64,36,False,100
2020-06-18 18:00:00,64,37,False,101
2020-06-18 19:00:00,71,37,False,108
2020-06-18 20:00:00,73,44,False,117
2020-06-18 21:00:00,100,50,False,150
2020-06-18 22:00:00,86,49,False,135
2020-06-18 23:00:00,75,48,False,123
2020-06-19 00:00:00,79,42,False,121
2020-06-19 01:00:00,78,43,False,121
2020-06-19 02:00:00,70,43,False,113
2020-06-19 03:00:00,66,44,False,110
2020-06-19 04:00:00,65,39,False,104
2020-06-19 05:00:00,62,41,False,103
2020-06-19 06:00:00,55,34,False,89
2020-06-19 07:00:00,56,32,False,88
2020-06-19 08:00:00,58,31,False,89
2020-06-19 09:00:00,59,28,False,87
2020-06-19 10:00:00,56,32,False,88
2020-06-19 11:00:00,55,33,False,88
2020-06-19 12:00:00,57,35,False,92
2020-06-19 13:00:00,58,33,False,91
2020-06-19 14:00:00,57,37,False,94
2020-06-19 15:00:00,61,37,False,98
2020-06-19 16:00:00,60,33,False,93
2020-06-19 17:00:00,60,36,False,96
2020-06-19 18:00:00,65,35,False,100
2020-06-19 19:00:00,78,36,False,114
2020-06-19 20:00:00,69,37,False,106
2020-06-19 21:00:00,69,41,False,110
2020-06-19 22:00:00,69,45,False,114
2020-06-19 23:00:00,72,41,False,113
2020-06-20 00:00:00,70,40,False,110
2020-06-20 01:00:00,65,39,False,104
2020-06-20 02:00:00,65,39,False,104
2020-06-20 03:00:00,59,39,False,98
2020-06-20 04:00:00,62,32,False,94
2020-06-20 05:00:00,52,35,False,87
2020-06-20 06:00:00,55,37,False,92
2020-06-20 07:00:00,53,29,False,82
2020-06-20 08:00:00,53,32,False,85
2020-06-20 09:00:00,46,30,False,76
2020-06-20 10:00:00,46,31,False,77
2020-06-20 11:00:00,53,33,False,86
2020-06-20 12:00:00,51,30,False,81
2020-06-20 13:00:00,60,32,False,92
2020-06-20 14:00:00,56,35,False,91
2020-06-20 15:00:00,59,32,False,91
2020-06-20 16:00:00,57,30,False,87
2020-06-20 17:00:00,57,31,False,88
2020-06-20 18:00:00,62,30,False,92
2020-06-20 19:00:00,63,33,False,96
2020-06-20 20:00:00,61,33,False,94
2020-06-20 21:00:00,73,37,False,110
2020-06-20 22:00:00,72,43,False,115
2020-06-20 23:00:00,72,40,False,112
2020-06-21 00:00:00,76,38,False,114
2020-06-21 01:00:00,85,37,False,122
2020-06-21 02:00:00,85,38,False,123
2020-06-21 03:00:00,64,36,False,100
2020-06-21 04:00:00,53,34,False,87
2020-06-21 05:00:00,61,32,False,93
2020-06-21 06:00:00,51,32,False,83
2020-06-21 07:00:00,46,30,False,76
2020-06-21 08:00:00,50,30,False,80
2020-06-21 09:00:00,48,30,False,78
2020-06-21 10:00:00,51,31,False,82
2020-06-21 11:00:00,50,35,False,85
2020-06-21 12:00:00,49,30,False,79
2020-06-21 13:00:00,56,32,False,88
2020-06-21 14:00:00,71,32,False,103
2020-06-21 15:00:00,56,30,False,86
2020-06-21 16:00:00,57,32,False,89
2020-06-21 17:00:00,56,35,False,91
2020-06-21 18:00:00,65,35,False,100
2020-06-21 19:00:00,59,38,False,97
2020-06-21 20:00:00,65,39,False,104
2020-06-21 21:00:00,70,41,False,111
2020-06-21 22:00:00,64,43,False,107
2020-06-21 23:00:00,69,44,False,113
2020-06-22 00:00:00,67,41,False,108
2020-06-22 01:00:00,67,39,False,106
2020-06-22 02:00:00,61,43,False,104
2020-06-22 03:00:00,63,38,False,101
2020-06-22 04:00:00,57,33,False,90
2020-06-22 05:00:00,55,35,False,90
2020-06-22 06:00:00,48,31,False,79
2020-06-22 07:00:00,54,30,False,84
2020-06-22 08:00:00,55,30,False,85
2020-06-22 09:00:00,53,29,False,82
2020-06-22 10:00:00,50,34,False,84
2020-06-22 11:00:00,56,35,False,91
2020-06-22 12:00:00,52,33,False,85
2020-06-22 13:00:00,57,35,False,92
2020-06-22 14:00:00,61,36,False,97
2020-06-22 15:00:00,61,35,False,96
2020-06-22 16:00:00,60,37,False,97
2020-06-22 17:00:00,67,37,False,104
2020-06-22 18:00:00,68,39,False,107
2020-06-22 19:00:00,69,39,False,108
2020-06-22 20:00:00,74,45,False,119
2020-06-22 21:00:00,78,48,False,126
2020-06-22 22:00:00,76,50,False,126
2020-06-22 23:00:00,80,51,False,131
2020-06-23 00:00:00,78,45,False,123
2020-06-23 01:00:00,78,48,False,126
2020-06-23 02:00:00,73,46,False,119
2020-06-23 03:00:00,69,45,False,114
2020-06-23 04:00:00,68,43,False,111
2020-06-23 05:00:00,69,44,False,113
2020-06-23 06:00:00,55,35,False,90
2020-06-23 07:00:00,60,34,False,94
2020-06-23 08:00:00,57,35,False,92
2020-06-23 09:00:00,58,31,False,89
2020-06-23 10:00:00,57,35,False,92
2020-06-23 11:00:00,54,34,False,88
2020-06-23 12:00:00,56,32,False,88
2020-06-23 13:00:00,57,33,False,90
2020-06-23 14:00:00,58,34,False,92
2020-06-23 15:00:00,61,37,False,98
2020-06-23 16:00:00,62,39,False,101
2020-06-23 17:00:00,63,35,False,98
2020-06-23 18:00:00,64,37,False,101
2020-06-23 19:00:00,68,38,False,106
2020-06-23 20:00:00,73,40,False,113
2020-06-23 21:00:00,72,43,False,115
2020-06-23 22:00:00,73,48,False,121
2020-06-23 23:00:00,78,42,False,120
2020-06-24 00:00:00,73,48,False,121
2020-06-24 00:00:00,78,51,False,129
2020-06-24 01:00:00,74,44,False,118
2020-06-24 02:00:00,82,46,False,128
2020-06-24 03:00:00,68,43,False,111
2020-06-24 04:00:00,73,40,False,113
2020-06-24 05:00:00,65,44,False,109
2020-06-24 06:00:00,61,37,False,98
2020-06-24 07:00:00,58,34,False,92
2020-06-24 08:00:00,58,35,False,93
2020-06-24 09:00:00,59,33,False,92
2020-06-24 10:00:00,56,35,False,91
2020-06-24 11:00:00,59,40,False,99
2020-06-24 12:00:00,57,39,False,96
2020-06-24 13:00:00,60,39,False,99
2020-06-24 14:00:00,63,39,False,102
2020-06-24 15:00:00,64,37,False,101
2020-06-24 16:00:00,61,37,False,98
2020-06-24 17:00:00,65,37,False,102
2020-06-24 18:00:00,65,37,False,102
2020-06-24 19:00:00,71,39,False,110
2020-06-24 20:00:00,71,43,False,114
2020-06-24 21:00:00,74,45,False,119
2020-06-24 22:00:00,72,44,False,116
2020-06-24 23:00:00,75,47,False,122
2020-06-25 00:00:00,81,45,False,126
2020-06-25 01:00:00,72,42,False,114
2020-06-25 02:00:00,73,40,False,113
2020-06-25 03:00:00,70,47,False,117
2020-06-25 04:00:00,69,47,False,116
2020-06-25 05:00:00,63,37,False,100
2020-06-25 06:00:00,59,38,False,97
2020-06-25 07:00:00,52,33,False,85
2020-06-25 08:00:00,58,30,False,88
2020-06-25 09:00:00,53,29,False,82
2020-06-25 10:00:00,54,30,False,84
2020-06-25 11:00:00,53,34,False,87
2020-06-25 12:00:00,55,34,False,89
2020-06-25 13:00:00,59,32,False,91
2020-06-25 14:00:00,59,34,False,93
2020-06-25 15:00:00,65,36,False,101
2020-06-25 16:00:00,67,39,False,106
2020-06-25 17:00:00,65,36,False,101
2020-06-25 18:00:00,68,39,False,107
2020-06-25 19:00:00,76,37,False,113
2020-06-25 20:00:00,75,42,False,117
2020-06-25 21:00:00,71,47,False,118
2020-06-25 22:00:00,76,47,False,123
2020-06-25 23:00:00,69,42,False,111
2020-06-26 00:00:00,73,42,False,115
2020-06-26 01:00:00,71,43,False,114
2020-06-26 02:00:00,76,40,False,116
2020-06-26 03:00:00,65,45,False,110
2020-06-26 04:00:00,62,42,False,104
2020-06-26 05:00:00,59,38,False,97
2020-06-26 06:00:00,55,32,False,87
2020-06-26 07:00:00,55,36,False,91
2020-06-26 08:00:00,55,35,False,90
2020-06-26 09:00:00,59,35,False,94
2020-06-26 10:00:00,55,34,False,89
2020-06-26 11:00:00,52,33,False,85
2020-06-26 12:00:00,60,45,False,105
2020-06-26 13:00:00,56,38,False,94
2020-06-26 14:00:00,58,34,False,92
2020-06-26 15:00:00,60,35,False,95
2020-06-26 16:00:00,62,33,False,95
2020-06-26 17:00:00,62,39,False,101
2020-06-26 18:00:00,60,38,False,98
2020-06-26 19:00:00,67,38,False,105
2020-06-26 20:00:00,68,40,False,108
2020-06-26 21:00:00,73,43,False,116
2020-06-26 22:00:00,72,47,False,119
2020-06-26 23:00:00,77,43,False,120
2020-06-27 00:00:00,72,41,False,113
2020-06-27 01:00:00,76,41,False,117
2020-06-27 02:00:00,76,41,False,117
2020-06-27 03:00:00,77,41,False,118
2020-06-27 04:00:00,74,38,False,112
2020-06-27 05:00:00,65,38,False,103
2020-06-27 06:00:00,57,33,False,90
2020-06-27 07:00:00,53,33,False,86
2020-06-27 08:00:00,53,34,False,87
2020-06-27 09:00:00,51,31,False,82
2020-06-27 10:00:00,52,35,False,87
2020-06-27 11:00:00,59,34,False,93
2020-06-27 12:00:00,55,33,False,88
2020-06-27 13:00:00,55,36,False,91
2020-06-27 14:00:00,59,35,False,94
2020-06-27 15:00:00,60,35,False,95
2020-06-27 16:00:00,67,34,False,101
2020-06-27 17:00:00,64,34,False,98
2020-06-27 18:00:00,67,39,False,106
2020-06-27 19:00:00,65,40,False,105
2020-06-27 20:00:00,75,56,False,131
2020-06-27 21:00:00,78,53,False,131
2020-06-27 22:00:00,83,51,False,134
2020-06-27 23:00:00,83,54,False,137
2020-06-28 00:00:00,93,48,False,141
2020-06-28 01:00:00,94,49,False,143
2020-06-28 02:00:00,100,50,False,150
2020-06-28 03:00:00,82,46,False,128
2020-06-28 04:00:00,72,44,False,116
2020-06-28 05:00:00,66,40,False,106
2020-06-28 06:00:00,57,40,False,97
2020-06-28 07:00:00,53,36,False,89
2020-06-28 08:00:00,52,36,False,88
2020-06-28 09:00:00,53,33,False,86
2020-06-28 10:00:00,56,36,False,92
2020-06-28 11:00:00,53,36,False,89
2020-06-28 12:00:00,59,37,False,96
2020-06-28 13:00:00,59,40,False,99
2020-06-28 14:00:00,62,38,False,100
2020-06-28 15:00:00,61,38,False,99
2020-06-28 16:00:00,63,35,False,98
2020-06-28 17:00:00,60,35,False,95
2020-06-28 18:00:00,63,40,False,103
2020-06-28 19:00:00,68,38,False,106
2020-06-28 20:00:00,73,41,False,114
2020-06-28 21:00:00,75,49,False,124
2020-06-28 22:00:00,74,48,False,122
2020-06-28 23:00:00,75,48,False,123
2020-06-29 00:00:00,77,41,False,118
2020-06-29 01:00:00,77,45,False,122
2020-06-29 02:00:00,72,42,False,114
2020-06-29 03:00:00,70,40,False,110
2020-06-29 04:00:00,68,37,False,105
2020-06-29 05:00:00,61,36,False,97
2020-06-29 06:00:00,56,33,False,89
2020-06-29 07:00:00,54,35,False,89
2020-06-29 08:00:00,59,32,False,91
2020-06-29 09:00:00,55,31,False,86
2020-06-29 10:00:00,56,34,False,90
2020-06-29 11:00:00,56,34,False,90
2020-06-29 12:00:00,51,32,False,83
2020-06-29 13:00:00,56,37,False,93
2020-06-29 14:00:00,63,39,False,102
2020-06-29 15:00:00,59,35,False,94
2020-06-29 16:00:00,65,36,False,101
2020-06-29 17:00:00,61,36,False,97
2020-06-29 18:00:00,64,38,False,102
2020-06-29 19:00:00,67,36,False,103
2020-06-29 20:00:00,75,43,False,118
2020-06-29 21:00:00,71,46,False,117
2020-06-29 22:00:00,70,46,False,116
2020-06-29 23:00:00,79,45,False,124
2020-06-30 00:00:00,76,44,False,120
2020-06-30 01:00:00,80,47,False,127
2020-06-30 02:00:00,72,48,False,120
2020-06-30 03:00:00,66,41,False,107
2020-06-30 04:00:00,64,44,False,108
2020-06-30 05:00:00,65,37,False,102
2020-06-30 06:00:00,52,34,False,86
2020-06-30 07:00:00,53,33,False,86
2020-06-30 08:00:00,55,33,False,88
2020-06-30 09:00:00,53,31,False,84
2020-06-30 10:00:00,50,32,False,82
2020-06-30 11:00:00,52,32,False,84
2020-06-30 12:00:00,58,35,False,93
2020-06-30 13:00:00,59,34,False,93
2020-06-30 14:00:00,60,34,False,94
2020-06-30 15:00:00,63,35,False,98
2020-06-30 16:00:00,63,33,False,96
2020-06-30 17:00:00,62,38,False,100
2020-06-30 18:00:00,64,39,False,103
2020-06-30 19:00:00,67,38,False,105
2020-06-30 20:00:00,76,41,False,117
2020-06-30 21:00:00,71,43,False,114
2020-06-30 22:00:00,71,45,False,116
2020-06-30 23:00:00,70,43,False,113
2020-07-01 00:00:00,73,46,False,119
2020-07-01 00:00:00,97,61,False,158
2020-07-01 01:00:00,98,52,False,150
2020-07-01 02:00:00,94,55,False,149
2020-07-01 03:00:00,92,59,False,151
2020-07-01 04:00:00,83,58,False,141
2020-07-01 05:00:00,84,51,False,135
2020-07-01 06:00:00,68,42,False,110
2020-07-01 07:00:00,71,43,False,114
2020-07-01 08:00:00,74,41,False,115
2020-07-01 09:00:00,73,39,False,112
2020-07-01 10:00:00,67,40,False,107
2020-07-01 11:00:00,71,47,False,118
2020-07-01 12:00:00,71,45,False,116
2020-07-01 13:00:00,77,45,False,122
2020-07-01 14:00:00,78,44,False,122
2020-07-01 15:00:00,78,47,False,125
2020-07-01 16:00:00,80,47,False,127
2020-07-01 17:00:00,82,47,False,129
2020-07-01 18:00:00,83,45,False,128
2020-07-01 19:00:00,82,49,False,131
2020-07-01 20:00:00,98,57,False,155
2020-07-01 21:00:00,92,58,False,150
2020-07-01 22:00:00,94,60,False,154
2020-07-01 23:00:00,100,61,False,161
2020-07-02 00:00:00,94,56,False,150
2020-07-02 01:00:00,88,51,False,139
2020-07-02 02:00:00,90,59,False,149
2020-07-02 03:00:00,87,63,False,150
2020-07-02 04:00:00,87,54,False,141
2020-07-02 05:00:00,85,51,False,136
2020-07-02 06:00:00,74,48,False,122
2020-07-02 07:00:00,70,47,False,117
2020-07-02 08:00:00,73,40,False,113
2020-07-02 09:00:00,68,43,False,111
2020-07-02 10:00:00,72,42,False,114
2020-07-02 11:00:00,69,46,False,115
2020-07-02 12:00:00,72,44,False,116
2020-07-02 13:00:00,79,46,False,125
2020-07-02 14:00:00,76,48,False,124
2020-07-02 15:00:00,76,51,False,127
2020-07-02 16:00:00,79,45,False,124
2020-07-02 17:00:00,82,45,False,127
2020-07-02 18:00:00,85,49,False,134
2020-07-02 19:00:00,98,53,False,151
2020-07-02 20:00:00,93,51,False,144
2020-07-02 21:00:00,90,54,False,144
2020-07-02 22:00:00,86,53,False,139
2020-07-02 23:00:00,92,53,False,145
2020-07-03 00:00:00,87,50,False,137
2020-07-03 01:00:00,97,54,False,151
2020-07-03 02:00:00,98,53,False,151
2020-07-03 03:00:00,84,54,False,138
2020-07-03 04:00:00,87,49,False,136
2020-07-03 05:00:00,78,48,False,126
2020-07-03 06:00:00,71,44,False,115
2020-07-03 07:00:00,70,42,False,112
2020-07-03 08:00:00,66,44,False,110
2020-07-03 09:00:00,70,40,False,110
2020-07-03 10:00:00,71,37,False,108
2020-07-03 11:00:00,71,44,False,115
2020-07-03 12:00:00,70,43,False,113
2020-07-03 13:00:00,71,46,False,117
2020-07-03 14:00:00,75,46,False,121
2020-07-03 15:00:00,75,43,False,118
2020-07-03 16:00:00,77,46,False,123
2020-07-03 17:00:00,75,45,False,120
2020-07-03 18:00:00,78,46,False,124
2020-07-03 19:00:00,76,48,False,124
2020-07-03 20:00:00,83,50,False,133
2020-07-03 21:00:00,84,54,False,138
2020-07-03 22:00:00,83,53,False,136
2020-07-03 23:00:00,86,56,False,142
2020-07-04 00:00:00,86,52,False,138
2020-07-04 01:00:00,90,53,False,143
2020-07-04 02:00:00,85,49,False,134
2020-07-04 03:00:00,86,59,False,145
2020-07-04 04:00:00,83,50,False,133
2020-07-04 05:00:00,77,49,False,126
2020-07-04 06:00:00,65,45,False,110
2020-07-04 07:00:00,61,44,False,105
2020-07-04 08:00:00,67,43,False,110
2020-07-04 09:00:00,65,43,False,108
2020-07-04 10:00:00,62,42,False,104
2020-07-04 11:00:00,66,42,False,108
2020-07-04 12:00:00,66,44,False,110
2020-07-04 13:00:00,69,47,False,116
2020-07-04 14:00:00,76,45,False,121
2020-07-04 15:00:00,76,43,False,119
2020-07-04 16:00:00,73,45,False,118
2020-07-04 17:00:00,74,45,False,119
2020-07-04 18:00:00,76,53,False,129
2020-07-04 19:00:00,80,46,False,126
2020-07-04 20:00:00,80,51,False,131
2020-07-04 21:00:00,85,53,False,138
2020-07-04 22:00:00,79,56,False,135
2020-07-04 23:00:00,83,51,False,134
2020-07-05 00:00:00,89,51,False,140
2020-07-05 01:00:00,80,49,False,129
2020-07-05 02:00:00,75,47,False,122
2020-07-05 03:00:00,78,48,False,126
2020-07-05 04:00:00,76,48,False,124
2020-07-05 05:00:00,77,47,False,124
2020-07-05 06:00:00,69,48,False,117
2020-07-05 07:00:00,66,46,False,112
2020-07-05 08:00:00,61,43,False,104
2020-07-05 09:00:00,64,40,False,104
2020-07-05 10:00:00,62,43,False,105
2020-07-05 11:00:00,60,41,False,101
2020-07-05 12:00:00,65,42,False,107
2020-07-05 13:00:00,76,44,False,120
2020-07-05 14:00:00,76,51,False,127
2020-07-05 15:00:00,75,48,False,123
2020-07-05 16:00:00,71,44,False,115
2020-07-05 17:00:00,75,48,False,123
2020-07-05 18:00:00,79,49,False,128
2020-07-05 19:00:00,86,53,False,139
2020-07-05 20:00:00,91,52,False,143
2020-07-05 21:00:00,89,54,False,143
2020-07-05 22:00:00,96,61,False,157
2020-07-05 23:00:00,94,55,False,149
2020-07-06 00:00:00,93,55,False,148
2020-07-06 01:00:00,90,52,False,142
2020-07-06 02:00:00,88,52,False,140
2020-07-06 03:00:00,78,54,False,132
2020-07-06 04:00:00,82,51,False,133
2020-07-06 05:00:00,81,48,False,129
2020-07-06 06:00:00,74,45,False,119
2020-07-06 07:00:00,73,52,False,125
2020-07-06 08:00:00,76,49,False,125
2020-07-06 09:00:00,72,47,False,119
2020-07-06 10:00:00,72,56,False,128
2020-07-06 11:00:00,78,60,False,138
2020-07-06 12:00:00,79,63,False,142
2020-07-06 13:00:00,81,66,False,147
2020-07-06 14:00:00,80,62,False,142
2020-07-06 15:00:00,81,59,False,140
2020-07-06 16:00:00,81,62,False,143
2020-07-06 17:00:00,84,59,False,143
2020-07-06 18:00:00,79,54,False,133
2020-07-06 19:00:00,87,62,False,149
2020-07-06 20:00:00,94,64,False,158
2020-07-06 21:00:00,97,74,False,171
2020-07-06 22:00:00,99,71,False,170
2020-07-06 23:00:00,96,69,False,165
2020-07-07 00:00:00,92,68,False,160
2020-07-07 01:00:00,100,73,False,173
2020-07-07 02:00:00,97,64,False,161
2020-07-07 03:00:00,88,68,False,156
2020-07-07 04:00:00,96,67,False,163
2020-07-07 05:00:00,91,61,False,152
2020-07-07 06:00:00,78,57,False,135
2020-07-07 07:00:00,69,49,False,118
2020-07-07 08:00:00,70,48,False,118
2020-07-07 09:00:00,71,43,False,114
2020-07-07 10:00:00,71,48,False,119
2020-07-07 11:00:00,69,47,False,116
2020-07-07 12:00:00,75,48,False,123
2020-07-07 13:00:00,75,52,False,127
2020-07-07 14:00:00,80,47,False,127
2020-07-07 15:00:00,81,50,False,131
2020-07-07 16:00:00,82,52,False,134
2020-07-07 17:00:00,83,55,False,138
2020-07-07 18:00:00,90,52,False,142
2020-07-07 19:00:00,90,51,False,141
2020-07-07 20:00:00,93,56,False,149
2020-07-07 21:00:00,94,57,False,151
2020-07-07 22:00:00,94,66,False,160
2020-07-07 23:00:00,92,61,False,153
2020-07-08 00:00:00,93,65,False,158
2020-07-15 00:00:00,87,60,False,147
2020-07-15 01:00:00,78,56,False,134
2020-07-15 02:00:00,83,57,False,140
2020-07-15 03:00:00,75,56,False,131
2020-07-15 04:00:00,74,53,False,127
2020-07-15 05:00:00,69,51,False,120
2020-07-15 06:00:00,65,45,False,110
2020-07-15 07:00:00,59,42,False,101
2020-07-15 08:00:00,67,38,False,105
2020-07-15 09:00:00,64,40,False,104
2020-07-15 10:00:00,62,43,False,105
2020-07-15 11:00:00,63,47,False,110
2020-07-15 12:00:00,66,45,False,111
2020-07-15 13:00:00,71,43,False,114
2020-07-15 14:00:00,68,44,False,112
2020-07-15 15:00:00,72,46,False,118
2020-07-15 16:00:00,73,47,False,120
2020-07-15 17:00:00,73,50,False,123
2020-07-15 18:00:00,73,49,False,122
2020-07-15 19:00:00,76,51,False,127
2020-07-15 20:00:00,88,57,False,145
2020-07-15 21:00:00,90,59,False,149
2020-07-15 22:00:00,93,65,False,158
2020-07-15 23:00:00,97,63,False,160
2020-07-16 00:00:00,91,57,False,148
2020-07-16 01:00:00,86,55,False,141
2020-07-16 02:00:00,80,52,False,132
2020-07-16 03:00:00,87,50,False,137
2020-07-16 04:00:00,79,51,False,130
2020-07-16 05:00:00,79,46,False,125
2020-07-16 06:00:00,73,40,False,113
2020-07-16 07:00:00,68,44,False,112
2020-07-16 08:00:00,63,41,False,104
2020-07-16 09:00:00,66,40,False,106
2020-07-16 10:00:00,62,47,False,109
2020-07-16 11:00:00,68,47,False,115
2020-07-16 12:00:00,65,44,False,109
2020-07-16 13:00:00,67,41,False,108
2020-07-16 14:00:00,77,44,False,121
2020-07-16 15:00:00,75,43,False,118
2020-07-16 16:00:00,74,46,False,120
2020-07-16 17:00:00,75,47,False,122
2020-07-16 18:00:00,78,47,False,125
2020-07-16 19:00:00,81,48,False,129
2020-07-16 20:00:00,80,51,False,131
2020-07-16 21:00:00,80,56,False,136
2020-07-16 22:00:00,77,49,False,126
2020-07-16 23:00:00,91,54,False,145
2020-07-17 00:00:00,79,60,False,139
2020-07-17 01:00:00,77,53,False,130
2020-07-17 02:00:00,78,52,False,130
2020-07-17 03:00:00,73,52,False,125
2020-07-17 04:00:00,74,48,False,122
2020-07-17 05:00:00,73,48,False,121
2020-07-17 06:00:00,65,42,False,107
2020-07-17 07:00:00,61,40,False,101
2020-07-17 08:00:00,60,36,False,96
2020-07-17 09:00:00,64,42,False,106
2020-07-17 10:00:00,59,38,False,97
2020-07-17 11:00:00,64,41,False,105
2020-07-17 12:00:00,63,46,False,109
2020-07-17 13:00:00,66,48,False,114
2020-07-17 14:00:00,70,43,False,113
2020-07-17 15:00:00,71,45,False,116
2020-07-17 16:00:00,67,41,False,108
2020-07-17 17:00:00,72,46,False,118
2020-07-17 18:00:00,70,41,False,111
2020-07-17 19:00:00,76,48,False,124
2020-07-17 20:00:00,78,51,False,129
2020-07-17 21:00:00,80,53,False,133
2020-07-17 22:00:00,87,55,False,142
2020-07-17 23:00:00,76,51,False,127
2020-07-18 00:00:00,75,50,False,125
2020-07-18 01:00:00,80,51,False,131
2020-07-18 02:00:00,77,46,False,123
2020-07-18 03:00:00,76,51,False,127
2020-07-18 04:00:00,68,47,False,115
2020-07-18 05:00:00,70,43,False,113
2020-07-18 06:00:00,59,41,False,100
2020-07-18 07:00:00,53,40,False,93
2020-07-18 08:00:00,55,38,False,93
2020-07-18 09:00:00,58,38,False,96
2020-07-18 10:00:00,55,38,False,93
2020-07-18 11:00:00,55,39,False,94
2020-07-18 12:00:00,58,40,False,98
2020-07-18 13:00:00,68,43,False,111
2020-07-18 14:00:00,70,45,False,115
2020-07-18 15:00:00,70,41,False,111
2020-07-18 16:00:00,66,44,False,110
2020-07-18 17:00:00,73,57,False,130
2020-07-18 18:00:00,76,54,False,130
2020-07-18 19:00:00,80,50,False,130
2020-07-18 20:00:00,76,56,False,132
2020-07-18 21:00:00,94,58,False,152
2020-07-18 22:00:00,84,62,False,146
2020-07-18 23:00:00,90,59,False,149
2020-07-19 00:00:00,100,57,False,157
2020-07-19 01:00:00,92,52,False,144
2020-07-19 02:00:00,84,55,False,139
2020-07-19 03:00:00,77,55,False,132
2020-07-19 04:00:00,70,47,False,117
2020-07-19 05:00:00,68,47,False,115
2020-07-19 06:00:00,64,48,False,112
2020-07-19 07:00:00,60,44,False,104
2020-07-19 08:00:00,59,43,False,102
2020-07-19 09:00:00,60,43,False,103
2020-07-19 10:00:00,55,41,False,96
2020-07-19 11:00:00,62,47,False,109
2020-07-19 12:00:00,61,44,False,105
2020-07-19 13:00:00,64,42,False,106
2020-07-19 14:00:00,66,43,False,109
2020-07-19 15:00:00,73,44,False,117
2020-07-19 16:00:00,67,43,False,110
2020-07-19 17:00:00,73,45,False,118
2020-07-19 18:00:00,70,46,False,116
2020-07-19 19:00:00,71,45,False,116
2020-07-19 20:00:00,75,55,False,130
2020-07-19 21:00:00,85,57,False,142
2020-07-19 22:00:00,82,57,False,139
2020-07-19 23:00:00,84,57,False,141
2020-07-20 00:00:00,87,54,False,141
2020-07-20 01:00:00,86,54,False,140
2020-07-20 02:00:00,76,52,False,128
2020-07-20 03:00:00,70,49,False,119
2020-07-20 04:00:00,68,49,False,117
2020-07-20 05:00:00,70,46,False,116
2020-07-20 06:00:00,64,45,False,109
2020-07-20 07:00:00,58,44,False,102
2020-07-20 08:00:00,61,40,False,101
2020-07-20 09:00:00,67,41,False,108
2020-07-20 10:00:00,60,43,False,103
2020-07-20 11:00:00,59,44,False,103
2020-07-20 12:00:00,60,42,False,102
2020-07-20 13:00:00,66,44,False,110
2020-07-20 14:00:00,69,48,False,117
2020-07-20 15:00:00,67,43,False,110
2020-07-20 16:00:00,67,45,False,112
2020-07-20 17:00:00,71,47,False,118
2020-07-20 18:00:00,76,49,False,125
2020-07-20 19:00:00,76,50,False,126
2020-07-20 20:00:00,80,53,False,133
2020-07-20 21:00:00,79,54,False,133
2020-07-20 22:00:00,81,58,False,139
2020-07-20 23:00:00,80,58,False,138
2020-07-21 00:00:00,78,59,False,137
2020-07-21 01:00:00,80,57,False,137
2020-07-21 02:00:00,77,51,False,128
2020-07-21 03:00:00,80,54,False,134
2020-07-21 04:00:00,73,49,False,122
2020-07-21 05:00:00,81,55,False,136
2020-07-21 06:00:00,72,48,False,120
2020-07-21 07:00:00,82,45,False,127
2020-07-21 08:00:00,63,47,False,110
2020-07-21 09:00:00,69,44,False,113
2020-07-21 10:00:00,66,46,False,112
2020-07-21 11:00:00,81,50,False,131
2020-07-21 12:00:00,66,52,False,118
2020-07-21 13:00:00,72,51,False,123
2020-07-21 14:00:00,68,51,False,119
2020-07-21 15:00:00,71,51,False,122
2020-07-21 16:00:00,70,51,False,121
2020-07-21 17:00:00,77,52,False,129
2020-07-21 18:00:00,81,56,False,137
2020-07-21 19:00:00,81,60,False,141
2020-07-21 20:00:00,86,57,False,143
2020-07-21 21:00:00,87,65,False,152
2020-07-21 22:00:00,84,66,False,150
2020-07-21 23:00:00,84,58,False,142
2020-07-22 00:00:00,90,57,False,147
2020-07-22 00:00:00,60,38,False,98
2020-07-22 01:00:00,58,35,False,93
2020-07-22 02:00:00,49,37,False,86
2020-07-22 03:00:00,46,35,False,81
2020-07-22 04:00:00,50,34,False,84
2020-07-22 05:00:00,50,31,False,81
2020-07-22 06:00:00,47,30,False,77
2020-07-22 07:00:00,41,25,False,66
2020-07-22 08:00:00,42,26,False,68
2020-07-22 09:00:00,43,26,False,69
2020-07-22 10:00:00,42,26,False,68
2020-07-22 11:00:00,40,28,False,68
2020-07-22 12:00:00,38,28,False,66
2020-07-22 13:00:00,46,28,False,74
2020-07-22 14:00:00,46,27,False,73
2020-07-22 15:00:00,45,28,False,73
2020-07-22 16:00:00,44,28,False,72
2020-07-22 17:00:00,49,29,False,78
2020-07-22 18:00:00,50,35,False,85
2020-07-22 19:00:00,57,38,False,95
2020-07-22 20:00:00,53,42,False,95
2020-07-22 21:00:00,58,42,False,100
2020-07-22 22:00:00,54,46,False,100
2020-07-22 23:00:00,55,52,False,107
2020-07-23 00:00:00,58,53,False,111
2020-07-23 01:00:00,56,47,False,103
2020-07-23 02:00:00,51,47,False,98
2020-07-23 03:00:00,50,47,False,97
2020-07-23 04:00:00,52,48,False,100
2020-07-23 05:00:00,51,42,False,93
2020-07-23 06:00:00,47,40,False,87
2020-07-23 07:00:00,46,33,False,79
2020-07-23 08:00:00,47,34,False,81
2020-07-23 09:00:00,45,34,False,79
2020-07-23 10:00:00,46,37,False,83
2020-07-23 11:00:00,42,35,False,77
2020-07-23 12:00:00,48,39,False,87
2020-07-23 13:00:00,49,49,False,98
2020-07-23 14:00:00,55,47,False,102
2020-07-23 15:00:00,50,43,False,93
2020-07-23 16:00:00,52,48,False,100
2020-07-23 17:00:00,53,49,False,102
2020-07-23 18:00:00,54,44,False,98
2020-07-23 19:00:00,57,49,False,106
2020-07-23 20:00:00,56,51,False,107
2020-07-23 21:00:00,60,49,False,109
2020-07-23 22:00:00,60,54,False,114
2020-07-23 23:00:00,67,51,False,118
2020-07-24 00:00:00,62,49,False,111
2020-07-24 01:00:00,54,46,False,100
2020-07-24 02:00:00,55,45,False,100
2020-07-24 03:00:00,49,44,False,93
2020-07-24 04:00:00,52,41,False,93
2020-07-24 05:00:00,47,39,False,86
2020-07-24 06:00:00,43,34,False,77
2020-07-24 07:00:00,42,31,False,73
2020-07-24 08:00:00,41,28,False,69
2020-07-24 09:00:00,46,29,False,75
2020-07-24 10:00:00,40,32,False,72
2020-07-24 11:00:00,42,31,False,73
2020-07-24 12:00:00,45,32,False,77
2020-07-24 13:00:00,47,34,False,81
2020-07-24 14:00:00,49,33,False,82
2020-07-24 15:00:00,49,34,False,83
2020-07-24 16:00:00,45,32,False,77
2020-07-24 17:00:00,48,34,False,82
2020-07-24 18:00:00,49,34,False,83
2020-07-24 19:00:00,50,36,False,86
2020-07-24 20:00:00,53,38,False,91
2020-07-24 21:00:00,60,44,False,104
2020-07-24 22:00:00,58,44,False,102
2020-07-24 23:00:00,59,40,False,99
2020-07-25 00:00:00,56,40,False,96
2020-07-25 01:00:00,54,35,False,89
2020-07-25 02:00:00,57,38,False,95
2020-07-25 03:00:00,52,40,False,92
2020-07-25 04:00:00,50,38,False,88
2020-07-25 05:00:00,49,39,False,88
2020-07-25 06:00:00,46,36,False,82
2020-07-25 07:00:00,45,37,False,82
2020-07-25 08:00:00,45,34,False,79
2020-07-25 09:00:00,45,35,False,80
2020-07-25 10:00:00,43,32,False,75
2020-07-25 11:00:00,42,36,False,78
2020-07-25 12:00:00,42,32,False,74
2020-07-25 13:00:00,50,33,False,83
2020-07-25 14:00:00,46,32,False,78
2020-07-25 15:00:00,49,34,False,83
2020-07-25 16:00:00,49,37,False,86
2020-07-25 17:00:00,53,43,False,96
2020-07-25 18:00:00,51,43,False,94
2020-07-25 19:00:00,59,56,False,115
2020-07-25 20:00:00,70,68,False,138
2020-07-25 21:00:00,73,66,False,139
2020-07-25 22:00:00,70,62,False,132
2020-07-25 23:00:00,73,60,False,133
2020-07-26 00:00:00,75,56,False,131
2020-07-26 01:00:00,73,56,False,129
2020-07-26 02:00:00,78,60,False,138
2020-07-26 03:00:00,70,71,False,141
2020-07-26 04:00:00,58,61,False,119
2020-07-26 05:00:00,58,56,False,114
2020-07-26 06:00:00,59,73,False,132
2020-07-26 07:00:00,58,63,False,121
2020-07-26 08:00:00,59,64,False,123
2020-07-26 09:00:00,58,57,False,115
2020-07-26 10:00:00,54,55,False,109
2020-07-26 11:00:00,52,52,False,104
2020-07-26 12:00:00,54,49,False,103
2020-07-26 13:00:00,53,48,False,101
2020-07-26 14:00:00,58,47,False,105
2020-07-26 15:00:00,66,49,False,115
2020-07-26 16:00:00,57,45,False,102
2020-07-26 17:00:00,53,48,False,101
2020-07-26 18:00:00,55,47,False,102
2020-07-26 19:00:00,61,51,False,112
2020-07-26 20:00:00,58,52,False,110
2020-07-26 21:00:00,64,53,False,117
2020-07-26 22:00:00,64,56,False,120
2020-07-26 23:00:00,65,58,False,123
2020-07-27 00:00:00,57,49,False,106
2020-07-27 01:00:00,61,59,False,120
2020-07-27 02:00:00,58,54,False,112
2020-07-27 03:00:00,58,53,False,111
2020-07-27 04:00:00,59,54,False,113
2020-07-27 05:00:00,60,52,False,112
2020-07-27 06:00:00,59,48,False,107
2020-07-27 07:00:00,53,46,False,99
2020-07-27 08:00:00,57,42,False,99
2020-07-27 09:00:00,50,41,False,91
2020-07-27 10:00:00,53,45,False,98
2020-07-27 11:00:00,56,46,False,102
2020-07-27 12:00:00,56,54,False,110
2020-07-27 13:00:00,55,53,False,108
2020-07-27 14:00:00,59,50,False,109
2020-07-27 15:00:00,59,51,False,110
2020-07-27 16:00:00,58,50,False,108
2020-07-27 17:00:00,65,59,False,124
2020-07-27 18:00:00,68,64,False,132
2020-07-27 19:00:00,68,62,False,130
2020-07-27 20:00:00,76,73,False,149
2020-07-27 21:00:00,75,79,False,154
2020-07-27 22:00:00,82,100,False,182
2020-07-27 23:00:00,72,85,False,157
2020-07-28 00:00:00,72,77,False,149
2020-07-28 01:00:00,69,72,False,141
2020-07-28 02:00:00,62,69,False,131
2020-07-28 03:00:00,62,63,False,125
2020-07-28 04:00:00,67,63,False,130
2020-07-28 05:00:00,65,61,False,126
2020-07-28 06:00:00,57,50,False,107
2020-07-28 07:00:00,57,49,False,106
2020-07-28 08:00:00,54,44,False,98
2020-07-28 09:00:00,54,43,False,97
2020-07-28 10:00:00,53,46,False,99
2020-07-28 11:00:00,52,46,False,98
2020-07-28 12:00:00,52,48,False,100
2020-07-28 13:00:00,56,48,False,104
2020-07-28 14:00:00,57,52,False,109
2020-07-28 15:00:00,62,57,False,119
2020-07-28 16:00:00,59,56,False,115
2020-07-28 17:00:00,63,54,False,117
2020-07-28 18:00:00,68,56,False,124
2020-07-28 19:00:00,68,57,False,125
2020-07-28 20:00:00,82,86,False,168
2020-07-28 21:00:00,80,90,False,170
2020-07-28 22:00:00,75,80,False,155
2020-07-28 23:00:00,69,72,False,141
2020-07-29 00:00:00,71,69,False,140
2020-07-29 00:00:00,25,24,False,49
2020-07-29 01:00:00,24,27,False,51
2020-07-29 02:00:00,26,32,False,58
2020-07-29 03:00:00,26,35,False,61
2020-07-29 04:00:00,26,34,False,60
2020-07-29 05:00:00,28,31,False,59
2020-07-29 06:00:00,25,28,False,53
2020-07-29 07:00:00,24,23,False,47
2020-07-29 08:00:00,23,21,False,44
2020-07-29 09:00:00,23,21,False,44
2020-07-29 10:00:00,22,23,False,45
2020-07-29 11:00:00,23,28,False,51
2020-07-29 12:00:00,24,26,False,50
2020-07-29 13:00:00,25,24,False,49
2020-07-29 14:00:00,23,25,False,48
2020-07-29 15:00:00,24,24,False,48
2020-07-29 16:00:00,24,25,False,49
2020-07-29 17:00:00,24,23,False,47
2020-07-29 18:00:00,24,24,False,48
2020-07-29 19:00:00,26,27,False,53
2020-07-29 20:00:00,28,31,False,59
2020-07-29 21:00:00,32,42,False,74
2020-07-29 22:00:00,30,42,False,72
2020-07-29 23:00:00,25,32,False,57
2020-07-30 00:00:00,24,29,False,53
2020-07-30 01:00:00,24,25,False,49
2020-07-30 02:00:00,22,24,False,46
2020-07-30 03:00:00,22,23,False,45
2020-07-30 04:00:00,22,22,False,44
2020-07-30 05:00:00,21,21,False,42
2020-07-30 06:00:00,22,19,False,41
2020-07-30 07:00:00,21,20,False,41
2020-07-30 08:00:00,22,21,False,43
2020-07-30 09:00:00,21,19,False,40
2020-07-30 10:00:00,20,19,False,39
2020-07-30 11:00:00,19,18,False,37
2020-07-30 12:00:00,18,19,False,37
2020-07-30 13:00:00,21,19,False,40
2020-07-30 14:00:00,20,19,False,39
2020-07-30 15:00:00,21,19,False,40
2020-07-30 16:00:00,21,20,False,41
2020-07-30 17:00:00,22,20,False,42
2020-07-30 18:00:00,21,21,False,42
2020-07-30 19:00:00,23,22,False,45
2020-07-30 20:00:00,25,27,False,52
2020-07-30 21:00:00,27,26,False,53
2020-07-30 22:00:00,26,24,False,50
2020-07-30 23:00:00,26,26,False,52
2020-07-31 00:00:00,24,22,False,46
2020-07-31 01:00:00,26,23,False,49
2020-07-31 02:00:00,23,23,False,46
2020-07-31 03:00:00,24,22,False,46
2020-07-31 04:00:00,21,20,False,41
2020-07-31 05:00:00,22,21,False,43
2020-07-31 06:00:00,21,19,False,40
2020-07-31 07:00:00,19,17,False,36
2020-07-31 08:00:00,18,16,False,34
2020-07-31 09:00:00,19,16,False,35
2020-07-31 10:00:00,18,17,False,35
2020-07-31 11:00:00,19,20,False,39
2020-07-31 12:00:00,20,19,False,39
2020-07-31 13:00:00,20,19,False,39
2020-07-31 14:00:00,21,20,False,41
2020-07-31 15:00:00,22,19,False,41
2020-07-31 16:00:00,22,24,False,46
2020-07-31 17:00:00,25,28,False,53
2020-07-31 18:00:00,23,25,False,48
2020-07-31 19:00:00,27,31,False,58
2020-07-31 20:00:00,27,32,False,59
2020-07-31 21:00:00,29,32,False,61
2020-07-31 22:00:00,29,34,False,63
2020-07-31 23:00:00,28,37,False,65
2020-08-01 00:00:00,26,35,False,61
2020-08-01 01:00:00,27,32,False,59
2020-08-01 02:00:00,25,31,False,56
2020-08-01 03:00:00,24,33,False,57
2020-08-01 04:00:00,26,37,False,63
2020-08-01 05:00:00,28,44,False,72
2020-08-01 06:00:00,28,38,False,66
2020-08-01 07:00:00,28,32,False,60
2020-08-01 08:00:00,27,31,False,58
2020-08-01 09:00:00,26,31,False,57
2020-08-01 10:00:00,28,35,False,63
2020-08-01 11:00:00,26,32,False,58
2020-08-01 12:00:00,27,36,False,63
2020-08-01 13:00:00,25,32,False,57
2020-08-01 14:00:00,25,30,False,55
2020-08-01 15:00:00,25,29,False,54
2020-08-01 16:00:00,30,39,False,69
2020-08-01 17:00:00,37,55,False,92
2020-08-01 18:00:00,35,54,False,89
2020-08-01 19:00:00,44,69,False,113
2020-08-01 20:00:00,43,69,False,112
2020-08-01 21:00:00,42,67,False,109
2020-08-01 22:00:00,39,59,False,98
2020-08-01 23:00:00,36,55,False,91
2020-08-02 00:00:00,36,50,False,86
2020-08-02 01:00:00,33,48,False,81
2020-08-02 02:00:00,37,61,False,98
2020-08-02 03:00:00,48,100,False,148
2020-08-02 04:00:00,45,87,False,132
2020-08-02 05:00:00,34,56,False,90
2020-08-02 06:00:00,30,45,False,75
2020-08-02 07:00:00,32,45,False,77
2020-08-02 08:00:00,34,48,False,82
2020-08-02 09:00:00,29,38,False,67
2020-08-02 10:00:00,28,38,False,66
2020-08-02 11:00:00,27,37,False,64
2020-08-02 12:00:00,26,36,False,62
2020-08-02 13:00:00,27,35,False,62
2020-08-02 14:00:00,27,35,False,62
2020-08-02 15:00:00,27,36,False,63
2020-08-02 16:00:00,28,35,False,63
2020-08-02 17:00:00,28,38,False,66
2020-08-02 18:00:00,29,35,False,64
2020-08-02 19:00:00,29,36,False,65
2020-08-02 20:00:00,30,37,False,67
2020-08-02 21:00:00,31,38,False,69
2020-08-02 22:00:00,30,41,False,71
2020-08-02 23:00:00,26,37,False,63
2020-08-03 00:00:00,28,38,False,66
2020-08-03 01:00:00,26,37,False,63
2020-08-03 02:00:00,24,37,False,61
2020-08-03 03:00:00,24,33,False,57
2020-08-03 04:00:00,25,32,False,57
2020-08-03 05:00:00,26,31,False,57
2020-08-03 06:00:00,26,31,False,57
2020-08-03 07:00:00,27,30,False,57
2020-08-03 08:00:00,25,29,False,54
2020-08-03 09:00:00,26,29,False,55
2020-08-03 10:00:00,26,28,False,54
2020-08-03 11:00:00,26,30,False,56
2020-08-03 12:00:00,27,34,False,61
2020-08-03 13:00:00,32,45,False,77
2020-08-03 14:00:00,35,49,False,84
2020-08-03 15:00:00,31,42,False,73
2020-08-03 16:00:00,31,43,False,74
2020-08-03 17:00:00,33,41,False,74
2020-08-03 18:00:00,33,45,False,78
2020-08-03 19:00:00,36,50,False,86
2020-08-03 20:00:00,37,50,False,87
2020-08-03 21:00:00,35,49,False,84
2020-08-03 22:00:00,34,47,False,81
2020-08-03 23:00:00,28,43,False,71
2020-08-04 00:00:00,30,43,False,73
2020-08-04 01:00:00,30,44,False,74
2020-08-04 02:00:00,28,40,False,68
2020-08-04 03:00:00,25,36,False,61
2020-08-04 04:00:00,30,37,False,67
2020-08-04 05:00:00,30,36,False,66
2020-08-04 06:00:00,28,32,False,60
2020-08-04 07:00:00,27,27,False,54
2020-08-04 08:00:00,26,27,False,53
2020-08-04 09:00:00,26,27,False,53
2020-08-04 10:00:00,25,27,False,52
2020-08-04 11:00:00,25,28,False,53
2020-08-04 12:00:00,24,31,False,55
2020-08-04 13:00:00,25,32,False,57
2020-08-04 14:00:00,26,28,False,54
2020-08-04 15:00:00,25,29,False,54
2020-08-04 16:00:00,26,27,False,53
2020-08-04 17:00:00,25,26,False,51
2020-08-04 18:00:00,27,27,False,54
2020-08-04 19:00:00,27,28,False,55
2020-08-04 20:00:00,28,31,False,59
2020-08-04 21:00:00,29,32,False,61
2020-08-04 22:00:00,28,32,False,60
2020-08-04 23:00:00,26,30,False,56
2020-08-05 00:00:00,26,28,False,54
2020-08-05 00:00:00,81,85,False,166
2020-08-05 01:00:00,78,88,False,166
2020-08-05 02:00:00,82,95,False,177
2020-08-05 03:00:00,78,83,False,161
2020-08-05 04:00:00,79,77,False,156
2020-08-05 05:00:00,77,83,False,160
2020-08-05 06:00:00,72,66,False,138
2020-08-05 07:00:00,74,65,False,139
2020-08-05 08:00:00,65,61,False,126
2020-08-05 09:00:00,70,63,False,133
2020-08-05 10:00:00,68,69,False,137
2020-08-05 11:00:00,69,71,False,140
2020-08-05 12:00:00,69,70,False,139
2020-08-05 13:00:00,71,77,False,148
2020-08-05 14:00:00,71,75,False,146
2020-08-05 15:00:00,72,74,False,146
2020-08-05 16:00:00,71,75,False,146
2020-08-05 17:00:00,73,76,False,149
2020-08-05 18:00:00,79,75,False,154
2020-08-05 19:00:00,82,81,False,163
2020-08-05 20:00:00,89,95,False,184
2020-08-05 21:00:00,85,99,False,184
2020-08-05 22:00:00,84,100,False,184
2020-08-05 23:00:00,77,90,False,167
2020-08-06 00:00:00,72,83,False,155
2020-08-06 01:00:00,70,80,False,150
2020-08-06 02:00:00,71,80,False,151
2020-08-06 03:00:00,70,83,False,153
2020-08-06 04:00:00,74,73,False,147
2020-08-06 05:00:00,70,72,False,142
2020-08-06 06:00:00,69,65,False,134
2020-08-06 07:00:00,72,61,False,133
2020-08-06 08:00:00,70,60,False,130
2020-08-06 09:00:00,70,60,False,130
2020-08-06 10:00:00,71,63,False,134
2020-08-06 11:00:00,63,63,False,126
2020-08-06 12:00:00,69,62,False,131
2020-08-06 13:00:00,73,65,False,138
2020-08-06 14:00:00,77,72,False,149
2020-08-06 15:00:00,78,81,False,159
2020-08-06 16:00:00,73,75,False,148
2020-08-06 17:00:00,74,72,False,146
2020-08-06 18:00:00,78,77,False,155
2020-08-06 19:00:00,80,80,False,160
2020-08-06 20:00:00,86,88,False,174
2020-08-06 21:00:00,83,89,False,172
2020-08-06 22:00:00,78,84,False,162
2020-08-06 23:00:00,78,85,False,163
2020-08-07 00:00:00,73,85,False,158
2020-08-07 01:00:00,72,77,False,149
2020-08-07 02:00:00,72,74,False,146
2020-08-07 03:00:00,69,77,False,146
2020-08-07 04:00:00,73,75,False,148
2020-08-07 05:00:00,68,74,False,142
2020-08-07 06:00:00,70,65,False,135
2020-08-07 07:00:00,63,59,False,122
2020-08-07 08:00:00,64,56,False,120
2020-08-07 09:00:00,69,62,False,131
2020-08-07 10:00:00,64,61,False,125
2020-08-07 11:00:00,64,61,False,125
2020-08-07 12:00:00,62,60,False,122
2020-08-07 13:00:00,65,66,False,131
2020-08-07 14:00:00,68,61,False,129
2020-08-07 15:00:00,67,61,False,128
2020-08-07 16:00:00,65,63,False,128
2020-08-07 17:00:00,64,67,False,131
2020-08-07 18:00:00,78,68,False,146
2020-08-07 19:00:00,88,64,False,152
2020-08-07 20:00:00,78,61,False,139
2020-08-07 21:00:00,75,75,False,150
2020-08-07 22:00:00,72,73,False,145
2020-08-07 23:00:00,68,70,False,138
2020-08-08 00:00:00,72,68,False,140
2020-08-08 01:00:00,69,64,False,133
2020-08-08 02:00:00,68,66,False,134
2020-08-08 03:00:00,71,68,False,139
2020-08-08 04:00:00,64,63,False,127
2020-08-08 05:00:00,65,61,False,126
2020-08-08 06:00:00,62,54,False,116
2020-08-08 07:00:00,57,49,False,106
2020-08-08 08:00:00,58,47,False,105
2020-08-08 09:00:00,58,49,False,107
2020-08-08 10:00:00,55,54,False,109
2020-08-08 11:00:00,60,55,False,115
2020-08-08 12:00:00,60,53,False,113
2020-08-08 13:00:00,60,54,False,114
2020-08-08 14:00:00,64,57,False,121
2020-08-08 15:00:00,64,57,False,121
2020-08-08 16:00:00,66,57,False,123
2020-08-08 17:00:00,65,54,False,119
2020-08-08 18:00:00,72,55,False,127
2020-08-08 19:00:00,76,59,False,135
2020-08-08 20:00:00,76,66,False,142
2020-08-08 21:00:00,76,71,False,147
2020-08-08 22:00:00,84,75,False,159
2020-08-08 23:00:00,78,75,False,153
2020-08-09 00:00:00,82,71,False,153
2020-08-09 01:00:00,83,72,False,155
2020-08-09 02:00:00,94,69,False,163
2020-08-09 03:00:00,76,68,False,144
2020-08-09 04:00:00,70,66,False,136
2020-08-09 05:00:00,66,63,False,129
2020-08-09 06:00:00,64,58,False,122
2020-08-09 07:00:00,58,51,False,109
2020-08-09 08:00:00,64,54,False,118
2020-08-09 09:00:00,60,50,False,110
2020-08-09 10:00:00,59,51,False,110
2020-08-09 11:00:00,62,57,False,119
2020-08-09 12:00:00,62,57,False,119
2020-08-09 13:00:00,62,62,False,124
2020-08-09 14:00:00,69,62,False,131
2020-08-09 15:00:00,65,62,False,127
2020-08-09 16:00:00,66,56,False,122
2020-08-09 17:00:00,67,59,False,126
2020-08-09 18:00:00,69,61,False,130
2020-08-09 19:00:00,75,63,False,138
2020-08-09 20:00:00,76,71,False,147
2020-08-09 21:00:00,77,75,False,152
2020-08-09 22:00:00,73,72,False,145
2020-08-09 23:00:00,73,72,False,145
2020-08-10 00:00:00,69,68,False,137
2020-08-10 01:00:00,69,70,False,139
2020-08-10 02:00:00,72,75,False,147
2020-08-10 03:00:00,69,74,False,143
2020-08-10 04:00:00,67,68,False,135
2020-08-10 05:00:00,69,67,False,136
2020-08-10 06:00:00,61,59,False,120
2020-08-10 07:00:00,61,58,False,119
2020-08-10 08:00:00,64,56,False,120
2020-08-10 09:00:00,58,54,False,112
2020-08-10 10:00:00,63,58,False,121
2020-08-10 11:00:00,60,56,False,116
2020-08-10 12:00:00,57,59,False,116
2020-08-10 13:00:00,62,60,False,122
2020-08-10 14:00:00,68,64,False,132
2020-08-10 15:00:00,63,59,False,122
2020-08-10 16:00:00,67,63,False,130
2020-08-10 17:00:00,65,62,False,127
2020-08-10 18:00:00,70,64,False,134
2020-08-10 19:00:00,77,66,False,143
2020-08-10 20:00:00,78,74,False,152
2020-08-10 21:00:00,78,79,False,157
2020-08-10 22:00:00,77,80,False,157
2020-08-10 23:00:00,69,76,False,145
2020-08-11 00:00:00,70,73,False,143
2020-08-11 01:00:00,76,97,False,173
2020-08-11 02:00:00,68,83,False,151
2020-08-11 03:00:00,72,76,False,148
2020-08-11 04:00:00,72,76,False,148
2020-08-11 05:00:00,74,69,False,143
2020-08-11 06:00:00,66,62,False,128
2020-08-11 07:00:00,59,55,False,114
2020-08-11 08:00:00,60,51,False,111
2020-08-11 09:00:00,60,49,False,109
2020-08-11 10:00:00,57,55,False,112
2020-08-11 11:00:00,58,56,False,114
2020-08-11 12:00:00,56,57,False,113
2020-08-11 13:00:00,58,53,False,111
2020-08-11 14:00:00,62,55,False,117
2020-08-11 15:00:00,62,56,False,118
2020-08-11 16:00:00,61,57,False,118
2020-08-11 17:00:00,60,55,False,115
2020-08-11 18:00:00,66,57,False,123
2020-08-11 19:00:00,67,56,False,123
2020-08-11 20:00:00,72,69,False,141
2020-08-11 21:00:00,72,80,False,152
2020-08-11 22:00:00,69,74,False,143
2020-08-11 23:00:00,70,69,False,139
2020-08-12 00:00:00,71,66,False,137
2020-08-12 00:00:00,46,43,False,89
2020-08-12 01:00:00,43,42,False,85
2020-08-12 02:00:00,43,46,False,89
2020-08-12 03:00:00,39,41,False,80
2020-08-12 04:00:00,40,39,False,79
2020-08-12 05:00:00,40,38,False,78
2020-08-12 06:00:00,38,33,False,71
2020-08-12 07:00:00,37,32,False,69
2020-08-12 08:00:00,38,29,False,67
2020-08-12 09:00:00,36,30,False,66
2020-08-12 10:00:00,34,32,False,66
2020-08-12 11:00:00,35,32,False,67
2020-08-12 12:00:00,35,32,False,67
2020-08-12 13:00:00,37,33,False,70
2020-08-12 14:00:00,38,36,False,74
2020-08-12 15:00:00,39,36,False,75
2020-08-12 16:00:00,37,36,False,73
2020-08-12 17:00:00,39,37,False,76
2020-08-12 18:00:00,40,38,False,78
2020-08-12 19:00:00,48,38,False,86
2020-08-12 20:00:00,46,40,False,86
2020-08-12 21:00:00,45,44,False,89
2020-08-12 22:00:00,48,45,False,93
2020-08-12 23:00:00,44,47,False,91
2020-08-13 00:00:00,44,47,False,91
2020-08-13 01:00:00,43,46,False,89
2020-08-13 02:00:00,42,43,False,85
2020-08-13 03:00:00,41,43,False,84
2020-08-13 04:00:00,42,38,False,80
2020-08-13 05:00:00,41,38,False,79
2020-08-13 06:00:00,39,35,False,74
2020-08-13 07:00:00,40,33,False,73
2020-08-13 08:00:00,37,33,False,70
2020-08-13 09:00:00,37,32,False,69
2020-08-13 10:00:00,37,31,False,68
2020-08-13 11:00:00,38,36,False,74
2020-08-13 12:00:00,37,37,False,74
2020-08-13 13:00:00,38,36,False,74
2020-08-13 14:00:00,39,36,False,75
2020-08-13 15:00:00,39,37,False,76
2020-08-13 16:00:00,41,35,False,76
2020-08-13 17:00:00,43,40,False,83
2020-08-13 18:00:00,45,38,False,83
2020-08-13 19:00:00,54,42,False,96
2020-08-13 20:00:00,52,45,False,97
2020-08-13 21:00:00,56,56,False,112
2020-08-13 22:00:00,51,60,False,111
2020-08-13 23:00:00,49,61,False,110
2020-08-14 00:00:00,48,61,False,109
2020-08-14 01:00:00,48,53,False,101
2020-08-14 02:00:00,45,50,False,95
2020-08-14 03:00:00,45,49,False,94
2020-08-14 04:00:00,43,45,False,88
2020-08-14 05:00:00,46,43,False,89
2020-08-14 06:00:00,40,40,False,80
2020-08-14 07:00:00,41,39,False,80
2020-08-14 08:00:00,41,34,False,75
2020-08-14 09:00:00,37,35,False,72
2020-08-14 10:00:00,39,37,False,76
2020-08-14 11:00:00,38,38,False,76
2020-08-14 12:00:00,40,41,False,81
2020-08-14 13:00:00,42,43,False,85
2020-08-14 14:00:00,43,40,False,83
2020-08-14 15:00:00,42,39,False,81
2020-08-14 16:00:00,41,40,False,81
2020-08-14 17:00:00,42,42,False,84
2020-08-14 18:00:00,54,48,False,102
2020-08-14 19:00:00,60,48,False,108
2020-08-14 20:00:00,52,47,False,99
2020-08-14 21:00:00,47,49,False,96
2020-08-14 22:00:00,48,52,False,100
2020-08-14 23:00:00,45,50,False,95
2020-08-15 00:00:00,45,48,False,93
2020-08-15 01:00:00,45,50,False,95
2020-08-15 02:00:00,41,46,False,87
2020-08-15 03:00:00,42,42,False,84
2020-08-15 04:00:00,43,43,False,86
2020-08-15 05:00:00,43,40,False,83
2020-08-15 06:00:00,41,37,False,78
2020-08-15 07:00:00,38,36,False,74
2020-08-15 08:00:00,41,34,False,75
2020-08-15 09:00:00,37,34,False,71
2020-08-15 10:00:00,36,36,False,72
2020-08-15 11:00:00,38,34,False,72
2020-08-15 12:00:00,39,36,False,75
2020-08-15 13:00:00,39,34,False,73
2020-08-15 14:00:00,39,38,False,77
2020-08-15 15:00:00,43,36,False,79
2020-08-15 16:00:00,40,37,False,77
2020-08-15 17:00:00,40,36,False,76
2020-08-15 18:00:00,46,40,False,86
2020-08-15 19:00:00,52,38,False,90
2020-08-15 20:00:00,51,41,False,92
2020-08-15 21:00:00,50,45,False,95
2020-08-15 22:00:00,52,48,False,100
2020-08-15 23:00:00,56,46,False,102
2020-08-16 00:00:00,55,43,False,98
2020-08-16 01:00:00,63,42,False,105
2020-08-16 02:00:00,91,43,False,134
2020-08-16 03:00:00,100,43,False,143
2020-08-16 04:00:00,68,41,False,109
2020-08-16 05:00:00,42,39,False,81
2020-08-16 06:00:00,40,38,False,78
2020-08-16 07:00:00,38,36,False,74
2020-08-16 08:00:00,37,33,False,70
2020-08-16 09:00:00,38,34,False,72
2020-08-16 10:00:00,35,30,False,65
2020-08-16 11:00:00,37,36,False,73
2020-08-16 12:00:00,38,34,False,72
2020-08-16 13:00:00,38,34,False,72
2020-08-16 14:00:00,40,36,False,76
2020-08-16 15:00:00,41,38,False,79
2020-08-16 16:00:00,41,39,False,80
2020-08-16 17:00:00,43,35,False,78
2020-08-16 18:00:00,47,38,False,85
2020-08-16 19:00:00,50,38,False,88
2020-08-16 20:00:00,48,43,False,91
2020-08-16 21:00:00,49,47,False,96
2020-08-16 22:00:00,51,48,False,99
2020-08-16 23:00:00,44,48,False,92
2020-08-17 00:00:00,45,45,False,90
2020-08-17 01:00:00,44,44,False,88
2020-08-17 02:00:00,45,41,False,86
2020-08-17 03:00:00,39,41,False,80
2020-08-17 04:00:00,43,40,False,83
2020-08-17 05:00:00,38,35,False,73
2020-08-17 06:00:00,41,35,False,76
2020-08-17 07:00:00,36,32,False,68
2020-08-17 08:00:00,36,31,False,67
2020-08-17 09:00:00,35,32,False,67
2020-08-17 10:00:00,38,37,False,75
2020-08-17 11:00:00,38,39,False,77
2020-08-17 12:00:00,40,44,False,84
2020-08-17 13:00:00,47,60,False,107
2020-08-17 14:00:00,47,52,False,99
2020-08-17 15:00:00,46,48,False,94
2020-08-17 16:00:00,53,70,False,123
2020-08-17 17:00:00,56,71,False,127
2020-08-17 18:00:00,57,79,False,136
2020-08-17 19:00:00,58,70,False,128
2020-08-17 20:00:00,62,75,False,137
2020-08-17 21:00:00,64,80,False,144
2020-08-17 22:00:00,57,76,False,133
2020-08-17 23:00:00,51,64,False,115
2020-08-18 00:00:00,51,65,False,116
2020-08-18 01:00:00,51,59,False,110
2020-08-18 02:00:00,51,57,False,108
2020-08-18 03:00:00,48,56,False,104
2020-08-18 04:00:00,50,53,False,103
2020-08-18 05:00:00,50,52,False,102
2020-08-18 06:00:00,45,45,False,90
2020-08-18 07:00:00,44,41,False,85
2020-08-18 08:00:00,45,41,False,86
2020-08-18 09:00:00,43,42,False,85
2020-08-18 10:00:00,44,42,False,86
2020-08-18 11:00:00,44,44,False,88
2020-08-18 12:00:00,41,42,False,83
2020-08-18 13:00:00,44,43,False,87
2020-08-18 14:00:00,44,42,False,86
2020-08-18 15:00:00,42,39,False,81
2020-08-18 16:00:00,41,41,False,82
2020-08-18 17:00:00,43,40,False,83
2020-08-18 18:00:00,51,41,False,92
2020-08-18 19:00:00,57,43,False,100
2020-08-18 20:00:00,52,46,False,98
2020-08-18 21:00:00,49,49,False,98
2020-08-18 22:00:00,49,50,False,99
2020-08-18 23:00:00,48,48,False,96
2020-08-19 00:00:00,44,43,False,87
2020-08-19 00:00:00,80,80,False,160
2020-08-19 01:00:00,89,86,False,175
2020-08-19 02:00:00,84,85,False,169
2020-08-19 03:00:00,86,77,False,163
2020-08-19 04:00:00,82,89,False,171
2020-08-19 05:00:00,85,77,False,162
2020-08-19 06:00:00,76,76,False,152
2020-08-19 07:00:00,66,64,False,130
2020-08-19 08:00:00,67,58,False,125
2020-08-19 09:00:00,66,57,False,123
2020-08-19 10:00:00,72,65,False,137
2020-08-19 11:00:00,63,62,False,125
2020-08-19 12:00:00,67,60,False,127
2020-08-19 13:00:00,70,62,False,132
2020-08-19 14:00:00,75,69,False,144
2020-08-19 15:00:00,77,70,False,147
2020-08-19 16:00:00,73,67,False,140
2020-08-19 17:00:00,75,70,False,145
2020-08-19 18:00:00,85,72,False,157
2020-08-19 19:00:00,95,78,False,173
2020-08-19 20:00:00,92,83,False,175
2020-08-19 21:00:00,87,85,False,172
2020-08-19 22:00:00,86,88,False,174
2020-08-19 23:00:00,83,85,False,168
2020-08-20 00:00:00,79,80,False,159
2020-08-20 01:00:00,83,79,False,162
2020-08-20 02:00:00,83,80,False,163
2020-08-20 03:00:00,85,75,False,160
2020-08-20 04:00:00,77,73,False,150
2020-08-20 05:00:00,72,68,False,140
2020-08-20 06:00:00,73,65,False,138
2020-08-20 07:00:00,67,55,False,122
2020-08-20 08:00:00,68,50,False,118
2020-08-20 09:00:00,69,52,False,121
2020-08-20 10:00:00,71,57,False,128
2020-08-20 11:00:00,67,59,False,126
2020-08-20 12:00:00,69,57,False,126
2020-08-20 13:00:00,70,58,False,128
2020-08-20 14:00:00,76,62,False,138
2020-08-20 15:00:00,76,64,False,140
2020-08-20 16:00:00,73,59,False,132
2020-08-20 17:00:00,78,63,False,141
2020-08-20 18:00:00,78,65,False,143
2020-08-20 19:00:00,79,79,False,158
2020-08-20 20:00:00,85,81,False,166
2020-08-20 21:00:00,79,78,False,157
2020-08-20 22:00:00,84,80,False,164
2020-08-20 23:00:00,78,80,False,158
2020-08-21 00:00:00,79,72,False,151
2020-08-21 01:00:00,87,76,False,163
2020-08-21 02:00:00,75,71,False,146
2020-08-21 03:00:00,73,72,False,145
2020-08-21 04:00:00,72,74,False,146
2020-08-21 05:00:00,77,67,False,144
2020-08-21 06:00:00,70,60,False,130
2020-08-21 07:00:00,69,59,False,128
2020-08-21 08:00:00,63,56,False,119
2020-08-21 09:00:00,69,55,False,124
2020-08-21 10:00:00,65,57,False,122
2020-08-21 11:00:00,67,58,False,125
2020-08-21 12:00:00,64,59,False,123
2020-08-21 13:00:00,64,58,False,122
2020-08-21 14:00:00,67,66,False,133
2020-08-21 15:00:00,66,59,False,125
2020-08-21 16:00:00,65,61,False,126
2020-08-21 17:00:00,68,66,False,134
2020-08-21 18:00:00,71,63,False,134
2020-08-21 19:00:00,80,65,False,145
2020-08-21 20:00:00,77,68,False,145
2020-08-21 21:00:00,78,75,False,153
2020-08-21 22:00:00,82,75,False,157
2020-08-21 23:00:00,79,82,False,161
2020-08-22 00:00:00,80,77,False,157
2020-08-22 01:00:00,84,78,False,162
2020-08-22 02:00:00,80,71,False,151
2020-08-22 03:00:00,86,69,False,155
2020-08-22 04:00:00,72,68,False,140
2020-08-22 05:00:00,69,65,False,134
2020-08-22 06:00:00,64,62,False,126
2020-08-22 07:00:00,61,59,False,120
2020-08-22 08:00:00,58,53,False,111
2020-08-22 09:00:00,56,55,False,111
2020-08-22 10:00:00,58,53,False,111
2020-08-22 11:00:00,63,57,False,120
2020-08-22 12:00:00,61,54,False,115
2020-08-22 13:00:00,66,56,False,122
2020-08-22 14:00:00,65,56,False,121
2020-08-22 15:00:00,66,56,False,122
2020-08-22 16:00:00,67,57,False,124
2020-08-22 17:00:00,70,55,False,125
2020-08-22 18:00:00,69,56,False,125
2020-08-22 19:00:00,70,62,False,132
2020-08-22 20:00:00,83,62,False,145
2020-08-22 21:00:00,85,68,False,153
2020-08-22 22:00:00,81,70,False,151
2020-08-22 23:00:00,80,72,False,152
2020-08-23 00:00:00,85,73,False,158
2020-08-23 01:00:00,85,68,False,153
2020-08-23 02:00:00,99,70,False,169
2020-08-23 03:00:00,74,60,False,134
2020-08-23 04:00:00,63,65,False,128
2020-08-23 05:00:00,66,58,False,124
2020-08-23 06:00:00,61,56,False,117
2020-08-23 07:00:00,61,54,False,115
2020-08-23 08:00:00,56,51,False,107
2020-08-23 09:00:00,57,50,False,107
2020-08-23 10:00:00,52,47,False,99
2020-08-23 11:00:00,57,53,False,110
2020-08-23 12:00:00,59,56,False,115
2020-08-23 13:00:00,65,54,False,119
2020-08-23 14:00:00,66,56,False,122
2020-08-23 15:00:00,64,53,False,117
2020-08-23 16:00:00,67,55,False,122
2020-08-23 17:00:00,71,55,False,126
2020-08-23 18:00:00,81,56,False,137
2020-08-23 19:00:00,100,57,False,157
2020-08-23 20:00:00,85,63,False,148
2020-08-23 21:00:00,81,67,False,148
2020-08-23 22:00:00,83,74,False,157
2020-08-23 23:00:00,73,71,False,144
2020-08-24 00:00:00,70,71,False,141
2020-08-24 01:00:00,77,66,False,143
2020-08-24 02:00:00,70,69,False,139
2020-08-24 03:00:00,68,70,False,138
2020-08-24 04:00:00,73,63,False,136
2020-08-24 05:00:00,72,61,False,133
2020-08-24 06:00:00,67,57,False,124
2020-08-24 07:00:00,62,52,False,114
2020-08-24 08:00:00,65,49,False,114
2020-08-24 09:00:00,60,53,False,113
2020-08-24 10:00:00,64,54,False,118
2020-08-24 11:00:00,63,62,False,125
2020-08-24 12:00:00,62,58,False,120
2020-08-24 13:00:00,62,56,False,118
2020-08-24 14:00:00,68,58,False,126
2020-08-24 15:00:00,66,55,False,121
2020-08-24 16:00:00,68,58,False,126
2020-08-24 17:00:00,64,57,False,121
2020-08-24 18:00:00,73,61,False,134
2020-08-24 19:00:00,71,63,False,134
2020-08-24 20:00:00,76,74,False,150
2020-08-24 21:00:00,84,81,False,165
2020-08-24 22:00:00,82,68,False,150
2020-08-24 23:00:00,77,72,False,149
2020-08-25 00:00:00,78,71,False,149
2020-08-25 01:00:00,75,64,False,139
2020-08-25 02:00:00,73,67,False,140
2020-08-25 03:00:00,68,62,False,130
2020-08-25 04:00:00,70,61,False,131
2020-08-25 05:00:00,70,61,False,131
2020-08-25 06:00:00,66,52,False,118
2020-08-25 07:00:00,61,50,False,111
2020-08-25 08:00:00,60,47,False,107
2020-08-25 09:00:00,62,46,False,108
2020-08-25 10:00:00,61,56,False,117
2020-08-25 11:00:00,59,52,False,111
2020-08-25 12:00:00,63,54,False,117
2020-08-25 13:00:00,64,55,False,119
2020-08-25 14:00:00,66,57,False,123
2020-08-25 15:00:00,64,55,False,119
2020-08-25 16:00:00,67,55,False,122
2020-08-25 17:00:00,65,61,False,126
2020-08-25 18:00:00,68,65,False,133
2020-08-25 19:00:00,67,62,False,129
2020-08-25 20:00:00,75,70,False,145
2020-08-25 21:00:00,77,71,False,148
2020-08-25 22:00:00,74,74,False,148
2020-08-25 23:00:00,75,71,False,146
2020-08-26 00:00:00,78,72,False,150
2020-08-26 00:00:00,48,44,False,92
2020-08-26 01:00:00,48,38,False,86
2020-08-26 02:00:00,47,41,False,88
2020-08-26 03:00:00,42,39,False,81
2020-08-26 04:00:00,44,39,False,83
2020-08-26 05:00:00,41,36,False,77
2020-08-26 06:00:00,41,34,False,75
2020-08-26 07:00:00,37,31,False,68
2020-08-26 08:00:00,39,27,False,66
2020-08-26 09:00:00,41,31,False,72
2020-08-26 10:00:00,40,32,False,72
2020-08-26 11:00:00,41,34,False,75
2020-08-26 12:00:00,38,32,False,70
2020-08-26 13:00:00,39,34,False,73
2020-08-26 14:00:00,38,34,False,72
2020-08-26 15:00:00,38,33,False,71
2020-08-26 16:00:00,43,35,False,78
2020-08-26 17:00:00,43,36,False,79
2020-08-26 18:00:00,46,38,False,84
2020-08-26 19:00:00,48,39,False,87
2020-08-26 20:00:00,48,45,False,93
2020-08-26 21:00:00,49,43,False,92
2020-08-26 22:00:00,46,41,False,87
2020-08-26 23:00:00,46,43,False,89
2020-08-27 00:00:00,45,39,False,84
2020-08-27 01:00:00,46,41,False,87
2020-08-27 02:00:00,43,37,False,80
2020-08-27 03:00:00,41,36,False,77
2020-08-27 04:00:00,42,37,False,79
2020-08-27 05:00:00,41,34,False,75
2020-08-27 06:00:00,39,33,False,72
2020-08-27 07:00:00,37,31,False,68
2020-08-27 08:00:00,35,28,False,63
2020-08-27 09:00:00,36,29,False,65
2020-08-27 10:00:00,37,30,False,67
2020-08-27 11:00:00,36,32,False,68
2020-08-27 12:00:00,38,37,False,75
2020-08-27 13:00:00,38,34,False,72
2020-08-27 14:00:00,43,38,False,81
2020-08-27 15:00:00,43,38,False,81
2020-08-27 16:00:00,42,37,False,79
2020-08-27 17:00:00,44,46,False,90
2020-08-27 18:00:00,41,39,False,80
2020-08-27 19:00:00,42,41,False,83
2020-08-27 20:00:00,47,44,False,91
2020-08-27 21:00:00,48,42,False,90
2020-08-27 22:00:00,47,42,False,89
2020-08-27 23:00:00,45,43,False,88
2020-08-28 00:00:00,45,44,False,89
2020-08-28 01:00:00,41,40,False,81
2020-08-28 02:00:00,39,38,False,77
2020-08-28 03:00:00,37,38,False,75
2020-08-28 04:00:00,44,36,False,80
2020-08-28 05:00:00,42,35,False,77
2020-08-28 06:00:00,38,32,False,70
2020-08-28 07:00:00,36,31,False,67
2020-08-28 08:00:00,35,28,False,63
2020-08-28 09:00:00,35,27,False,62
2020-08-28 10:00:00,35,30,False,65
2020-08-28 11:00:00,36,33,False,69
2020-08-28 12:00:00,36,32,False,68
2020-08-28 13:00:00,38,32,False,70
2020-08-28 14:00:00,39,32,False,71
2020-08-28 15:00:00,41,35,False,76
2020-08-28 16:00:00,39,34,False,73
2020-08-28 17:00:00,41,34,False,75
2020-08-28 18:00:00,40,37,False,77
2020-08-28 19:00:00,41,36,False,77
2020-08-28 20:00:00,45,40,False,85
2020-08-28 21:00:00,46,40,False,86
2020-08-28 22:00:00,47,45,False,92
2020-08-28 23:00:00,44,41,False,85
2020-08-29 00:00:00,44,43,False,87
2020-08-29 01:00:00,45,38,False,83
2020-08-29 02:00:00,34,33,False,67
2020-08-29 03:00:00,37,33,False,70
2020-08-29 04:00:00,39,35,False,74
2020-08-29 05:00:00,40,32,False,72
2020-08-29 06:00:00,36,31,False,67
2020-08-29 07:00:00,35,30,False,65
2020-08-29 08:00:00,35,30,False,65
2020-08-29 09:00:00,34,30,False,64
2020-08-29 10:00:00,33,29,False,62
2020-08-29 11:00:00,35,32,False,67
2020-08-29 12:00:00,36,31,False,67
2020-08-29 13:00:00,40,30,False,70
2020-08-29 14:00:00,40,32,False,72
2020-08-29 15:00:00,52,32,False,84
2020-08-29 16:00:00,41,33,False,74
2020-08-29 17:00:00,44,31,False,75
2020-08-29 18:00:00,39,34,False,73
2020-08-29 19:00:00,41,36,False,77
2020-08-29 20:00:00,48,39,False,87
2020-08-29 21:00:00,46,36,False,82
2020-08-29 22:00:00,51,41,False,92
2020-08-29 23:00:00,51,36,False,87
2020-08-30 00:00:00,50,40,False,90
2020-08-30 01:00:00,57,38,False,95
2020-08-30 02:00:00,53,41,False,94
2020-08-30 03:00:00,56,38,False,94
2020-08-30 04:00:00,44,39,False,83
2020-08-30 05:00:00,39,35,False,74
2020-08-30 06:00:00,38,36,False,74
2020-08-30 07:00:00,37,33,False,70
2020-08-30 08:00:00,33,31,False,64
2020-08-30 09:00:00,34,29,False,63
2020-08-30 10:00:00,33,27,False,60
2020-08-30 11:00:00,33,30,False,63
2020-08-30 12:00:00,34,32,False,66
2020-08-30 13:00:00,38,34,False,72
2020-08-30 14:00:00,38,34,False,72
2020-08-30 15:00:00,39,34,False,73
2020-08-30 16:00:00,39,37,False,76
2020-08-30 17:00:00,43,36,False,79
2020-08-30 18:00:00,43,36,False,79
2020-08-30 19:00:00,45,40,False,85
2020-08-30 20:00:00,50,45,False,95
2020-08-30 21:00:00,48,42,False,90
2020-08-30 22:00:00,49,46,False,95
2020-08-30 23:00:00,49,45,False,94
2020-08-31 00:00:00,44,45,False,89
2020-08-31 01:00:00,47,44,False,91
2020-08-31 02:00:00,44,42,False,86
2020-08-31 03:00:00,41,42,False,83
2020-08-31 04:00:00,43,40,False,83
2020-08-31 05:00:00,40,37,False,77
2020-08-31 06:00:00,37,32,False,69
2020-08-31 07:00:00,35,31,False,66
2020-08-31 08:00:00,36,30,False,66
2020-08-31 09:00:00,33,32,False,65
2020-08-31 10:00:00,35,31,False,66
2020-08-31 11:00:00,35,32,False,67
2020-08-31 12:00:00,36,32,False,68
2020-08-31 13:00:00,35,34,False,69
2020-08-31 14:00:00,40,35,False,75
2020-08-31 15:00:00,37,35,False,72
2020-08-31 16:00:00,39,35,False,74
2020-08-31 17:00:00,40,36,False,76
2020-08-31 18:00:00,42,36,False,78
2020-08-31 19:00:00,41,39,False,80
2020-08-31 20:00:00,46,42,False,88
2020-08-31 21:00:00,46,45,False,91
2020-08-31 22:00:00,45,46,False,91
2020-08-31 23:00:00,48,44,False,92
2020-09-01 00:00:00,48,42,False,90
2020-09-01 01:00:00,45,40,False,85
2020-09-01 02:00:00,42,40,False,82
2020-09-01 03:00:00,43,42,False,85
2020-09-01 04:00:00,40,40,False,80
2020-09-01 05:00:00,41,43,False,84
2020-09-01 06:00:00,41,44,False,85
2020-09-01 07:00:00,39,42,False,81
2020-09-01 08:00:00,40,36,False,76
2020-09-01 09:00:00,39,36,False,75
2020-09-01 10:00:00,39,36,False,75
2020-09-01 11:00:00,40,38,False,78
2020-09-01 12:00:00,37,38,False,75
2020-09-01 13:00:00,40,36,False,76
2020-09-01 14:00:00,41,38,False,79
2020-09-01 15:00:00,41,41,False,82
2020-09-01 16:00:00,43,41,False,84
2020-09-01 17:00:00,44,38,False,82
2020-09-01 18:00:00,44,39,False,83
2020-09-01 19:00:00,48,46,False,94
2020-09-01 20:00:00,58,49,False,107
2020-09-01 21:00:00,92,49,False,141
2020-09-01 22:00:00,100,59,False,159
2020-09-01 23:00:00,93,53,False,146
2020-09-02 00:00:00,85,55,False,140
2020-09-02 00:00:00,99,63,False,162
2020-09-02 01:00:00,100,62,False,162
2020-09-02 02:00:00,96,57,False,153
2020-09-02 03:00:00,66,53,False,119
2020-09-02 04:00:00,59,53,False,112
2020-09-02 05:00:00,55,52,False,107
2020-09-02 06:00:00,51,43,False,94
2020-09-02 07:00:00,43,38,False,81
2020-09-02 08:00:00,46,38,False,84
2020-09-02 09:00:00,43,37,False,80
2020-09-02 10:00:00,45,37,False,82
2020-09-02 11:00:00,48,43,False,91
2020-09-02 12:00:00,41,38,False,79
2020-09-02 13:00:00,44,38,False,82
2020-09-02 14:00:00,47,40,False,87
2020-09-02 15:00:00,47,38,False,85
2020-09-02 16:00:00,54,40,False,94
2020-09-02 17:00:00,61,39,False,100
2020-09-02 18:00:00,64,37,False,101
2020-09-02 19:00:00,64,42,False,106
2020-09-02 20:00:00,66,45,False,111
2020-09-02 21:00:00,66,47,False,113
2020-09-02 22:00:00,65,45,False,110
2020-09-02 23:00:00,65,45,False,110
2020-09-03 00:00:00,70,44,False,114
2020-09-03 01:00:00,70,40,False,110
2020-09-03 02:00:00,59,40,False,99
2020-09-03 03:00:00,66,40,False,106
2020-09-03 04:00:00,58,41,False,99
2020-09-03 05:00:00,56,42,False,98
2020-09-03 06:00:00,47,34,False,81
2020-09-03 07:00:00,42,33,False,75
2020-09-03 08:00:00,42,31,False,73
2020-09-03 09:00:00,43,29,False,72
2020-09-03 10:00:00,43,34,False,77
2020-09-03 11:00:00,43,37,False,80
2020-09-03 12:00:00,43,38,False,81
2020-09-03 13:00:00,44,37,False,81
2020-09-03 14:00:00,45,37,False,82
2020-09-03 15:00:00,46,38,False,84
2020-09-03 16:00:00,48,35,False,83
2020-09-03 17:00:00,47,40,False,87
2020-09-03 18:00:00,51,40,False,91
2020-09-03 19:00:00,53,42,False,95
2020-09-03 20:00:00,53,45,False,98
2020-09-03 21:00:00,53,46,False,99
2020-09-03 22:00:00,61,46,False,107
2020-09-03 23:00:00,59,59,False,118
2020-09-04 00:00:00,57,56,False,113
2020-09-04 01:00:00,56,48,False,104
2020-09-04 02:00:00,54,50,False,104
2020-09-04 03:00:00,52,45,False,97
2020-09-04 04:00:00,56,44,False,100
2020-09-04 05:00:00,51,45,False,96
2020-09-04 06:00:00,48,40,False,88
2020-09-04 07:00:00,45,37,False,82
2020-09-04 08:00:00,43,34,False,77
2020-09-04 09:00:00,44,33,False,77
2020-09-04 10:00:00,40,34,False,74
2020-09-04 11:00:00,41,34,False,75
2020-09-04 12:00:00,39,33,False,72
2020-09-04 13:00:00,41,33,False,74
2020-09-04 14:00:00,44,37,False,81
2020-09-04 15:00:00,47,38,False,85
2020-09-04 16:00:00,47,35,False,82
2020-09-04 17:00:00,42,33,False,75
2020-09-04 18:00:00,47,36,False,83
2020-09-04 19:00:00,45,36,False,81
2020-09-04 20:00:00,49,38,False,87
2020-09-04 21:00:00,52,38,False,90
2020-09-04 22:00:00,52,41,False,93
2020-09-04 23:00:00,51,41,False,92
2020-09-05 00:00:00,59,40,False,99
2020-09-05 01:00:00,60,36,False,96
2020-09-05 02:00:00,53,37,False,90
2020-09-05 03:00:00,49,31,False,80
2020-09-05 04:00:00,49,34,False,83
2020-09-05 05:00:00,47,32,False,79
2020-09-05 06:00:00,42,32,False,74
2020-09-05 07:00:00,40,30,False,70
2020-09-05 08:00:00,40,29,False,69
2020-09-05 09:00:00,36,31,False,67
2020-09-05 10:00:00,39,29,False,68
2020-09-05 11:00:00,40,35,False,75
2020-09-05 12:00:00,40,36,False,76
2020-09-05 13:00:00,40,37,False,77
2020-09-05 14:00:00,41,33,False,74
2020-09-05 15:00:00,39,32,False,71
2020-09-05 16:00:00,43,31,False,74
2020-09-05 17:00:00,44,34,False,78
2020-09-05 18:00:00,45,35,False,80
2020-09-05 19:00:00,52,47,False,99
2020-09-05 20:00:00,53,44,False,97
2020-09-05 21:00:00,52,43,False,95
2020-09-05 22:00:00,62,48,False,110
2020-09-05 23:00:00,58,47,False,105
2020-09-06 00:00:00,65,41,False,106
2020-09-06 01:00:00,60,40,False,100
2020-09-06 02:00:00,56,43,False,99
2020-09-06 03:00:00,49,40,False,89
2020-09-06 04:00:00,44,40,False,84
2020-09-06 05:00:00,42,39,False,81
2020-09-06 06:00:00,40,37,False,77
2020-09-06 07:00:00,41,36,False,77
2020-09-06 08:00:00,38,33,False,71
2020-09-06 09:00:00,36,29,False,65
2020-09-06 10:00:00,39,30,False,69
2020-09-06 11:00:00,39,33,False,72
2020-09-06 12:00:00,39,32,False,71
2020-09-06 13:00:00,44,34,False,78
2020-09-06 14:00:00,46,35,False,81
2020-09-06 15:00:00,42,33,False,75
2020-09-06 16:00:00,43,33,False,76
2020-09-06 17:00:00,43,35,False,78
2020-09-06 18:00:00,43,34,False,77
2020-09-06 19:00:00,49,37,False,86
2020-09-06 20:00:00,52,39,False,91
2020-09-06 21:00:00,52,39,False,91
2020-09-06 22:00:00,52,38,False,90
2020-09-06 23:00:00,50,42,False,92
2020-09-07 00:00:00,55,38,False,93
2020-09-07 01:00:00,53,36,False,89
2020-09-07 02:00:00,48,33,False,81
2020-09-07 03:00:00,49,34,False,83
2020-09-07 04:00:00,45,31,False,76
2020-09-07 05:00:00,42,32,False,74
2020-09-07 06:00:00,42,31,False,73
2020-09-07 07:00:00,38,29,False,67
2020-09-07 08:00:00,40,25,False,65
2020-09-07 09:00:00,41,28,False,69
2020-09-07 10:00:00,40,29,False,69
2020-09-07 11:00:00,39,32,False,71
2020-09-07 12:00:00,41,33,False,74
2020-09-07 13:00:00,41,31,False,72
2020-09-07 14:00:00,40,33,False,73
2020-09-07 15:00:00,42,31,False,73
2020-09-07 16:00:00,42,35,False,77
2020-09-07 17:00:00,43,32,False,75
2020-09-07 18:00:00,44,34,False,78
2020-09-07 19:00:00,47,37,False,84
2020-09-07 20:00:00,50,38,False,88
2020-09-07 21:00:00,51,41,False,92
2020-09-07 22:00:00,53,42,False,95
2020-09-07 23:00:00,52,41,False,93
2020-09-08 00:00:00,49,37,False,86
2020-09-08 01:00:00,49,37,False,86
2020-09-08 02:00:00,48,37,False,85
2020-09-08 03:00:00,48,35,False,83
2020-09-08 04:00:00,45,36,False,81
2020-09-08 05:00:00,45,33,False,78
2020-09-08 06:00:00,43,30,False,73
2020-09-08 07:00:00,41,26,False,67
2020-09-08 08:00:00,42,26,False,68
2020-09-08 09:00:00,42,29,False,71
2020-09-08 10:00:00,41,29,False,70
2020-09-08 11:00:00,38,32,False,70
2020-09-08 12:00:00,39,31,False,70
2020-09-08 13:00:00,41,31,False,72
2020-09-08 14:00:00,39,29,False,68
2020-09-08 15:00:00,42,31,False,73
2020-09-08 16:00:00,40,30,False,70
2020-09-08 17:00:00,40,30,False,70
2020-09-08 18:00:00,45,33,False,78
2020-09-08 19:00:00,47,36,False,83
2020-09-08 20:00:00,49,39,False,88
2020-09-08 21:00:00,55,40,False,95
2020-09-08 22:00:00,51,39,False,90
2020-09-08 23:00:00,49,36,False,85
2020-09-09 00:00:00,50,39,False,89
2020-09-09 00:00:00,80,62,False,142
2020-09-09 01:00:00,88,59,False,147
2020-09-09 02:00:00,81,57,False,138
2020-09-09 03:00:00,80,55,False,135
2020-09-09 04:00:00,72,54,False,126
2020-09-09 05:00:00,63,52,False,115
2020-09-09 06:00:00,65,43,False,108
2020-09-09 07:00:00,59,41,False,100
2020-09-09 08:00:00,60,41,False,101
2020-09-09 09:00:00,61,39,False,100
2020-09-09 10:00:00,62,46,False,108
2020-09-09 11:00:00,66,47,False,113
2020-09-09 12:00:00,58,48,False,106
2020-09-09 13:00:00,64,47,False,111
2020-09-09 14:00:00,67,47,False,114
2020-09-09 15:00:00,70,51,False,121
2020-09-09 16:00:00,65,49,False,114
2020-09-09 17:00:00,66,47,False,113
2020-09-09 18:00:00,70,49,False,119
2020-09-09 19:00:00,73,58,False,131
2020-09-09 20:00:00,74,60,False,134
2020-09-09 21:00:00,77,67,False,144
2020-09-09 22:00:00,80,61,False,141
2020-09-09 23:00:00,76,66,False,142
2020-09-10 00:00:00,84,59,False,143
2020-09-10 01:00:00,81,57,False,138
2020-09-10 02:00:00,79,58,False,137
2020-09-10 03:00:00,75,62,False,137
2020-09-10 04:00:00,71,60,False,131
2020-09-10 05:00:00,68,53,False,121
2020-09-10 06:00:00,67,48,False,115
2020-09-10 07:00:00,62,44,False,106
2020-09-10 08:00:00,63,44,False,107
2020-09-10 09:00:00,65,41,False,106
2020-09-10 10:00:00,67,49,False,116
2020-09-10 11:00:00,58,48,False,106
2020-09-10 12:00:00,63,47,False,110
2020-09-10 13:00:00,61,48,False,109
2020-09-10 14:00:00,71,48,False,119
2020-09-10 15:00:00,69,48,False,117
2020-09-10 16:00:00,65,48,False,113
2020-09-10 17:00:00,70,50,False,120
2020-09-10 18:00:00,67,49,False,116
2020-09-10 19:00:00,72,55,False,127
2020-09-10 20:00:00,77,59,False,136
2020-09-10 21:00:00,77,58,False,135
2020-09-10 22:00:00,91,56,False,147
2020-09-10 23:00:00,98,59,False,157
2020-09-11 00:00:00,99,58,False,157
2020-09-11 01:00:00,93,55,False,148
2020-09-11 02:00:00,84,53,False,137
2020-09-11 03:00:00,75,57,False,132
2020-09-11 04:00:00,82,58,False,140
2020-09-11 05:00:00,75,49,False,124
2020-09-11 06:00:00,70,49,False,119
2020-09-11 07:00:00,64,43,False,107
2020-09-11 08:00:00,65,42,False,107
2020-09-11 09:00:00,62,45,False,107
2020-09-11 10:00:00,58,48,False,106
2020-09-11 11:00:00,58,50,False,108
2020-09-11 12:00:00,61,44,False,105
2020-09-11 13:00:00,67,46,False,113
2020-09-11 14:00:00,68,43,False,111
2020-09-11 15:00:00,71,46,False,117
2020-09-11 16:00:00,71,47,False,118
2020-09-11 17:00:00,68,45,False,113
2020-09-11 18:00:00,74,53,False,127
2020-09-11 19:00:00,74,52,False,126
2020-09-11 20:00:00,78,57,False,135
2020-09-11 21:00:00,86,61,False,147
2020-09-11 22:00:00,81,62,False,143
2020-09-11 23:00:00,82,59,False,141
2020-09-12 00:00:00,81,57,False,138
2020-09-12 01:00:00,98,55,False,153
2020-09-12 02:00:00,83,56,False,139
2020-09-12 03:00:00,84,53,False,137
2020-09-12 04:00:00,69,54,False,123
2020-09-12 05:00:00,71,48,False,119
2020-09-12 06:00:00,64,50,False,114
2020-09-12 07:00:00,58,41,False,99
2020-09-12 08:00:00,63,43,False,106
2020-09-12 09:00:00,55,37,False,92
2020-09-12 10:00:00,61,41,False,102
2020-09-12 11:00:00,70,45,False,115
2020-09-12 12:00:00,64,45,False,109
2020-09-12 13:00:00,68,43,False,111
2020-09-12 14:00:00,64,45,False,109
2020-09-12 15:00:00,69,45,False,114
2020-09-12 16:00:00,73,41,False,114
2020-09-12 17:00:00,74,44,False,118
2020-09-12 18:00:00,69,50,False,119
2020-09-12 19:00:00,72,53,False,125
2020-09-12 20:00:00,82,58,False,140
2020-09-12 21:00:00,89,58,False,147
2020-09-12 22:00:00,80,61,False,141
2020-09-12 23:00:00,82,57,False,139
2020-09-13 00:00:00,100,60,False,160
2020-09-13 01:00:00,87,56,False,143
2020-09-13 02:00:00,79,55,False,134
2020-09-13 03:00:00,83,57,False,140
2020-09-13 04:00:00,73,55,False,128
2020-09-13 05:00:00,61,56,False,117
2020-09-13 06:00:00,62,56,False,118
2020-09-13 07:00:00,61,47,False,108
2020-09-13 08:00:00,61,47,False,108
2020-09-13 09:00:00,61,48,False,109
2020-09-13 10:00:00,56,44,False,100
2020-09-13 11:00:00,52,44,False,96
2020-09-13 12:00:00,56,45,False,101
2020-09-13 13:00:00,61,43,False,104
2020-09-13 14:00:00,63,45,False,108
2020-09-13 15:00:00,66,45,False,111
2020-09-13 16:00:00,75,45,False,120
2020-09-13 17:00:00,99,48,False,147
2020-09-13 18:00:00,81,48,False,129
2020-09-13 19:00:00,90,52,False,142
2020-09-13 20:00:00,86,58,False,144
2020-09-13 21:00:00,84,65,False,149
2020-09-13 22:00:00,76,58,False,134
2020-09-13 23:00:00,81,63,False,144
2020-09-14 00:00:00,83,57,False,140
2020-09-14 01:00:00,79,55,False,134
2020-09-14 02:00:00,73,58,False,131
2020-09-14 03:00:00,73,59,False,132
2020-09-14 04:00:00,70,56,False,126
2020-09-14 05:00:00,61,50,False,111
2020-09-14 06:00:00,61,46,False,107
2020-09-14 07:00:00,64,42,False,106
2020-09-14 08:00:00,66,43,False,109
2020-09-14 09:00:00,67,45,False,112
2020-09-14 10:00:00,63,50,False,113
2020-09-14 11:00:00,66,47,False,113
2020-09-14 12:00:00,63,47,False,110
2020-09-14 13:00:00,67,50,False,117
2020-09-14 14:00:00,67,54,False,121
2020-09-14 15:00:00,70,49,False,119
2020-09-14 16:00:00,64,50,False,114
2020-09-14 17:00:00,70,51,False,121
2020-09-14 18:00:00,70,54,False,124
2020-09-14 19:00:00,89,57,False,146
2020-09-14 20:00:00,85,62,False,147
2020-09-14 21:00:00,89,65,False,154
2020-09-14 22:00:00,80,65,False,145
2020-09-14 23:00:00,87,60,False,147
2020-09-15 00:00:00,85,59,False,144
2020-09-15 01:00:00,84,56,False,140
2020-09-15 02:00:00,80,58,False,138
2020-09-15 03:00:00,73,59,False,132
2020-09-15 04:00:00,79,56,False,135
2020-09-15 05:00:00,73,55,False,128
2020-09-15 06:00:00,62,44,False,106
2020-09-15 07:00:00,65,44,False,109
2020-09-15 08:00:00,63,42,False,105
2020-09-15 09:00:00,65,46,False,111
2020-09-15 10:00:00,60,45,False,105
2020-09-15 11:00:00,56,45,False,101
2020-09-15 12:00:00,61,46,False,107
2020-09-15 13:00:00,62,47,False,109
2020-09-15 14:00:00,67,46,False,113
2020-09-15 15:00:00,67,41,False,108
2020-09-15 16:00:00,64,46,False,110
2020-09-15 17:00:00,66,49,False,115
2020-09-15 18:00:00,72,50,False,122
2020-09-15 19:00:00,73,53,False,126
2020-09-15 20:00:00,80,63,False,143
2020-09-15 21:00:00,79,62,False,141
2020-09-15 22:00:00,90,70,False,160
2020-09-15 23:00:00,85,63,False,148
2020-09-16 00:00:00,85,62,False,147
2020-09-16 00:00:00,64,47,False,111
2020-09-16 01:00:00,67,45,False,112
2020-09-16 02:00:00,60,46,False,106
2020-09-16 03:00:00,59,43,False,102
2020-09-16 04:00:00,59,43,False,102
2020-09-16 05:00:00,58,42,False,100
2020-09-16 06:00:00,46,32,False,78
2020-09-16 07:00:00,47,35,False,82
2020-09-16 08:00:00,53,31,False,84
2020-09-16 09:00:00,49,33,False,82
2020-09-16 10:00:00,49,34,False,83
2020-09-16 11:00:00,44,35,False,79
2020-09-16 12:00:00,45,35,False,80
2020-09-16 13:00:00,45,37,False,82
2020-09-16 14:00:00,49,36,False,85
2020-09-16 15:00:00,51,33,False,84
2020-09-16 16:00:00,53,38,False,91
2020-09-16 17:00:00,54,40,False,94
2020-09-16 18:00:00,53,38,False,91
2020-09-16 19:00:00,54,43,False,97
2020-09-16 20:00:00,57,46,False,103
2020-09-16 21:00:00,60,47,False,107
2020-09-16 22:00:00,60,55,False,115
2020-09-16 23:00:00,61,50,False,111
2020-09-17 00:00:00,61,59,False,120
2020-09-17 01:00:00,60,56,False,116
2020-09-17 02:00:00,56,48,False,104
2020-09-17 03:00:00,59,51,False,110
2020-09-17 04:00:00,53,47,False,100
2020-09-17 05:00:00,52,41,False,93
2020-09-17 06:00:00,50,36,False,86
2020-09-17 07:00:00,48,34,False,82
2020-09-17 08:00:00,47,31,False,78
2020-09-17 09:00:00,48,34,False,82
2020-09-17 10:00:00,46,36,False,82
2020-09-17 11:00:00,47,35,False,82
2020-09-17 12:00:00,49,35,False,84
2020-09-17 13:00:00,48,34,False,82
2020-09-17 14:00:00,49,36,False,85
2020-09-17 15:00:00,50,36,False,86
2020-09-17 16:00:00,50,37,False,87
2020-09-17 17:00:00,47,36,False,83
2020-09-17 18:00:00,55,40,False,95
2020-09-17 19:00:00,55,45,False,100
2020-09-17 20:00:00,60,46,False,106
2020-09-17 21:00:00,64,48,False,112
2020-09-17 22:00:00,59,50,False,109
2020-09-17 23:00:00,65,47,False,112
2020-09-18 00:00:00,71,44,False,115
2020-09-18 01:00:00,66,41,False,107
2020-09-18 02:00:00,61,40,False,101
2020-09-18 03:00:00,60,42,False,102
2020-09-18 04:00:00,55,38,False,93
2020-09-18 05:00:00,51,39,False,90
2020-09-18 06:00:00,49,35,False,84
2020-09-18 07:00:00,49,37,False,86
2020-09-18 08:00:00,48,32,False,80
2020-09-18 09:00:00,49,34,False,83
2020-09-18 10:00:00,51,36,False,87
2020-09-18 11:00:00,45,33,False,78
2020-09-18 12:00:00,48,33,False,81
2020-09-18 13:00:00,49,35,False,84
2020-09-18 14:00:00,51,36,False,87
2020-09-18 15:00:00,51,35,False,86
2020-09-18 16:00:00,49,35,False,84
2020-09-18 17:00:00,52,34,False,86
2020-09-18 18:00:00,53,35,False,88
2020-09-18 19:00:00,52,36,False,88
2020-09-18 20:00:00,55,43,False,98
2020-09-18 21:00:00,58,46,False,104
2020-09-18 22:00:00,66,46,False,112
2020-09-18 23:00:00,59,47,False,106
2020-09-19 00:00:00,60,45,False,105
2020-09-19 01:00:00,66,44,False,110
2020-09-19 02:00:00,59,41,False,100
2020-09-19 03:00:00,55,41,False,96
2020-09-19 04:00:00,50,34,False,84
2020-09-19 05:00:00,53,39,False,92
2020-09-19 06:00:00,48,36,False,84
2020-09-19 07:00:00,45,32,False,77
2020-09-19 08:00:00,40,32,False,72
2020-09-19 09:00:00,44,30,False,74
2020-09-19 10:00:00,40,34,False,74
2020-09-19 11:00:00,45,34,False,79
2020-09-19 12:00:00,45,34,False,79
2020-09-19 13:00:00,47,37,False,84
2020-09-19 14:00:00,49,34,False,83
2020-09-19 15:00:00,48,33,False,81
2020-09-19 16:00:00,54,34,False,88
2020-09-19 17:00:00,52,35,False,87
2020-09-19 18:00:00,48,35,False,83
2020-09-19 19:00:00,55,38,False,93
2020-09-19 20:00:00,57,36,False,93
2020-09-19 21:00:00,66,45,False,111
2020-09-19 22:00:00,64,48,False,112
2020-09-19 23:00:00,75,42,False,117
2020-09-20 00:00:00,96,45,False,141
2020-09-20 01:00:00,100,39,False,139
2020-09-20 02:00:00,89,42,False,131
2020-09-20 03:00:00,57,40,False,97
2020-09-20 04:00:00,54,34,False,88
2020-09-20 05:00:00,52,33,False,85
2020-09-20 06:00:00,47,38,False,85
2020-09-20 07:00:00,47,36,False,83
2020-09-20 08:00:00,42,33,False,75
2020-09-20 09:00:00,39,33,False,72
2020-09-20 10:00:00,40,32,False,72
2020-09-20 11:00:00,42,33,False,75
2020-09-20 12:00:00,40,32,False,72
2020-09-20 13:00:00,42,34,False,76
2020-09-20 14:00:00,45,32,False,77
2020-09-20 15:00:00,59,31,False,90
2020-09-20 16:00:00,57,32,False,89
2020-09-20 17:00:00,60,32,False,92
2020-09-20 18:00:00,52,37,False,89
2020-09-20 19:00:00,62,37,False,99
2020-09-20 20:00:00,63,42,False,105
2020-09-20 21:00:00,61,45,False,106
2020-09-20 22:00:00,62,44,False,106
2020-09-20 23:00:00,64,42,False,106
2020-09-21 00:00:00,67,41,False,108
2020-09-21 01:00:00,62,37,False,99
2020-09-21 02:00:00,56,38,False,94
2020-09-21 03:00:00,56,37,False,93
2020-09-21 04:00:00,51,36,False,87
2020-09-21 05:00:00,50,34,False,84
2020-09-21 06:00:00,51,31,False,82
2020-09-21 07:00:00,42,28,False,70
2020-09-21 08:00:00,41,28,False,69
2020-09-21 09:00:00,47,32,False,79
2020-09-21 10:00:00,49,36,False,85
2020-09-21 11:00:00,43,33,False,76
2020-09-21 12:00:00,44,35,False,79
2020-09-21 13:00:00,46,34,False,80
2020-09-21 14:00:00,51,37,False,88
2020-09-21 15:00:00,53,37,False,90
2020-09-21 16:00:00,50,39,False,89
2020-09-21 17:00:00,47,34,False,81
2020-09-21 18:00:00,53,38,False,91
2020-09-21 19:00:00,58,41,False,99
2020-09-21 20:00:00,57,44,False,101
2020-09-21 21:00:00,63,46,False,109
2020-09-21 22:00:00,68,44,False,112
2020-09-21 23:00:00,59,48,False,107
2020-09-22 00:00:00,57,42,False,99
2020-09-22 01:00:00,56,46,False,102
2020-09-22 02:00:00,57,42,False,99
2020-09-22 03:00:00,65,41,False,106
2020-09-22 04:00:00,53,40,False,93
2020-09-22 05:00:00,54,41,False,95
2020-09-22 06:00:00,51,34,False,85
2020-09-22 07:00:00,44,29,False,73
2020-09-22 08:00:00,47,31,False,78
2020-09-22 09:00:00,46,30,False,76
2020-09-22 10:00:00,45,31,False,76
2020-09-22 11:00:00,44,32,False,76
2020-09-22 12:00:00,42,33,False,75
2020-09-22 13:00:00,47,32,False,79
2020-09-22 14:00:00,47,33,False,80
2020-09-22 15:00:00,46,34,False,80
2020-09-22 16:00:00,47,33,False,80
2020-09-22 17:00:00,47,33,False,80
2020-09-22 18:00:00,50,36,False,86
2020-09-22 19:00:00,55,38,False,93
2020-09-22 20:00:00,59,41,False,100
2020-09-22 21:00:00,56,43,False,99
2020-09-22 22:00:00,60,45,False,105
2020-09-22 23:00:00,59,41,False,100
2020-09-23 00:00:00,57,40,False,97
2020-09-23 00:00:00,34,24,False,58
2020-09-23 01:00:00,38,21,False,59
2020-09-23 02:00:00,33,24,False,57
2020-09-23 03:00:00,34,22,False,56
2020-09-23 04:00:00,30,23,False,53
2020-09-23 05:00:00,32,21,False,53
2020-09-23 06:00:00,28,19,False,47
2020-09-23 07:00:00,28,18,False,46
2020-09-23 08:00:00,27,18,False,45
2020-09-23 09:00:00,28,19,False,47
2020-09-23 10:00:00,27,18,False,45
2020-09-23 11:00:00,26,20,False,46
2020-09-23 12:00:00,28,20,False,48
2020-09-23 13:00:00,28,18,False,46
2020-09-23 14:00:00,30,19,False,49
2020-09-23 15:00:00,30,18,False,48
2020-09-23 16:00:00,29,19,False,48
2020-09-23 17:00:00,29,19,False,48
2020-09-23 18:00:00,32,20,False,52
2020-09-23 19:00:00,34,25,False,59
2020-09-23 20:00:00,36,25,False,61
2020-09-23 21:00:00,36,29,False,65
2020-09-23 22:00:00,34,29,False,63
2020-09-23 23:00:00,35,30,False,65
2020-09-24 00:00:00,37,27,False,64
2020-09-24 01:00:00,36,26,False,62
2020-09-24 02:00:00,34,24,False,58
2020-09-24 03:00:00,36,24,False,60
2020-09-24 04:00:00,36,26,False,62
2020-09-24 05:00:00,32,22,False,54
2020-09-24 06:00:00,30,19,False,49
2020-09-24 07:00:00,27,18,False,45
2020-09-24 08:00:00,28,17,False,45
2020-09-24 09:00:00,28,18,False,46
2020-09-24 10:00:00,26,19,False,45
2020-09-24 11:00:00,27,20,False,47
2020-09-24 12:00:00,25,18,False,43
2020-09-24 13:00:00,27,18,False,45
2020-09-24 14:00:00,28,19,False,47
2020-09-24 15:00:00,29,18,False,47
2020-09-24 16:00:00,30,20,False,50
2020-09-24 17:00:00,28,21,False,49
2020-09-24 18:00:00,33,22,False,55
2020-09-24 19:00:00,33,22,False,55
2020-09-24 20:00:00,35,24,False,59
2020-09-24 21:00:00,38,27,False,65
2020-09-24 22:00:00,37,29,False,66
2020-09-24 23:00:00,36,29,False,65
2020-09-25 00:00:00,38,26,False,64
2020-09-25 01:00:00,38,22,False,60
2020-09-25 02:00:00,38,24,False,62
2020-09-25 03:00:00,36,24,False,60
2020-09-25 04:00:00,30,22,False,52
2020-09-25 05:00:00,32,21,False,53
2020-09-25 06:00:00,29,18,False,47
2020-09-25 07:00:00,27,18,False,45
2020-09-25 08:00:00,27,17,False,44
2020-09-25 09:00:00,28,17,False,45
2020-09-25 10:00:00,28,16,False,44
2020-09-25 11:00:00,27,21,False,48
2020-09-25 12:00:00,28,21,False,49
2020-09-25 13:00:00,28,20,False,48
2020-09-25 14:00:00,29,19,False,48
2020-09-25 15:00:00,29,20,False,49
2020-09-25 16:00:00,29,21,False,50
2020-09-25 17:00:00,30,21,False,51
2020-09-25 18:00:00,33,23,False,56
2020-09-25 19:00:00,34,25,False,59
2020-09-25 20:00:00,34,27,False,61
2020-09-25 21:00:00,36,27,False,63
2020-09-25 22:00:00,36,29,False,65
2020-09-25 23:00:00,37,27,False,64
2020-09-26 00:00:00,36,26,False,62
2020-09-26 01:00:00,38,25,False,63
2020-09-26 02:00:00,37,25,False,62
2020-09-26 03:00:00,35,24,False,59
2020-09-26 04:00:00,34,26,False,60
2020-09-26 05:00:00,31,22,False,53
2020-09-26 06:00:00,29,22,False,51
2020-09-26 07:00:00,27,21,False,48
2020-09-26 08:00:00,29,19,False,48
2020-09-26 09:00:00,25,17,False,42
2020-09-26 10:00:00,26,18,False,44
2020-09-26 11:00:00,29,18,False,47
2020-09-26 12:00:00,30,18,False,48
2020-09-26 13:00:00,31,19,False,50
2020-09-26 14:00:00,29,20,False,49
2020-09-26 15:00:00,31,20,False,51
2020-09-26 16:00:00,32,20,False,52
2020-09-26 17:00:00,34,21,False,55
2020-09-26 18:00:00,32,19,False,51
2020-09-26 19:00:00,34,21,False,55
2020-09-26 20:00:00,36,25,False,61
2020-09-26 21:00:00,38,26,False,64
2020-09-26 22:00:00,44,24,False,68
2020-09-26 23:00:00,52,26,False,78
2020-09-27 00:00:00,54,25,False,79
2020-09-27 01:00:00,79,26,False,105
2020-09-27 02:00:00,100,25,False,125
2020-09-27 03:00:00,81,22,False,103
2020-09-27 04:00:00,71,21,False,92
2020-09-27 05:00:00,31,19,False,50
2020-09-27 06:00:00,25,18,False,43
2020-09-27 07:00:00,24,17,False,41
2020-09-27 08:00:00,26,16,False,42
2020-09-27 09:00:00,24,16,False,40
2020-09-27 10:00:00,23,18,False,41
2020-09-27 11:00:00,26,18,False,44
2020-09-27 12:00:00,26,18,False,44
2020-09-27 13:00:00,28,18,False,46
2020-09-27 14:00:00,27,18,False,45
2020-09-27 15:00:00,28,17,False,45
2020-09-27 16:00:00,30,18,False,48
2020-09-27 17:00:00,32,19,False,51
2020-09-27 18:00:00,32,17,False,49
2020-09-27 19:00:00,34,20,False,54
2020-09-27 20:00:00,36,23,False,59
2020-09-27 21:00:00,35,24,False,59
2020-09-27 22:00:00,36,26,False,62
2020-09-27 23:00:00,35,23,False,58
2020-09-28 00:00:00,38,25,False,63
2020-09-28 01:00:00,34,23,False,57
2020-09-28 02:00:00,31,23,False,54
2020-09-28 03:00:00,31,24,False,55
2020-09-28 04:00:00,31,21,False,52
2020-09-28 05:00:00,30,21,False,51
2020-09-28 06:00:00,27,19,False,46
2020-09-28 07:00:00,24,17,False,41
2020-09-28 08:00:00,27,18,False,45
2020-09-28 09:00:00,26,17,False,43
2020-09-28 10:00:00,25,18,False,43
2020-09-28 11:00:00,26,18,False,44
2020-09-28 12:00:00,26,19,False,45
2020-09-28 13:00:00,29,21,False,50
2020-09-28 14:00:00,31,20,False,51
2020-09-28 15:00:00,27,20,False,47
2020-09-28 16:00:00,29,19,False,48
2020-09-28 17:00:00,29,20,False,49
2020-09-28 18:00:00,31,20,False,51
2020-09-28 19:00:00,35,22,False,57
2020-09-28 20:00:00,37,25,False,62
2020-09-28 21:00:00,37,27,False,64
2020-09-28 22:00:00,34,28,False,62
2020-09-28 23:00:00,32,23,False,55
2020-09-29 00:00:00,36,24,False,60
2020-09-29 01:00:00,32,26,False,58
2020-09-29 02:00:00,34,23,False,57
2020-09-29 03:00:00,31,21,False,52
2020-09-29 04:00:00,36,23,False,59
2020-09-29 05:00:00,32,21,False,53
2020-09-29 06:00:00,26,18,False,44
2020-09-29 07:00:00,28,17,False,45
2020-09-29 08:00:00,26,16,False,42
2020-09-29 09:00:00,27,18,False,45
2020-09-29 10:00:00,25,19,False,44
2020-09-29 11:00:00,26,20,False,46
2020-09-29 12:00:00,26,19,False,45
2020-09-29 13:00:00,28,18,False,46
2020-09-29 14:00:00,30,18,False,48
2020-09-29 15:00:00,28,19,False,47
2020-09-29 16:00:00,29,19,False,48
2020-09-29 17:00:00,28,18,False,46
2020-09-29 18:00:00,31,18,False,49
2020-09-29 19:00:00,34,21,False,55
2020-09-29 20:00:00,32,22,False,54
2020-09-29 21:00:00,33,23,False,56
2020-09-29 22:00:00,33,24,False,57
2020-09-29 23:00:00,33,23,False,56
2020-09-30 00:00:00,31,22,False,53
2020-09-30 00:00:00,79,55,False,134
2020-09-30 01:00:00,70,41,False,111
2020-09-30 02:00:00,71,49,False,120
2020-09-30 03:00:00,72,55,False,127
2020-09-30 04:00:00,77,50,False,127
2020-09-30 05:00:00,72,48,False,120
2020-09-30 06:00:00,65,38,False,103
2020-09-30 07:00:00,63,40,False,103
2020-09-30 08:00:00,62,38,False,100
2020-09-30 09:00:00,65,37,False,102
2020-09-30 10:00:00,63,41,False,104
2020-09-30 11:00:00,56,45,False,101
2020-09-30 12:00:00,65,45,False,110
2020-09-30 13:00:00,68,45,False,113
2020-09-30 14:00:00,69,46,False,115
2020-09-30 15:00:00,70,43,False,113
2020-09-30 16:00:00,67,43,False,110
2020-09-30 17:00:00,69,43,False,112
2020-09-30 18:00:00,76,47,False,123
2020-09-30 19:00:00,77,52,False,129
2020-09-30 20:00:00,85,56,False,141
2020-09-30 21:00:00,83,61,False,144
2020-09-30 22:00:00,83,59,False,142
2020-09-30 23:00:00,82,56,False,138
2020-10-01 00:00:00,86,61,False,147
2020-10-01 01:00:00,95,55,False,150
2020-10-01 02:00:00,84,57,False,141
2020-10-01 03:00:00,84,54,False,138
2020-10-01 04:00:00,77,54,False,131
2020-10-01 05:00:00,69,47,False,116
2020-10-01 06:00:00,65,43,False,108
2020-10-01 07:00:00,63,43,False,106
2020-10-01 08:00:00,64,43,False,107
2020-10-01 09:00:00,63,39,False,102
2020-10-01 10:00:00,62,44,False,106
2020-10-01 11:00:00,65,45,False,110
2020-10-01 12:00:00,63,44,False,107
2020-10-01 13:00:00,66,45,False,111
2020-10-01 14:00:00,67,45,False,112
2020-10-01 15:00:00,68,44,False,112
2020-10-01 16:00:00,67,46,False,113
2020-10-01 17:00:00,68,43,False,111
2020-10-01 18:00:00,76,50,False,126
2020-10-01 19:00:00,86,52,False,138
2020-10-01 20:00:00,83,57,False,140
2020-10-01 21:00:00,88,56,False,144
2020-10-01 22:00:00,82,60,False,142
2020-10-01 23:00:00,87,59,False,146
2020-10-02 00:00:00,86,52,False,138
2020-10-02 01:00:00,77,50,False,127
2020-10-02 02:00:00,77,55,False,132
2020-10-02 03:00:00,72,52,False,124
2020-10-02 04:00:00,71,48,False,119
2020-10-02 05:00:00,65,46,False,111
2020-10-02 06:00:00,57,48,False,105
2020-10-02 07:00:00,63,41,False,104
2020-10-02 08:00:00,58,38,False,96
2020-10-02 09:00:00,66,38,False,104
2020-10-02 10:00:00,64,44,False,108
2020-10-02 11:00:00,60,47,False,107
2020-10-02 12:00:00,58,40,False,98
2020-10-02 13:00:00,60,42,False,102
2020-10-02 14:00:00,66,41,False,107
2020-10-02 15:00:00,67,41,False,108
2020-10-02 16:00:00,64,40,False,104
2020-10-02 17:00:00,68,42,False,110
2020-10-02 18:00:00,65,45,False,110
2020-10-02 19:00:00,75,50,False,125
2020-10-02 20:00:00,73,58,False,131
2020-10-02 21:00:00,79,52,False,131
2020-10-02 22:00:00,81,55,False,136
2020-10-02 23:00:00,88,56,False,144
2020-10-03 00:00:00,82,50,False,132
2020-10-03 01:00:00,89,51,False,140
2020-10-03 02:00:00,78,50,False,128
2020-10-03 03:00:00,90,53,False,143
2020-10-03 04:00:00,72,44,False,116
2020-10-03 05:00:00,74,43,False,117
2020-10-03 06:00:00,65,42,False,107
2020-10-03 07:00:00,60,39,False,99
2020-10-03 08:00:00,61,40,False,101
2020-10-03 09:00:00,57,38,False,95
2020-10-03 10:00:00,51,37,False,88
2020-10-03 11:00:00,62,41,False,103
2020-10-03 12:00:00,59,37,False,96
2020-10-03 13:00:00,61,39,False,100
2020-10-03 14:00:00,68,37,False,105
2020-10-03 15:00:00,66,38,False,104
2020-10-03 16:00:00,63,38,False,101
2020-10-03 17:00:00,64,39,False,103
2020-10-03 18:00:00,65,41,False,106
2020-10-03 19:00:00,70,46,False,116
2020-10-03 20:00:00,77,48,False,125
2020-10-03 21:00:00,83,48,False,131
2020-10-03 22:00:00,83,51,False,134
2020-10-03 23:00:00,79,51,False,130
2020-10-04 00:00:00,87,49,False,136
2020-10-04 01:00:00,87,50,False,137
2020-10-04 02:00:00,82,48,False,130
2020-10-04 03:00:00,84,49,False,133
2020-10-04 04:00:00,80,46,False,126
2020-10-04 05:00:00,72,45,False,117
2020-10-04 06:00:00,60,45,False,105
2020-10-04 07:00:00,57,43,False,100
2020-10-04 08:00:00,53,36,False,89
2020-10-04 09:00:00,60,39,False,99
2020-10-04 10:00:00,57,39,False,96
2020-10-04 11:00:00,61,41,False,102
2020-10-04 12:00:00,58,41,False,99
2020-10-04 13:00:00,68,54,False,122
2020-10-04 14:00:00,66,48,False,114
2020-10-04 15:00:00,76,46,False,122
2020-10-04 16:00:00,71,48,False,119
2020-10-04 17:00:00,81,55,False,136
2020-10-04 18:00:00,90,64,False,154
2020-10-04 19:00:00,91,71,False,162
2020-10-04 20:00:00,96,79,False,175
2020-10-04 21:00:00,93,82,False,175
2020-10-04 22:00:00,87,76,False,163
2020-10-04 23:00:00,100,73,False,173
2020-10-05 00:00:00,91,83,False,174
2020-10-05 01:00:00,99,81,False,180
2020-10-05 02:00:00,82,81,False,163
2020-10-05 03:00:00,86,75,False,161
2020-10-05 04:00:00,80,69,False,149
2020-10-05 05:00:00,72,61,False,133
2020-10-05 06:00:00,67,54,False,121
2020-10-05 07:00:00,66,47,False,113
2020-10-05 08:00:00,69,46,False,115
2020-10-05 09:00:00,68,50,False,118
2020-10-05 10:00:00,66,53,False,119
2020-10-05 11:00:00,68,55,False,123
2020-10-05 12:00:00,69,55,False,124
2020-10-05 13:00:00,74,61,False,135
2020-10-05 14:00:00,79,62,False,141
2020-10-05 15:00:00,76,61,False,137
2020-10-05 16:00:00,75,54,False,129
2020-10-05 17:00:00,76,57,False,133
2020-10-05 18:00:00,83,60,False,143
2020-10-05 19:00:00,82,65,False,147
2020-10-05 20:00:00,94,85,False,179
2020-10-05 21:00:00,92,75,False,167
2020-10-05 22:00:00,84,74,False,158
2020-10-05 23:00:00,87,68,False,155
2020-10-06 00:00:00,83,64,False,147
2020-10-06 01:00:00,85,65,False,150
2020-10-06 02:00:00,89,71,False,160
2020-10-06 03:00:00,88,84,False,172
2020-10-06 04:00:00,88,86,False,174
2020-10-06 05:00:00,88,71,False,159
2020-10-06 06:00:00,75,61,False,136
2020-10-06 07:00:00,73,53,False,126
2020-10-06 08:00:00,76,49,False,125
2020-10-06 09:00:00,74,54,False,128
2020-10-06 10:00:00,75,61,False,136
2020-10-06 11:00:00,68,58,False,126
2020-10-06 12:00:00,70,54,False,124
2020-10-06 13:00:00,72,54,False,126
2020-10-06 14:00:00,75,51,False,126
2020-10-06 15:00:00,74,52,False,126
2020-10-06 16:00:00,73,53,False,126
2020-10-06 17:00:00,74,52,False,126
2020-10-06 18:00:00,88,56,False,144
2020-10-06 19:00:00,94,62,False,156
2020-10-06 20:00:00,89,62,False,151
2020-10-06 21:00:00,88,72,False,160
2020-10-06 22:00:00,79,58,False,137
2020-10-06 23:00:00,90,62,False,152
2020-10-07 00:00:00,87,56,False,143
2020-10-07 00:00:00,80,52,False,132
2020-10-07 01:00:00,88,52,False,140
2020-10-07 02:00:00,80,47,False,127
2020-10-07 03:00:00,80,47,False,127
2020-10-07 04:00:00,76,48,False,124
2020-10-07 05:00:00,73,45,False,118
2020-10-07 06:00:00,66,46,False,112
2020-10-07 07:00:00,56,39,False,95
2020-10-07 08:00:00,67,41,False,108
2020-10-07 09:00:00,64,38,False,102
2020-10-07 10:00:00,67,40,False,107
2020-10-07 11:00:00,62,44,False,106
2020-10-07 12:00:00,62,39,False,101
2020-10-07 13:00:00,67,41,False,108
2020-10-07 14:00:00,66,44,False,110
2020-10-07 15:00:00,68,43,False,111
2020-10-07 16:00:00,71,41,False,112
2020-10-07 17:00:00,70,43,False,113
2020-10-07 18:00:00,74,41,False,115
2020-10-07 19:00:00,81,49,False,130
2020-10-07 20:00:00,80,53,False,133
2020-10-07 21:00:00,79,55,False,134
2020-10-07 22:00:00,83,50,False,133
2020-10-07 23:00:00,100,56,False,156
2020-10-08 00:00:00,72,56,False,128
2020-10-08 01:00:00,72,44,False,116
2020-10-08 02:00:00,69,47,False,116
2020-10-08 03:00:00,69,50,False,119
2020-10-08 04:00:00,80,46,False,126
2020-10-08 05:00:00,74,38,False,112
2020-10-08 06:00:00,71,36,False,107
2020-10-08 07:00:00,61,36,False,97
2020-10-08 08:00:00,68,38,False,106
2020-10-08 09:00:00,61,33,False,94
2020-10-08 10:00:00,59,38,False,97
2020-10-08 11:00:00,60,44,False,104
2020-10-08 12:00:00,62,35,False,97
2020-10-08 13:00:00,64,39,False,103
2020-10-08 14:00:00,66,41,False,107
2020-10-08 15:00:00,68,45,False,113
2020-10-08 16:00:00,68,46,False,114
2020-10-08 17:00:00,75,45,False,120
2020-10-08 18:00:00,75,49,False,124
2020-10-08 19:00:00,83,50,False,133
2020-10-08 20:00:00,85,59,False,144
2020-10-08 21:00:00,88,61,False,149
2020-10-08 22:00:00,77,58,False,135
2020-10-08 23:00:00,84,58,False,142
2020-10-09 00:00:00,87,61,False,148
2020-10-09 01:00:00,83,51,False,134
2020-10-09 02:00:00,74,49,False,123
2020-10-09 03:00:00,77,52,False,129
2020-10-09 04:00:00,81,49,False,130
2020-10-09 05:00:00,73,44,False,117
2020-10-09 06:00:00,64,41,False,105
2020-10-09 07:00:00,60,38,False,98
2020-10-09 08:00:00,60,35,False,95
2020-10-09 09:00:00,56,37,False,93
2020-10-09 10:00:00,63,44,False,107
2020-10-09 11:00:00,60,49,False,109
2020-10-09 12:00:00,62,45,False,107
2020-10-09 13:00:00,68,43,False,111
2020-10-09 14:00:00,67,45,False,112
2020-10-09 15:00:00,63,45,False,108
2020-10-09 16:00:00,70,46,False,116
2020-10-09 17:00:00,63,48,False,111
2020-10-09 18:00:00,65,46,False,111
2020-10-09 19:00:00,72,51,False,123
2020-10-09 20:00:00,76,54,False,130
2020-10-09 21:00:00,78,56,False,134
2020-10-09 22:00:00,78,57,False,135
2020-10-09 23:00:00,76,56,False,132
2020-10-10 00:00:00,79,55,False,134
2020-10-10 01:00:00,96,45,False,141
2020-10-10 02:00:00,87,57,False,144
2020-10-10 03:00:00,86,61,False,147
2020-10-10 04:00:00,75,54,False,129
2020-10-10 05:00:00,71,53,False,124
2020-10-10 06:00:00,67,48,False,115
2020-10-10 07:00:00,62,48,False,110
2020-10-10 08:00:00,61,45,False,106
2020-10-10 09:00:00,63,38,False,101
2020-10-10 10:00:00,54,36,False,90
2020-10-10 11:00:00,58,42,False,100
2020-10-10 12:00:00,59,42,False,101
2020-10-10 13:00:00,61,43,False,104
2020-10-10 14:00:00,64,43,False,107
2020-10-10 15:00:00,69,47,False,116
2020-10-10 16:00:00,65,42,False,107
2020-10-10 17:00:00,62,41,False,103
2020-10-10 18:00:00,64,44,False,108
2020-10-10 19:00:00,69,54,False,123
2020-10-10 20:00:00,77,50,False,127
2020-10-10 21:00:00,83,54,False,137
2020-10-10 22:00:00,90,57,False,147
2020-10-10 23:00:00,88,54,False,142
2020-10-11 00:00:00,83,52,False,135
2020-10-11 01:00:00,88,52,False,140
2020-10-11 02:00:00,91,54,False,145
2020-10-11 03:00:00,73,50,False,123
2020-10-11 04:00:00,77,42,False,119
2020-10-11 05:00:00,63,48,False,111
2020-10-11 06:00:00,60,42,False,102
2020-10-11 07:00:00,64,42,False,106
2020-10-11 08:00:00,63,40,False,103
2020-10-11 09:00:00,56,40,False,96
2020-10-11 10:00:00,60,41,False,101
2020-10-11 11:00:00,61,43,False,104
2020-10-11 12:00:00,62,43,False,105
2020-10-11 13:00:00,58,39,False,97
2020-10-11 14:00:00,64,39,False,103
2020-10-11 15:00:00,70,42,False,112
2020-10-11 16:00:00,68,44,False,112
2020-10-11 17:00:00,75,45,False,120
2020-10-11 18:00:00,77,47,False,124
2020-10-11 19:00:00,80,51,False,131
2020-10-11 20:00:00,78,51,False,129
2020-10-11 21:00:00,84,57,False,141
2020-10-11 22:00:00,83,55,False,138
2020-10-11 23:00:00,91,55,False,146
2020-10-12 00:00:00,83,46,False,129
2020-10-12 01:00:00,80,49,False,129
2020-10-12 02:00:00,77,48,False,125
2020-10-12 03:00:00,77,46,False,123
2020-10-12 04:00:00,74,43,False,117
2020-10-12 05:00:00,67,44,False,111
2020-10-12 06:00:00,61,39,False,100
2020-10-12 07:00:00,59,38,False,97
2020-10-12 08:00:00,59,38,False,97
2020-10-12 09:00:00,63,38,False,101
2020-10-12 10:00:00,59,39,False,98
2020-10-12 11:00:00,67,46,False,113
2020-10-12 12:00:00,65,42,False,107
2020-10-12 13:00:00,68,45,False,113
2020-10-12 14:00:00,68,50,False,118
2020-10-12 15:00:00,69,48,False,117
2020-10-12 16:00:00,71,53,False,124
2020-10-12 17:00:00,74,52,False,126
2020-10-12 18:00:00,75,61,False,136
2020-10-12 19:00:00,83,62,False,145
2020-10-12 20:00:00,86,67,False,153
2020-10-12 21:00:00,88,70,False,158
2020-10-12 22:00:00,82,73,False,155
2020-10-12 23:00:00,81,67,False,148
2020-10-13 00:00:00,87,60,False,147
2020-10-13 01:00:00,78,60,False,138
2020-10-13 02:00:00,80,66,False,146
2020-10-13 03:00:00,78,57,False,135
2020-10-13 04:00:00,82,58,False,140
2020-10-13 05:00:00,77,49,False,126
2020-10-13 06:00:00,75,46,False,121
2020-10-13 07:00:00,68,44,False,112
2020-10-13 08:00:00,65,44,False,109
2020-10-13 09:00:00,64,40,False,104
2020-10-13 10:00:00,69,46,False,115
2020-10-13 11:00:00,64,50,False,114
2020-10-13 12:00:00,65,45,False,110
2020-10-13 13:00:00,66,42,False,108
2020-10-13 14:00:00,66,47,False,113
2020-10-13 15:00:00,67,45,False,112
2020-10-13 16:00:00,71,46,False,117
2020-10-13 17:00:00,65,42,False,107
2020-10-13 18:00:00,70,47,False,117
2020-10-13 19:00:00,81,53,False,134
2020-10-13 20:00:00,76,55,False,131
2020-10-13 21:00:00,78,61,False,139
2020-10-13 22:00:00,81,62,False,143
2020-10-13 23:00:00,73,60,False,133
2020-10-14 00:00:00,81,58,False,139
2020-10-14 00:00:00,74,53,False,127
2020-10-14 01:00:00,69,48,False,117
2020-10-14 02:00:00,74,52,False,126
2020-10-14 03:00:00,76,49,False,125
2020-10-14 04:00:00,76,46,False,122
2020-10-14 05:00:00,71,43,False,114
2020-10-14 06:00:00,67,44,False,111
2020-10-14 07:00:00,60,41,False,101
2020-10-14 08:00:00,75,38,False,113
2020-10-14 09:00:00,69,37,False,106
2020-10-14 10:00:00,59,41,False,100
2020-10-14 11:00:00,61,44,False,105
2020-10-14 12:00:00,69,38,False,107
2020-10-14 13:00:00,63,42,False,105
2020-10-14 14:00:00,64,42,False,106
2020-10-14 15:00:00,59,40,False,99
2020-10-14 16:00:00,58,42,False,100
2020-10-14 17:00:00,61,43,False,104
2020-10-14 18:00:00,68,44,False,112
2020-10-14 19:00:00,71,47,False,118
2020-10-14 20:00:00,72,51,False,123
2020-10-14 21:00:00,74,51,False,125
2020-10-14 22:00:00,76,53,False,129
2020-10-14 23:00:00,81,56,False,137
2020-10-15 00:00:00,72,51,False,123
2020-10-15 01:00:00,71,49,False,120
2020-10-15 02:00:00,70,59,False,129
2020-10-15 03:00:00,69,58,False,127
2020-10-15 04:00:00,71,51,False,122
2020-10-15 05:00:00,74,47,False,121
2020-10-15 06:00:00,62,42,False,104
2020-10-15 07:00:00,59,38,False,97
2020-10-15 08:00:00,71,37,False,108
2020-10-15 09:00:00,56,34,False,90
2020-10-15 10:00:00,57,36,False,93
2020-10-15 11:00:00,56,38,False,94
2020-10-15 12:00:00,56,34,False,90
2020-10-15 13:00:00,53,37,False,90
2020-10-15 14:00:00,56,43,False,99
2020-10-15 15:00:00,58,37,False,95
2020-10-15 16:00:00,60,40,False,100
2020-10-15 17:00:00,58,38,False,96
2020-10-15 18:00:00,63,44,False,107
2020-10-15 19:00:00,65,50,False,115
2020-10-15 20:00:00,69,54,False,123
2020-10-15 21:00:00,72,59,False,131
2020-10-15 22:00:00,74,57,False,131
2020-10-15 23:00:00,76,59,False,135
2020-10-16 00:00:00,72,50,False,122
2020-10-16 01:00:00,67,51,False,118
2020-10-16 02:00:00,71,50,False,121
2020-10-16 03:00:00,68,46,False,114
2020-10-16 04:00:00,68,50,False,118
2020-10-16 05:00:00,68,47,False,115
2020-10-16 06:00:00,62,39,False,101
2020-10-16 07:00:00,58,41,False,99
2020-10-16 08:00:00,52,35,False,87
2020-10-16 09:00:00,56,36,False,92
2020-10-16 10:00:00,56,35,False,91
2020-10-16 11:00:00,51,39,False,90
2020-10-16 12:00:00,53,38,False,91
2020-10-16 13:00:00,55,38,False,93
2020-10-16 14:00:00,57,38,False,95
2020-10-16 15:00:00,56,39,False,95
2020-10-16 16:00:00,55,36,False,91
2020-10-16 17:00:00,59,39,False,98
2020-10-16 18:00:00,57,40,False,97
2020-10-16 19:00:00,65,46,False,111
2020-10-16 20:00:00,67,42,False,109
2020-10-16 21:00:00,71,45,False,116
2020-10-16 22:00:00,62,46,False,108
2020-10-16 23:00:00,70,47,False,117
2020-10-17 00:00:00,68,43,False,111
2020-10-17 01:00:00,67,45,False,112
2020-10-17 02:00:00,65,46,False,111
2020-10-17 03:00:00,68,47,False,115
2020-10-17 04:00:00,67,41,False,108
2020-10-17 05:00:00,66,40,False,106
2020-10-17 06:00:00,58,37,False,95
2020-10-17 07:00:00,57,37,False,94
2020-10-17 08:00:00,50,34,False,84
2020-10-17 09:00:00,50,35,False,85
2020-10-17 10:00:00,53,33,False,86
2020-10-17 11:00:00,62,36,False,98
2020-10-17 12:00:00,55,33,False,88
2020-10-17 13:00:00,55,31,False,86
2020-10-17 14:00:00,61,34,False,95
2020-10-17 15:00:00,54,34,False,88
2020-10-17 16:00:00,56,33,False,89
2020-10-17 17:00:00,56,32,False,88
2020-10-17 18:00:00,62,37,False,99
2020-10-17 19:00:00,69,37,False,106
2020-10-17 20:00:00,69,38,False,107
2020-10-17 21:00:00,76,47,False,123
2020-10-17 22:00:00,82,47,False,129
2020-10-17 23:00:00,100,46,False,146
2020-10-18 00:00:00,90,45,False,135
2020-10-18 01:00:00,96,44,False,140
2020-10-18 02:00:00,79,43,False,122
2020-10-18 03:00:00,84,46,False,130
2020-10-18 04:00:00,73,39,False,112
2020-10-18 05:00:00,60,38,False,98
2020-10-18 06:00:00,60,41,False,101
2020-10-18 07:00:00,52,37,False,89
2020-10-18 08:00:00,52,34,False,86
2020-10-18 09:00:00,52,36,False,88
2020-10-18 10:00:00,51,36,False,87
2020-10-18 11:00:00,52,37,False,89
2020-10-18 12:00:00,48,36,False,84
2020-10-18 13:00:00,52,32,False,84
2020-10-18 14:00:00,54,34,False,88
2020-10-18 15:00:00,55,36,False,91
2020-10-18 16:00:00,59,36,False,95
2020-10-18 17:00:00,64,39,False,103
2020-10-18 18:00:00,63,39,False,102
2020-10-18 19:00:00,67,44,False,111
2020-10-18 20:00:00,70,49,False,119
2020-10-18 21:00:00,68,52,False,120
2020-10-18 22:00:00,72,58,False,130
2020-10-18 23:00:00,68,51,False,119
2020-10-19 00:00:00,69,53,False,122
2020-10-19 01:00:00,67,51,False,118
2020-10-19 02:00:00,60,45,False,105
2020-10-19 03:00:00,69,44,False,113
2020-10-19 04:00:00,69,43,False,112
2020-10-19 05:00:00,59,45,False,104
2020-10-19 06:00:00,55,35,False,90
2020-10-19 07:00:00,54,33,False,87
2020-10-19 08:00:00,54,35,False,89
2020-10-19 09:00:00,56,39,False,95
2020-10-19 10:00:00,65,40,False,105
2020-10-19 11:00:00,54,46,False,100
2020-10-19 12:00:00,58,45,False,103
2020-10-19 13:00:00,57,48,False,105
2020-10-19 14:00:00,60,48,False,108
2020-10-19 15:00:00,57,44,False,101
2020-10-19 16:00:00,61,46,False,107
2020-10-19 17:00:00,60,49,False,109
2020-10-19 18:00:00,65,51,False,116
2020-10-19 19:00:00,69,54,False,123
2020-10-19 20:00:00,73,55,False,128
2020-10-19 21:00:00,73,57,False,130
2020-10-19 22:00:00,71,57,False,128
2020-10-19 23:00:00,74,58,False,132
2020-10-20 00:00:00,72,54,False,126
2020-10-20 01:00:00,68,52,False,120
2020-10-20 02:00:00,74,50,False,124
2020-10-20 03:00:00,70,49,False,119
2020-10-20 04:00:00,64,50,False,114
2020-10-20 05:00:00,67,41,False,108
2020-10-20 06:00:00,61,41,False,102
2020-10-20 07:00:00,59,37,False,96
2020-10-20 08:00:00,57,36,False,93
2020-10-20 09:00:00,57,37,False,94
2020-10-20 10:00:00,55,43,False,98
2020-10-20 11:00:00,54,39,False,93
2020-10-20 12:00:00,56,40,False,96
2020-10-20 13:00:00,57,43,False,100
2020-10-20 14:00:00,63,42,False,105
2020-10-20 15:00:00,59,45,False,104
2020-10-20 16:00:00,59,40,False,99
2020-10-20 17:00:00,60,43,False,103
2020-10-20 18:00:00,74,41,False,115
2020-10-20 19:00:00,78,47,False,125
2020-10-20 20:00:00,73,47,False,120
2020-10-20 21:00:00,72,52,False,124
2020-10-20 22:00:00,67,57,False,124
2020-10-20 23:00:00,72,52,False,124
2020-10-21 00:00:00,71,49,False,120
2020-10-21 00:00:00,40,28,False,68
2020-10-21 01:00:00,37,26,False,63
2020-10-21 02:00:00,39,28,False,67
2020-10-21 03:00:00,40,32,False,72
2020-10-21 04:00:00,40,31,False,71
2020-10-21 05:00:00,37,24,False,61
2020-10-21 06:00:00,37,23,False,60
2020-10-21 07:00:00,32,23,False,55
2020-10-21 08:00:00,34,19,False,53
2020-10-21 09:00:00,34,20,False,54
2020-10-21 10:00:00,34,22,False,56
2020-10-21 11:00:00,33,25,False,58
2020-10-21 12:00:00,34,27,False,61
2020-10-21 13:00:00,37,30,False,67
2020-10-21 14:00:00,40,35,False,75
2020-10-21 15:00:00,41,33,False,74
2020-10-21 16:00:00,41,36,False,77
2020-10-21 17:00:00,42,36,False,78
2020-10-21 18:00:00,43,38,False,81
2020-10-21 19:00:00,48,36,False,84
2020-10-21 20:00:00,45,40,False,85
2020-10-21 21:00:00,49,44,False,93
2020-10-21 22:00:00,46,50,False,96
2020-10-21 23:00:00,46,46,False,92
2020-10-22 00:00:00,45,41,False,86
2020-10-22 01:00:00,40,42,False,82
2020-10-22 02:00:00,44,37,False,81
2020-10-22 03:00:00,42,39,False,81
2020-10-22 04:00:00,43,35,False,78
2020-10-22 05:00:00,46,31,False,77
2020-10-22 06:00:00,39,30,False,69
2020-10-22 07:00:00,35,27,False,62
2020-10-22 08:00:00,34,28,False,62
2020-10-22 09:00:00,36,29,False,65
2020-10-22 10:00:00,39,33,False,72
2020-10-22 11:00:00,39,38,False,77
2020-10-22 12:00:00,36,34,False,70
2020-10-22 13:00:00,41,33,False,74
2020-10-22 14:00:00,38,33,False,71
2020-10-22 15:00:00,37,32,False,69
2020-10-22 16:00:00,40,33,False,73
2020-10-22 17:00:00,41,34,False,75
2020-10-22 18:00:00,42,38,False,80
2020-10-22 19:00:00,47,39,False,86
2020-10-22 20:00:00,50,40,False,90
2020-10-22 21:00:00,49,45,False,94
2020-10-22 22:00:00,46,48,False,94
2020-10-22 23:00:00,45,39,False,84
2020-10-23 00:00:00,42,33,False,75
2020-10-23 01:00:00,36,29,False,65
2020-10-23 02:00:00,37,30,False,67
2020-10-23 03:00:00,39,30,False,69
2020-10-23 04:00:00,38,30,False,68
2020-10-23 05:00:00,39,29,False,68
2020-10-23 06:00:00,36,29,False,65
2020-10-23 07:00:00,35,24,False,59
2020-10-23 08:00:00,34,23,False,57
2020-10-23 09:00:00,35,23,False,58
2020-10-23 10:00:00,35,25,False,60
2020-10-23 11:00:00,34,29,False,63
2020-10-23 12:00:00,32,24,False,56
2020-10-23 13:00:00,33,27,False,60
2020-10-23 14:00:00,34,26,False,60
2020-10-23 15:00:00,32,25,False,57
2020-10-23 16:00:00,32,25,False,57
2020-10-23 17:00:00,34,25,False,59
2020-10-23 18:00:00,37,26,False,63
2020-10-23 19:00:00,39,27,False,66
2020-10-23 20:00:00,38,29,False,67
2020-10-23 21:00:00,44,32,False,76
2020-10-23 22:00:00,43,31,False,74
2020-10-23 23:00:00,46,32,False,78
2020-10-24 00:00:00,41,30,False,71
2020-10-24 01:00:00,40,28,False,68
2020-10-24 02:00:00,41,28,False,69
2020-10-24 03:00:00,41,27,False,68
2020-10-24 04:00:00,37,27,False,64
2020-10-24 05:00:00,39,26,False,65
2020-10-24 06:00:00,34,24,False,58
2020-10-24 07:00:00,29,22,False,51
2020-10-24 08:00:00,31,21,False,52
2020-10-24 09:00:00,29,21,False,50
2020-10-24 10:00:00,29,22,False,51
2020-10-24 11:00:00,32,23,False,55
2020-10-24 12:00:00,32,22,False,54
2020-10-24 13:00:00,34,21,False,55
2020-10-24 14:00:00,44,23,False,67
2020-10-24 15:00:00,46,21,False,67
2020-10-24 16:00:00,53,23,False,76
2020-10-24 17:00:00,62,25,False,87
2020-10-24 18:00:00,95,24,False,119
2020-10-24 19:00:00,100,24,False,124
2020-10-24 20:00:00,86,28,False,114
2020-10-24 21:00:00,46,29,False,75
2020-10-24 22:00:00,45,29,False,74
2020-10-24 23:00:00,47,29,False,76
2020-10-25 00:00:00,45,31,False,76
2020-10-25 01:00:00,43,28,False,71
2020-10-25 02:00:00,41,29,False,70
2020-10-25 03:00:00,40,30,False,70
2020-10-25 04:00:00,40,29,False,69
2020-10-25 05:00:00,35,26,False,61
2020-10-25 06:00:00,34,25,False,59
2020-10-25 07:00:00,32,23,False,55
2020-10-25 08:00:00,32,22,False,54
2020-10-25 09:00:00,30,22,False,52
2020-10-25 10:00:00,28,20,False,48
2020-10-25 11:00:00,31,23,False,54
2020-10-25 12:00:00,30,20,False,50
2020-10-25 13:00:00,30,22,False,52
2020-10-25 14:00:00,32,22,False,54
2020-10-25 15:00:00,32,22,False,54
2020-10-25 16:00:00,35,24,False,59
2020-10-25 17:00:00,37,24,False,61
2020-10-25 18:00:00,38,24,False,62
2020-10-25 19:00:00,43,25,False,68
2020-10-25 20:00:00,44,28,False,72
2020-10-25 21:00:00,45,29,False,74
2020-10-25 22:00:00,45,29,False,74
2020-10-25 23:00:00,49,28,False,77
2020-10-26 00:00:00,46,32,False,78
2020-10-26 01:00:00,46,31,False,77
2020-10-26 02:00:00,44,28,False,72
2020-10-26 03:00:00,41,26,False,67
2020-10-26 04:00:00,41,26,False,67
2020-10-26 05:00:00,42,26,False,68
2020-10-26 06:00:00,33,25,False,58
2020-10-26 07:00:00,35,25,False,60
2020-10-26 08:00:00,30,23,False,53
2020-10-26 09:00:00,32,22,False,54
2020-10-26 10:00:00,32,24,False,56
2020-10-26 11:00:00,33,24,False,57
2020-10-26 12:00:00,33,24,False,57
2020-10-26 13:00:00,34,24,False,58
2020-10-26 14:00:00,34,24,False,58
2020-10-26 15:00:00,34,25,False,59
2020-10-26 16:00:00,35,26,False,61
2020-10-26 17:00:00,36,24,False,60
2020-10-26 18:00:00,37,24,False,61
2020-10-26 19:00:00,40,26,False,66
2020-10-26 20:00:00,42,28,False,70
2020-10-26 21:00:00,46,28,False,74
2020-10-26 22:00:00,43,32,False,75
2020-10-26 23:00:00,40,29,False,69
2020-10-27 00:00:00,45,30,False,75
2020-10-27 01:00:00,43,27,False,70
2020-10-27 02:00:00,45,29,False,74
2020-10-27 03:00:00,40,29,False,69
2020-10-27 04:00:00,40,23,False,63
2020-10-27 05:00:00,37,23,False,60
2020-10-27 06:00:00,36,21,False,57
2020-10-27 07:00:00,35,23,False,58
2020-10-27 08:00:00,33,20,False,53
2020-10-27 09:00:00,32,21,False,53
2020-10-27 10:00:00,31,24,False,55
2020-10-27 11:00:00,34,25,False,59
2020-10-27 12:00:00,34,25,False,59
2020-10-27 13:00:00,34,27,False,61
2020-10-27 14:00:00,36,25,False,61
2020-10-27 15:00:00,35,25,False,60
2020-10-27 16:00:00,35,29,False,64
2020-10-27 17:00:00,38,32,False,70
2020-10-27 18:00:00,42,31,False,73
2020-10-27 19:00:00,45,31,False,76
2020-10-27 20:00:00,49,33,False,82
2020-10-27 21:00:00,45,33,False,78
2020-10-27 22:00:00,47,34,False,81
2020-10-27 23:00:00,47,36,False,83
2020-10-28 00:00:00,47,34,False,81
2020-10-28 00:00:00,81,59,False,140
2020-10-28 01:00:00,83,58,False,141
2020-10-28 02:00:00,81,59,False,140
2020-10-28 03:00:00,84,61,False,145
2020-10-28 04:00:00,73,54,False,127
2020-10-28 05:00:00,75,50,False,125
2020-10-28 06:00:00,68,49,False,117
2020-10-28 07:00:00,63,44,False,107
2020-10-28 08:00:00,62,38,False,100
2020-10-28 09:00:00,58,41,False,99
2020-10-28 10:00:00,58,43,False,101
2020-10-28 11:00:00,58,40,False,98
2020-10-28 12:00:00,55,42,False,97
2020-10-28 13:00:00,55,38,False,93
2020-10-28 14:00:00,58,42,False,100
2020-10-28 15:00:00,59,41,False,100
2020-10-28 16:00:00,61,40,False,101
2020-10-28 17:00:00,63,42,False,105
2020-10-28 18:00:00,65,42,False,107
2020-10-28 19:00:00,71,43,False,114
2020-10-28 20:00:00,79,46,False,125
2020-10-28 21:00:00,78,50,False,128
2020-10-28 22:00:00,71,46,False,117
2020-10-28 23:00:00,80,49,False,129
2020-10-29 00:00:00,74,48,False,122
2020-10-29 01:00:00,76,45,False,121
2020-10-29 02:00:00,73,50,False,123
2020-10-29 03:00:00,93,44,False,137
2020-10-29 04:00:00,100,39,False,139
2020-10-29 05:00:00,93,40,False,133
2020-10-29 06:00:00,72,39,False,111
2020-10-29 07:00:00,65,34,False,99
2020-10-29 08:00:00,58,36,False,94
2020-10-29 09:00:00,52,33,False,85
2020-10-29 10:00:00,54,34,False,88
2020-10-29 11:00:00,55,35,False,90
2020-10-29 12:00:00,59,36,False,95
2020-10-29 13:00:00,61,36,False,97
2020-10-29 14:00:00,60,35,False,95
2020-10-29 15:00:00,60,39,False,99
2020-10-29 16:00:00,63,38,False,101
2020-10-29 17:00:00,65,37,False,102
2020-10-29 18:00:00,69,45,False,114
2020-10-29 19:00:00,74,45,False,119
2020-10-29 20:00:00,82,47,False,129
2020-10-29 21:00:00,83,50,False,133
2020-10-29 22:00:00,80,51,False,131
2020-10-29 23:00:00,84,51,False,135
2020-10-30 00:00:00,89,46,False,135
2020-10-30 01:00:00,89,45,False,134
2020-10-30 02:00:00,90,46,False,136
2020-10-30 03:00:00,76,47,False,123
2020-10-30 04:00:00,79,44,False,123
2020-10-30 05:00:00,77,44,False,121
2020-10-30 06:00:00,60,44,False,104
2020-10-30 07:00:00,56,40,False,96
2020-10-30 08:00:00,53,35,False,88
2020-10-30 09:00:00,54,37,False,91
2020-10-30 10:00:00,53,38,False,91
2020-10-30 11:00:00,52,36,False,88
2020-10-30 12:00:00,51,36,False,87
2020-10-30 13:00:00,53,35,False,88
2020-10-30 14:00:00,55,35,False,90
2020-10-30 15:00:00,56,38,False,94
2020-10-30 16:00:00,58,38,False,96
2020-10-30 17:00:00,61,40,False,101
2020-10-30 18:00:00,63,41,False,104
2020-10-30 19:00:00,71,43,False,114
2020-10-30 20:00:00,73,43,False,116
2020-10-30 21:00:00,75,46,False,121
2020-10-30 22:00:00,77,48,False,125
2020-10-30 23:00:00,79,44,False,123
2020-10-31 00:00:00,74,48,False,122
2020-10-31 01:00:00,85,43,False,128
2020-10-31 02:00:00,77,44,False,121
2020-10-31 03:00:00,69,42,False,111
2020-10-31 04:00:00,73,40,False,113
2020-10-31 05:00:00,65,37,False,102
2020-10-31 06:00:00,62,41,False,103
2020-10-31 07:00:00,58,37,False,95
2020-10-31 08:00:00,55,36,False,91
2020-10-31 09:00:00,55,37,False,92
2020-10-31 10:00:00,52,39,False,91
2020-10-31 11:00:00,51,34,False,85
2020-10-31 12:00:00,55,38,False,93
2020-10-31 13:00:00,56,38,False,94
2020-10-31 14:00:00,57,37,False,94
2020-10-31 15:00:00,58,35,False,93
2020-10-31 16:00:00,56,36,False,92
2020-10-31 17:00:00,56,37,False,93
2020-10-31 18:00:00,58,36,False,94
2020-10-31 19:00:00,67,37,False,104
2020-10-31 20:00:00,71,41,False,112
2020-10-31 21:00:00,79,43,False,122
2020-10-31 22:00:00,82,48,False,130
2020-10-31 23:00:00,84,44,False,128
2020-11-01 00:00:00,93,46,False,139
2020-11-01 01:00:00,96,39,False,135
2020-11-01 02:00:00,89,43,False,132
2020-11-01 03:00:00,98,45,False,143
2020-11-01 04:00:00,67,42,False,109
2020-11-01 05:00:00,60,38,False,98
2020-11-01 06:00:00,57,39,False,96
2020-11-01 07:00:00,54,36,False,90
2020-11-01 08:00:00,54,34,False,88
2020-11-01 09:00:00,56,34,False,90
2020-11-01 10:00:00,50,34,False,84
2020-11-01 11:00:00,49,33,False,82
2020-11-01 12:00:00,53,35,False,88
2020-11-01 13:00:00,56,35,False,91
2020-11-01 14:00:00,59,35,False,94
2020-11-01 15:00:00,64,36,False,100
2020-11-01 16:00:00,71,35,False,106
2020-11-01 17:00:00,69,35,False,104
2020-11-01 18:00:00,74,40,False,114
2020-11-01 19:00:00,77,43,False,120
2020-11-01 20:00:00,80,44,False,124
2020-11-01 21:00:00,87,50,False,137
2020-11-01 22:00:00,85,51,False,136
2020-11-01 23:00:00,78,55,False,133
2020-11-02 00:00:00,82,48,False,130
2020-11-02 01:00:00,82,48,False,130
2020-11-02 02:00:00,78,48,False,126
2020-11-02 03:00:00,78,44,False,122
2020-11-02 04:00:00,78,42,False,120
2020-11-02 05:00:00,74,42,False,116
2020-11-02 06:00:00,64,37,False,101
2020-11-02 07:00:00,66,36,False,102
2020-11-02 08:00:00,54,33,False,87
2020-11-02 09:00:00,59,36,False,95
2020-11-02 10:00:00,57,35,False,92
2020-11-02 11:00:00,54,36,False,90
2020-11-02 12:00:00,57,40,False,97
2020-11-02 13:00:00,55,37,False,92
2020-11-02 14:00:00,61,41,False,102
2020-11-02 15:00:00,57,40,False,97
2020-11-02 16:00:00,60,39,False,99
2020-11-02 17:00:00,63,39,False,102
2020-11-02 18:00:00,66,45,False,111
2020-11-02 19:00:00,83,51,False,134
2020-11-02 20:00:00,81,47,False,128
2020-11-02 21:00:00,74,51,False,125
2020-11-02 22:00:00,81,47,False,128
2020-11-02 23:00:00,73,49,False,122
2020-11-03 00:00:00,73,48,False,121
2020-11-03 01:00:00,77,44,False,121
2020-11-03 02:00:00,83,45,False,128
2020-11-03 03:00:00,81,51,False,132
2020-11-03 04:00:00,81,50,False,131
2020-11-03 05:00:00,75,43,False,118
2020-11-03 06:00:00,63,41,False,104
2020-11-03 07:00:00,60,39,False,99
2020-11-03 08:00:00,61,35,False,96
2020-11-03 09:00:00,56,35,False,91
2020-11-03 10:00:00,58,39,False,97
2020-11-03 11:00:00,55,44,False,99
2020-11-03 12:00:00,52,40,False,92
2020-11-03 13:00:00,53,37,False,90
2020-11-03 14:00:00,56,36,False,92
2020-11-03 15:00:00,55,38,False,93
2020-11-03 16:00:00,56,38,False,94
2020-11-03 17:00:00,58,38,False,96
2020-11-03 18:00:00,58,39,False,97
2020-11-03 19:00:00,68,46,False,114
2020-11-03 20:00:00,76,44,False,120
2020-11-03 21:00:00,69,43,False,112
2020-11-03 22:00:00,72,46,False,118
2020-11-03 23:00:00,67,47,False,114
2020-11-04 00:00:00,55,41,False,96
2020-11-04 00:00:00,58,43,False,101
2020-11-04 01:00:00,58,37,False,95
2020-11-04 02:00:00,61,37,False,98
2020-11-04 03:00:00,56,43,False,99
2020-11-04 04:00:00,59,34,False,93
2020-11-04 05:00:00,58,34,False,92
2020-11-04 06:00:00,55,33,False,88
2020-11-04 07:00:00,50,34,False,84
2020-11-04 08:00:00,49,31,False,80
2020-11-04 09:00:00,48,31,False,79
2020-11-04 10:00:00,48,31,False,79
2020-11-04 11:00:00,49,30,False,79
2020-11-04 12:00:00,45,30,False,75
2020-11-04 13:00:00,46,31,False,77
2020-11-04 14:00:00,49,33,False,82
2020-11-04 15:00:00,48,32,False,80
2020-11-04 16:00:00,52,34,False,86
2020-11-04 17:00:00,58,41,False,99
2020-11-04 18:00:00,60,38,False,98
2020-11-04 19:00:00,60,41,False,101
2020-11-04 20:00:00,65,41,False,106
2020-11-04 21:00:00,64,42,False,106
2020-11-04 22:00:00,60,45,False,105
2020-11-04 23:00:00,60,43,False,103
2020-11-05 00:00:00,60,39,False,99
2020-11-05 01:00:00,66,44,False,110
2020-11-05 02:00:00,63,37,False,100
2020-11-05 03:00:00,72,43,False,115
2020-11-05 04:00:00,68,40,False,108
2020-11-05 05:00:00,69,42,False,111
2020-11-05 06:00:00,60,38,False,98
2020-11-05 07:00:00,59,39,False,98
2020-11-05 08:00:00,56,37,False,93
2020-11-05 09:00:00,59,37,False,96
2020-11-05 10:00:00,53,37,False,90
2020-11-05 11:00:00,53,41,False,94
2020-11-05 12:00:00,56,43,False,99
2020-11-05 13:00:00,65,47,False,112
2020-11-05 14:00:00,62,50,False,112
2020-11-05 15:00:00,64,52,False,116
2020-11-05 16:00:00,68,64,False,132
2020-11-05 17:00:00,71,57,False,128
2020-11-05 18:00:00,77,53,False,130
2020-11-05 19:00:00,82,59,False,141
2020-11-05 20:00:00,100,65,False,165
2020-11-05 21:00:00,86,64,False,150
2020-11-05 22:00:00,83,67,False,150
2020-11-05 23:00:00,80,68,False,148
2020-11-06 00:00:00,86,65,False,151
2020-11-06 01:00:00,83,71,False,154
2020-11-06 02:00:00,84,68,False,152
2020-11-06 03:00:00,76,66,False,142
2020-11-06 04:00:00,88,60,False,148
2020-11-06 05:00:00,84,62,False,146
2020-11-06 06:00:00,78,59,False,137
2020-11-06 07:00:00,79,65,False,144
2020-11-06 08:00:00,73,60,False,133
2020-11-06 09:00:00,71,50,False,121
2020-11-06 10:00:00,67,58,False,125
2020-11-06 11:00:00,71,61,False,132
2020-11-06 12:00:00,69,57,False,126
2020-11-06 13:00:00,67,60,False,127
2020-11-06 14:00:00,70,57,False,127
2020-11-06 15:00:00,67,54,False,121
2020-11-06 16:00:00,70,54,False,124
2020-11-06 17:00:00,69,58,False,127
2020-11-06 18:00:00,73,55,False,128
2020-11-06 19:00:00,73,61,False,134
2020-11-06 20:00:00,81,60,False,141
2020-11-06 21:00:00,84,62,False,146
2020-11-06 22:00:00,84,63,False,147
2020-11-06 23:00:00,87,65,False,152
2020-11-07 00:00:00,85,73,False,158
2020-11-07 01:00:00,91,73,False,164
2020-11-07 02:00:00,90,78,False,168
2020-11-07 03:00:00,83,73,False,156
2020-11-07 04:00:00,85,70,False,155
2020-11-07 05:00:00,77,62,False,139
2020-11-07 06:00:00,76,64,False,140
2020-11-07 07:00:00,72,58,False,130
2020-11-07 08:00:00,70,58,False,128
2020-11-07 09:00:00,69,53,False,122
2020-11-07 10:00:00,64,52,False,116
2020-11-07 11:00:00,63,55,False,118
2020-11-07 12:00:00,74,59,False,133
2020-11-07 13:00:00,68,53,False,121
2020-11-07 14:00:00,66,54,False,120
2020-11-07 15:00:00,66,52,False,118
2020-11-07 16:00:00,60,40,False,100
2020-11-07 17:00:00,61,45,False,106
2020-11-07 18:00:00,71,48,False,119
2020-11-07 19:00:00,78,55,False,133
2020-11-07 20:00:00,97,56,False,153
2020-11-07 21:00:00,89,55,False,144
2020-11-07 22:00:00,83,53,False,136
2020-11-07 23:00:00,84,57,False,141
2020-11-08 00:00:00,87,54,False,141
2020-11-08 01:00:00,86,55,False,141
2020-11-08 02:00:00,87,53,False,140
2020-11-08 03:00:00,91,56,False,147
2020-11-08 04:00:00,97,53,False,150
2020-11-08 05:00:00,83,50,False,133
2020-11-08 06:00:00,69,51,False,120
2020-11-08 07:00:00,66,47,False,113
2020-11-08 08:00:00,65,46,False,111
2020-11-08 09:00:00,63,41,False,104
2020-11-08 10:00:00,66,44,False,110
2020-11-08 11:00:00,60,44,False,104
2020-11-08 12:00:00,64,46,False,110
2020-11-08 13:00:00,62,43,False,105
2020-11-08 14:00:00,66,46,False,112
2020-11-08 15:00:00,69,45,False,114
2020-11-08 16:00:00,77,47,False,124
2020-11-08 17:00:00,79,47,False,126
2020-11-08 18:00:00,78,51,False,129
2020-11-08 19:00:00,89,49,False,138
2020-11-08 20:00:00,93,52,False,145
2020-11-08 21:00:00,89,57,False,146
2020-11-08 22:00:00,90,67,False,157
2020-11-08 23:00:00,85,61,False,146
2020-11-09 00:00:00,88,57,False,145
2020-11-09 01:00:00,90,64,False,154
2020-11-09 02:00:00,86,59,False,145
2020-11-09 03:00:00,87,59,False,146
2020-11-09 04:00:00,89,51,False,140
2020-11-09 05:00:00,85,48,False,133
2020-11-09 06:00:00,69,46,False,115
2020-11-09 07:00:00,67,50,False,117
2020-11-09 08:00:00,64,42,False,106
2020-11-09 09:00:00,68,40,False,108
2020-11-09 10:00:00,63,43,False,106
2020-11-09 11:00:00,57,45,False,102
2020-11-09 12:00:00,65,54,False,119
2020-11-09 13:00:00,68,49,False,117
2020-11-09 14:00:00,68,53,False,121
2020-11-09 15:00:00,77,56,False,133
2020-11-09 16:00:00,70,51,False,121
2020-11-09 17:00:00,72,50,False,122
2020-11-09 18:00:00,72,53,False,125
2020-11-09 19:00:00,82,58,False,140
2020-11-09 20:00:00,90,58,False,148
2020-11-09 21:00:00,90,61,False,151
2020-11-09 22:00:00,85,62,False,147
2020-11-09 23:00:00,81,60,False,141
2020-11-10 00:00:00,84,56,False,140
2020-11-10 01:00:00,88,53,False,141
2020-11-10 02:00:00,95,55,False,150
2020-11-10 03:00:00,88,51,False,139
2020-11-10 04:00:00,83,50,False,133
2020-11-10 05:00:00,76,47,False,123
2020-11-10 06:00:00,69,46,False,115
2020-11-10 07:00:00,64,53,False,117
2020-11-10 08:00:00,71,61,False,132
2020-11-10 09:00:00,63,46,False,109
2020-11-10 10:00:00,68,50,False,118
2020-11-10 11:00:00,60,47,False,107
2020-11-10 12:00:00,60,46,False,106
2020-11-10 13:00:00,56,45,False,101
2020-11-10 14:00:00,60,47,False,107
2020-11-10 15:00:00,66,49,False,115
2020-11-10 16:00:00,65,47,False,112
2020-11-10 17:00:00,66,46,False,112
2020-11-10 18:00:00,71,56,False,127
2020-11-10 19:00:00,81,56,False,137
2020-11-10 20:00:00,86,58,False,144
2020-11-10 21:00:00,89,66,False,155
2020-11-10 22:00:00,78,60,False,138
2020-11-10 23:00:00,76,64,False,140
2020-11-11 00:00:00,81,59,False,140
2020-11-11 00:00:00,50,37,False,87
2020-11-11 01:00:00,50,36,False,86
2020-11-11 02:00:00,49,34,False,83
2020-11-11 03:00:00,56,37,False,93
2020-11-11 04:00:00,57,34,False,91
2020-11-11 05:00:00,51,32,False,83
2020-11-11 06:00:00,45,29,False,74
2020-11-11 07:00:00,38,29,False,67
2020-11-11 08:00:00,45,27,False,72
2020-11-11 09:00:00,41,24,False,65
2020-11-11 10:00:00,39,27,False,66
2020-11-11 11:00:00,36,28,False,64
2020-11-11 12:00:00,37,29,False,66
2020-11-11 13:00:00,41,29,False,70
2020-11-11 14:00:00,41,28,False,69
2020-11-11 15:00:00,39,32,False,71
2020-11-11 16:00:00,41,30,False,71
2020-11-11 17:00:00,43,33,False,76
2020-11-11 18:00:00,51,36,False,87
2020-11-11 19:00:00,51,35,False,86
2020-11-11 20:00:00,55,36,False,91
2020-11-11 21:00:00,53,39,False,92
2020-11-11 22:00:00,56,40,False,96
2020-11-11 23:00:00,49,40,False,89
2020-11-12 00:00:00,46,36,False,82
2020-11-12 01:00:00,50,33,False,83
2020-11-12 02:00:00,53,33,False,86
2020-11-12 03:00:00,48,36,False,84
2020-11-12 04:00:00,51,30,False,81
2020-11-12 05:00:00,49,32,False,81
2020-11-12 06:00:00,43,29,False,72
2020-11-12 07:00:00,41,28,False,69
2020-11-12 08:00:00,41,29,False,70
2020-11-12 09:00:00,42,28,False,70
2020-11-12 10:00:00,40,29,False,69
2020-11-12 11:00:00,38,28,False,66
2020-11-12 12:00:00,40,28,False,68
2020-11-12 13:00:00,37,30,False,67
2020-11-12 14:00:00,40,30,False,70
2020-11-12 15:00:00,41,31,False,72
2020-11-12 16:00:00,39,33,False,72
2020-11-12 17:00:00,44,31,False,75
2020-11-12 18:00:00,46,33,False,79
2020-11-12 19:00:00,48,33,False,81
2020-11-12 20:00:00,56,37,False,93
2020-11-12 21:00:00,54,39,False,93
2020-11-12 22:00:00,52,46,False,98
2020-11-12 23:00:00,53,44,False,97
2020-11-13 00:00:00,52,44,False,96
2020-11-13 01:00:00,57,40,False,97
2020-11-13 02:00:00,54,42,False,96
2020-11-13 03:00:00,53,40,False,93
2020-11-13 04:00:00,52,41,False,93
2020-11-13 05:00:00,50,37,False,87
2020-11-13 06:00:00,45,33,False,78
2020-11-13 07:00:00,43,29,False,72
2020-11-13 08:00:00,38,26,False,64
2020-11-13 09:00:00,42,30,False,72
2020-11-13 10:00:00,41,26,False,67
2020-11-13 11:00:00,39,30,False,69
2020-11-13 12:00:00,38,32,False,70
2020-11-13 13:00:00,39,32,False,71
2020-11-13 14:00:00,42,32,False,74
2020-11-13 15:00:00,41,30,False,71
2020-11-13 16:00:00,42,33,False,75
2020-11-13 17:00:00,44,34,False,78
2020-11-13 18:00:00,48,41,False,89
2020-11-13 19:00:00,50,44,False,94
2020-11-13 20:00:00,52,42,False,94
2020-11-13 21:00:00,56,44,False,100
2020-11-13 22:00:00,61,46,False,107
2020-11-13 23:00:00,56,47,False,103
2020-11-14 00:00:00,54,56,False,110
2020-11-14 01:00:00,58,59,False,117
2020-11-14 02:00:00,59,64,False,123
2020-11-14 03:00:00,59,67,False,126
2020-11-14 04:00:00,55,55,False,110
2020-11-14 05:00:00,51,52,False,103
2020-11-14 06:00:00,48,50,False,98
2020-11-14 07:00:00,46,45,False,91
2020-11-14 08:00:00,40,40,False,80
2020-11-14 09:00:00,41,36,False,77
2020-11-14 10:00:00,38,31,False,69
2020-11-14 11:00:00,40,35,False,75
2020-11-14 12:00:00,38,35,False,73
2020-11-14 13:00:00,44,38,False,82
2020-11-14 14:00:00,45,38,False,83
2020-11-14 15:00:00,42,34,False,76
2020-11-14 16:00:00,43,34,False,77
2020-11-14 17:00:00,43,34,False,77
2020-11-14 18:00:00,46,35,False,81
2020-11-14 19:00:00,47,36,False,83
2020-11-14 20:00:00,55,37,False,92
2020-11-14 21:00:00,57,43,False,100
2020-11-14 22:00:00,59,42,False,101
2020-11-14 23:00:00,59,46,False,105
2020-11-15 00:00:00,61,52,False,113
2020-11-15 01:00:00,67,51,False,118
2020-11-15 02:00:00,60,50,False,110
2020-11-15 03:00:00,60,45,False,105
2020-11-15 04:00:00,56,42,False,98
2020-11-15 05:00:00,52,39,False,91
2020-11-15 06:00:00,46,42,False,88
2020-11-15 07:00:00,44,44,False,88
2020-11-15 08:00:00,46,43,False,89
2020-11-15 09:00:00,42,38,False,80
2020-11-15 10:00:00,39,36,False,75
2020-11-15 11:00:00,42,35,False,77
2020-11-15 12:00:00,43,37,False,80
2020-11-15 13:00:00,42,36,False,78
2020-11-15 14:00:00,45,36,False,81
2020-11-15 15:00:00,46,38,False,84
2020-11-15 16:00:00,45,39,False,84
2020-11-15 17:00:00,49,36,False,85
2020-11-15 18:00:00,51,36,False,87
2020-11-15 19:00:00,51,37,False,88
2020-11-15 20:00:00,55,37,False,92
2020-11-15 21:00:00,57,40,False,97
2020-11-15 22:00:00,52,40,False,92
2020-11-15 23:00:00,50,41,False,91
2020-11-16 00:00:00,50,40,False,90
2020-11-16 01:00:00,53,38,False,91
2020-11-16 02:00:00,50,37,False,87
2020-11-16 03:00:00,51,38,False,89
2020-11-16 04:00:00,48,36,False,84
2020-11-16 05:00:00,45,36,False,81
2020-11-16 06:00:00,42,33,False,75
2020-11-16 07:00:00,41,31,False,72
2020-11-16 08:00:00,39,32,False,71
2020-11-16 09:00:00,40,30,False,70
2020-11-16 10:00:00,38,33,False,71
2020-11-16 11:00:00,37,37,False,74
2020-11-16 12:00:00,39,36,False,75
2020-11-16 13:00:00,41,39,False,80
2020-11-16 14:00:00,51,59,False,110
2020-11-16 15:00:00,51,57,False,108
2020-11-16 16:00:00,50,53,False,103
2020-11-16 17:00:00,55,60,False,115
2020-11-16 18:00:00,61,75,False,136
2020-11-16 19:00:00,62,71,False,133
2020-11-16 20:00:00,71,82,False,153
2020-11-16 21:00:00,72,99,False,171
2020-11-16 22:00:00,59,81,False,140
2020-11-16 23:00:00,59,81,False,140
2020-11-17 00:00:00,65,85,False,150
2020-11-17 01:00:00,58,85,False,143
2020-11-17 02:00:00,66,92,False,158
2020-11-17 03:00:00,67,88,False,155
2020-11-17 04:00:00,63,81,False,144
2020-11-17 05:00:00,68,100,False,168
2020-11-17 06:00:00,65,90,False,155
2020-11-17 07:00:00,65,78,False,143
2020-11-17 08:00:00,56,68,False,124
2020-11-17 09:00:00,53,58,False,111
2020-11-17 10:00:00,54,58,False,112
2020-11-17 11:00:00,55,70,False,125
2020-11-17 12:00:00,61,81,False,142
2020-11-17 13:00:00,64,81,False,145
2020-11-17 14:00:00,57,70,False,127
2020-11-17 15:00:00,58,73,False,131
2020-11-17 16:00:00,60,73,False,133
2020-11-17 17:00:00,68,81,False,149
2020-11-17 18:00:00,69,80,False,149
2020-11-17 19:00:00,71,83,False,154
2020-11-17 20:00:00,73,82,False,155
2020-11-17 21:00:00,69,82,False,151
2020-11-17 22:00:00,69,85,False,154
2020-11-17 23:00:00,67,86,False,153
2020-11-18 00:00:00,67,90,False,157
2020-11-18 00:00:00,8,11,False,19
2020-11-18 01:00:00,8,9,False,17
2020-11-18 02:00:00,8,9,False,17
2020-11-18 03:00:00,8,9,False,17
2020-11-18 04:00:00,9,12,False,21
2020-11-18 05:00:00,9,10,False,19
2020-11-18 06:00:00,8,9,False,17
2020-11-18 07:00:00,7,7,False,14
2020-11-18 08:00:00,7,7,False,14
2020-11-18 09:00:00,7,6,False,13
2020-11-18 10:00:00,6,7,False,13
2020-11-18 11:00:00,6,6,False,12
2020-11-18 12:00:00,6,7,False,13
2020-11-18 13:00:00,7,7,False,14
2020-11-18 14:00:00,7,7,False,14
2020-11-18 15:00:00,6,6,False,12
2020-11-18 16:00:00,6,6,False,12
2020-11-18 17:00:00,6,6,False,12
2020-11-18 18:00:00,7,6,False,13
2020-11-18 19:00:00,7,7,False,14
2020-11-18 20:00:00,7,6,False,13
2020-11-18 21:00:00,7,7,False,14
2020-11-18 22:00:00,7,7,False,14
2020-11-18 23:00:00,7,7,False,14
2020-11-19 00:00:00,7,7,False,14
2020-11-19 01:00:00,7,6,False,13
2020-11-19 02:00:00,7,7,False,14
2020-11-19 03:00:00,7,6,False,13
2020-11-19 04:00:00,7,6,False,13
2020-11-19 05:00:00,7,6,False,13
2020-11-19 06:00:00,6,5,False,11
2020-11-19 07:00:00,6,5,False,11
2020-11-19 08:00:00,6,4,False,10
2020-11-19 09:00:00,6,4,False,10
2020-11-19 10:00:00,5,4,False,9
2020-11-19 11:00:00,5,5,False,10
2020-11-19 12:00:00,6,5,False,11
2020-11-19 13:00:00,5,5,False,10
2020-11-19 14:00:00,6,6,False,12
2020-11-19 15:00:00,6,6,False,12
2020-11-19 16:00:00,6,7,False,13
2020-11-19 17:00:00,6,6,False,12
2020-11-19 18:00:00,7,7,False,14
2020-11-19 19:00:00,7,7,False,14
2020-11-19 20:00:00,8,7,False,15
2020-11-19 21:00:00,8,8,False,16
2020-11-19 22:00:00,8,8,False,16
2020-11-19 23:00:00,7,8,False,15
2020-11-20 00:00:00,7,8,False,15
2020-11-20 01:00:00,7,7,False,14
2020-11-20 02:00:00,7,7,False,14
2020-11-20 03:00:00,7,7,False,14
2020-11-20 04:00:00,7,7,False,14
2020-11-20 05:00:00,7,7,False,14
2020-11-20 06:00:00,6,6,False,12
2020-11-20 07:00:00,6,5,False,11
2020-11-20 08:00:00,6,6,False,12
2020-11-20 09:00:00,6,6,False,12
2020-11-20 10:00:00,6,5,False,11
2020-11-20 11:00:00,6,6,False,12
2020-11-20 12:00:00,7,7,False,14
2020-11-20 13:00:00,7,8,False,15
2020-11-20 14:00:00,7,8,False,15
2020-11-20 15:00:00,7,8,False,15
2020-11-20 16:00:00,7,9,False,16
2020-11-20 17:00:00,8,10,False,18
2020-11-20 18:00:00,8,10,False,18
2020-11-20 19:00:00,8,10,False,18
2020-11-20 20:00:00,9,11,False,20
2020-11-20 21:00:00,10,13,False,23
2020-11-20 22:00:00,10,12,False,22
2020-11-20 23:00:00,9,14,False,23
2020-11-21 00:00:00,11,20,False,31
2020-11-21 01:00:00,11,21,False,32
2020-11-21 02:00:00,10,17,False,27
2020-11-21 03:00:00,11,15,False,26
2020-11-21 04:00:00,10,13,False,23
2020-11-21 05:00:00,9,15,False,24
2020-11-21 06:00:00,13,24,False,37
2020-11-21 07:00:00,13,21,False,34
2020-11-21 08:00:00,16,28,False,44
2020-11-21 09:00:00,15,25,False,40
2020-11-21 10:00:00,13,21,False,34
2020-11-21 11:00:00,12,18,False,30
2020-11-21 12:00:00,16,28,False,44
2020-11-21 13:00:00,24,46,False,70
2020-11-21 14:00:00,20,38,False,58
2020-11-21 15:00:00,17,33,False,50
2020-11-21 16:00:00,17,32,False,49
2020-11-21 17:00:00,15,27,False,42
2020-11-21 18:00:00,15,25,False,40
2020-11-21 19:00:00,15,24,False,39
2020-11-21 20:00:00,15,23,False,38
2020-11-21 21:00:00,16,26,False,42
2020-11-21 22:00:00,18,33,False,51
2020-11-21 23:00:00,29,63,False,92
2020-11-22 00:00:00,27,67,False,94
2020-11-22 01:00:00,18,41,False,59
2020-11-22 02:00:00,18,35,False,53
2020-11-22 03:00:00,18,33,False,51
2020-11-22 04:00:00,16,30,False,46
2020-11-22 05:00:00,15,27,False,42
2020-11-22 06:00:00,14,25,False,39
2020-11-22 07:00:00,15,23,False,38
2020-11-22 08:00:00,16,23,False,39
2020-11-22 09:00:00,17,24,False,41
2020-11-22 10:00:00,16,25,False,41
2020-11-22 11:00:00,13,21,False,34
2020-11-22 12:00:00,12,20,False,32
2020-11-22 13:00:00,12,18,False,30
2020-11-22 14:00:00,11,18,False,29
2020-11-22 15:00:00,12,18,False,30
2020-11-22 16:00:00,12,18,False,30
2020-11-22 17:00:00,13,20,False,33
2020-11-22 18:00:00,15,22,False,37
2020-11-22 19:00:00,16,24,False,40
2020-11-22 20:00:00,18,27,False,45
2020-11-22 21:00:00,17,27,False,44
2020-11-22 22:00:00,16,27,False,43
2020-11-22 23:00:00,13,24,False,37
2020-11-23 00:00:00,11,21,False,32
2020-11-23 01:00:00,11,19,False,30
2020-11-23 02:00:00,11,20,False,31
2020-11-23 03:00:00,11,19,False,30
2020-11-23 04:00:00,11,20,False,31
2020-11-23 05:00:00,12,18,False,30
2020-11-23 06:00:00,12,16,False,28
2020-11-23 07:00:00,12,15,False,27
2020-11-23 08:00:00,13,16,False,29
2020-11-23 09:00:00,12,15,False,27
2020-11-23 10:00:00,12,15,False,27
2020-11-23 11:00:00,14,20,False,34
2020-11-23 12:00:00,15,24,False,39
2020-11-23 13:00:00,20,33,False,53
2020-11-23 14:00:00,26,44,False,70
2020-11-23 15:00:00,22,39,False,61
2020-11-23 16:00:00,20,35,False,55
2020-11-23 17:00:00,21,35,False,56
2020-11-23 18:00:00,21,34,False,55
2020-11-23 19:00:00,20,32,False,52
2020-11-23 20:00:00,21,35,False,56
2020-11-23 21:00:00,31,55,False,86
2020-11-23 22:00:00,31,64,False,95
2020-11-23 23:00:00,34,80,False,114
2020-11-24 00:00:00,25,60,False,85
2020-11-24 01:00:00,23,51,False,74
2020-11-24 02:00:00,19,45,False,64
2020-11-24 03:00:00,22,52,False,74
2020-11-24 04:00:00,32,75,False,107
2020-11-24 05:00:00,46,100,False,146
2020-11-24 06:00:00,45,87,False,132
2020-11-24 07:00:00,41,65,False,106
2020-11-24 08:00:00,36,55,False,91
2020-11-24 09:00:00,32,47,False,79
2020-11-24 10:00:00,29,44,False,73
2020-11-24 11:00:00,25,41,False,66
2020-11-24 12:00:00,24,42,False,66
2020-11-24 13:00:00,23,42,False,65
2020-11-24 14:00:00,23,44,False,67
2020-11-24 15:00:00,23,42,False,65
2020-11-24 16:00:00,23,41,False,64
2020-11-24 17:00:00,23,41,False,64
2020-11-24 18:00:00,24,41,False,65
2020-11-24 19:00:00,29,51,False,80
2020-11-24 20:00:00,30,52,False,82
2020-11-24 21:00:00,26,46,False,72
2020-11-24 22:00:00,24,46,False,70
2020-11-24 23:00:00,22,46,False,68
2020-11-25 00:00:00,18,41,False,59
2020-11-25 00:00:00,44,100,False,144
2020-11-25 01:00:00,41,92,False,133
2020-11-25 02:00:00,40,92,False,132
2020-11-25 03:00:00,39,83,False,122
2020-11-25 04:00:00,41,80,False,121
2020-11-25 05:00:00,45,75,False,120
2020-11-25 06:00:00,46,69,False,115
2020-11-25 07:00:00,45,61,False,106
2020-11-25 08:00:00,44,58,False,102
2020-11-25 09:00:00,41,54,False,95
2020-11-25 10:00:00,41,56,False,97
2020-11-25 11:00:00,40,61,False,101
2020-11-25 12:00:00,41,62,False,103
2020-11-25 13:00:00,39,59,False,98
2020-11-25 14:00:00,36,57,False,93
2020-11-25 15:00:00,37,62,False,99
2020-11-25 16:00:00,34,55,False,89
2020-11-25 17:00:00,35,53,False,88
2020-11-25 18:00:00,37,57,False,94
2020-11-25 19:00:00,39,60,False,99
2020-11-25 20:00:00,46,75,False,121
2020-11-25 21:00:00,41,68,False,109
2020-11-25 22:00:00,40,70,False,110
2020-11-25 23:00:00,35,67,False,102
2020-11-26 00:00:00,28,57,False,85
2020-11-26 01:00:00,26,51,False,77
2020-11-26 02:00:00,27,52,False,79
2020-11-26 03:00:00,31,65,False,96
2020-11-26 04:00:00,35,69,False,104
2020-11-26 05:00:00,38,63,False,101
2020-11-26 06:00:00,37,56,False,93
2020-11-26 07:00:00,42,60,False,102
2020-11-26 08:00:00,46,68,False,114
2020-11-26 09:00:00,39,54,False,93
2020-11-26 10:00:00,34,48,False,82
2020-11-26 11:00:00,32,44,False,76
2020-11-26 12:00:00,30,43,False,73
2020-11-26 13:00:00,29,43,False,72
2020-11-26 14:00:00,30,56,False,86
2020-11-26 15:00:00,30,45,False,75
2020-11-26 16:00:00,31,49,False,80
2020-11-26 17:00:00,35,57,False,92
2020-11-26 18:00:00,32,50,False,82
2020-11-26 19:00:00,34,52,False,86
2020-11-26 20:00:00,33,51,False,84
2020-11-26 21:00:00,34,50,False,84
2020-11-26 22:00:00,31,50,False,81
2020-11-26 23:00:00,28,49,False,77
2020-11-27 00:00:00,26,46,False,72
2020-11-27 01:00:00,25,48,False,73
2020-11-27 02:00:00,24,42,False,66
2020-11-27 03:00:00,24,40,False,64
2020-11-27 04:00:00,26,39,False,65
2020-11-27 05:00:00,29,39,False,68
2020-11-27 06:00:00,28,37,False,65
2020-11-27 07:00:00,28,35,False,63
2020-11-27 08:00:00,27,31,False,58
2020-11-27 09:00:00,26,29,False,55
2020-11-27 10:00:00,25,30,False,55
2020-11-27 11:00:00,23,29,False,52
2020-11-27 12:00:00,22,29,False,51
2020-11-27 13:00:00,22,31,False,53
2020-11-27 14:00:00,23,32,False,55
2020-11-27 15:00:00,23,33,False,56
2020-11-27 16:00:00,22,32,False,54
2020-11-27 17:00:00,24,34,False,58
2020-11-27 18:00:00,25,34,False,59
2020-11-27 19:00:00,25,35,False,60
2020-11-27 20:00:00,27,38,False,65
2020-11-27 21:00:00,27,39,False,66
2020-11-27 22:00:00,27,39,False,66
2020-11-27 23:00:00,24,40,False,64
2020-11-28 00:00:00,24,41,False,65
2020-11-28 01:00:00,23,39,False,62
2020-11-28 02:00:00,23,37,False,60
2020-11-28 03:00:00,23,34,False,57
2020-11-28 04:00:00,22,34,False,56
2020-11-28 05:00:00,25,34,False,59
2020-11-28 06:00:00,25,33,False,58
2020-11-28 07:00:00,24,30,False,54
2020-11-28 08:00:00,24,29,False,53
2020-11-28 09:00:00,23,26,False,49
2020-11-28 10:00:00,22,27,False,49
2020-11-28 11:00:00,22,28,False,50
2020-11-28 12:00:00,21,28,False,49
2020-11-28 13:00:00,21,29,False,50
2020-11-28 14:00:00,26,39,False,65
2020-11-28 15:00:00,28,43,False,71
2020-11-28 16:00:00,29,50,False,79
2020-11-28 17:00:00,28,41,False,69
2020-11-28 18:00:00,31,43,False,74
2020-11-28 19:00:00,31,42,False,73
2020-11-28 20:00:00,30,44,False,74
2020-11-28 21:00:00,31,42,False,73
2020-11-28 22:00:00,31,45,False,76
2020-11-28 23:00:00,33,47,False,80
2020-11-29 00:00:00,32,43,False,75
2020-11-29 01:00:00,47,41,False,88
2020-11-29 02:00:00,60,37,False,97
2020-11-29 03:00:00,58,36,False,94
2020-11-29 04:00:00,97,33,False,130
2020-11-29 05:00:00,55,33,False,88
2020-11-29 06:00:00,25,34,False,59
2020-11-29 07:00:00,25,33,False,58
2020-11-29 08:00:00,26,34,False,60
2020-11-29 09:00:00,25,32,False,57
2020-11-29 10:00:00,23,31,False,54
2020-11-29 11:00:00,23,31,False,54
2020-11-29 12:00:00,23,30,False,53
2020-11-29 13:00:00,23,30,False,53
2020-11-29 14:00:00,23,31,False,54
2020-11-29 15:00:00,22,29,False,51
2020-11-29 16:00:00,24,31,False,55
2020-11-29 17:00:00,24,33,False,57
2020-11-29 18:00:00,25,33,False,58
2020-11-29 19:00:00,25,36,False,61
2020-11-29 20:00:00,29,37,False,66
2020-11-29 21:00:00,29,39,False,68
2020-11-29 22:00:00,28,42,False,70
2020-11-29 23:00:00,25,41,False,66
2020-11-30 00:00:00,25,44,False,69
2020-11-30 01:00:00,25,45,False,70
2020-11-30 02:00:00,23,43,False,66
2020-11-30 03:00:00,23,41,False,64
2020-11-30 04:00:00,25,38,False,63
2020-11-30 05:00:00,26,38,False,64
2020-11-30 06:00:00,26,36,False,62
2020-11-30 07:00:00,24,32,False,56
2020-11-30 08:00:00,24,31,False,55
2020-11-30 09:00:00,23,29,False,52
2020-11-30 10:00:00,22,27,False,49
2020-11-30 11:00:00,23,29,False,52
2020-11-30 12:00:00,23,31,False,54
2020-11-30 13:00:00,23,33,False,56
2020-11-30 14:00:00,26,40,False,66
2020-11-30 15:00:00,32,48,False,80
2020-11-30 16:00:00,31,44,False,75
2020-11-30 17:00:00,29,42,False,71
2020-11-30 18:00:00,30,42,False,72
2020-11-30 19:00:00,31,42,False,73
2020-11-30 20:00:00,33,47,False,80
2020-11-30 21:00:00,34,53,False,87
2020-11-30 22:00:00,34,53,False,87
2020-11-30 23:00:00,32,58,False,90
2020-12-01 00:00:00,27,55,False,82
2020-12-01 01:00:00,27,50,False,77
2020-12-01 02:00:00,26,50,False,76
2020-12-01 03:00:00,27,49,False,76
2020-12-01 04:00:00,29,47,False,76
2020-12-01 05:00:00,31,45,False,76
2020-12-01 06:00:00,30,40,False,70
2020-12-01 07:00:00,28,36,False,64
2020-12-01 08:00:00,30,38,False,68
2020-12-01 09:00:00,28,33,False,61
2020-12-01 10:00:00,29,37,False,66
2020-12-01 11:00:00,28,37,False,65
2020-12-01 12:00:00,26,38,False,64
2020-12-01 13:00:00,24,36,False,60
2020-12-01 14:00:00,24,34,False,58
2020-12-01 15:00:00,25,36,False,61
2020-12-01 16:00:00,25,34,False,59
2020-12-01 17:00:00,24,34,False,58
2020-12-01 18:00:00,25,33,False,58
2020-12-01 19:00:00,26,34,False,60
2020-12-01 20:00:00,27,35,False,62
2020-12-01 21:00:00,27,38,False,65
2020-12-01 22:00:00,28,41,False,69
2020-12-01 23:00:00,24,38,False,62
2020-12-02 00:00:00,22,35,False,57
2020-12-02 00:00:00,52,83,False,135
2020-12-02 01:00:00,48,80,False,128
2020-12-02 02:00:00,49,78,False,127
2020-12-02 03:00:00,50,73,False,123
2020-12-02 04:00:00,54,79,False,133
2020-12-02 05:00:00,55,75,False,130
2020-12-02 06:00:00,55,72,False,127
2020-12-02 07:00:00,51,61,False,112
2020-12-02 08:00:00,54,62,False,116
2020-12-02 09:00:00,49,56,False,105
2020-12-02 10:00:00,50,58,False,108
2020-12-02 11:00:00,48,58,False,106
2020-12-02 12:00:00,46,61,False,107
2020-12-02 13:00:00,49,59,False,108
2020-12-02 14:00:00,52,65,False,117
2020-12-02 15:00:00,49,64,False,113
2020-12-02 16:00:00,49,68,False,117
2020-12-02 17:00:00,50,69,False,119
2020-12-02 18:00:00,55,73,False,128
2020-12-02 19:00:00,57,75,False,132
2020-12-02 20:00:00,63,75,False,138
2020-12-02 21:00:00,61,83,False,144
2020-12-02 22:00:00,60,90,False,150
2020-12-02 23:00:00,55,90,False,145
2020-12-03 00:00:00,54,84,False,138
2020-12-03 01:00:00,48,78,False,126
2020-12-03 02:00:00,46,75,False,121
2020-12-03 03:00:00,51,78,False,129
2020-12-03 04:00:00,50,77,False,127
2020-12-03 05:00:00,57,73,False,130
2020-12-03 06:00:00,53,67,False,120
2020-12-03 07:00:00,51,61,False,112
2020-12-03 08:00:00,50,59,False,109
2020-12-03 09:00:00,52,55,False,107
2020-12-03 10:00:00,50,60,False,110
2020-12-03 11:00:00,47,61,False,108
2020-12-03 12:00:00,45,64,False,109
2020-12-03 13:00:00,46,67,False,113
2020-12-03 14:00:00,48,68,False,116
2020-12-03 15:00:00,48,72,False,120
2020-12-03 16:00:00,52,74,False,126
2020-12-03 17:00:00,52,75,False,127
2020-12-03 18:00:00,58,78,False,136
2020-12-03 19:00:00,67,81,False,148
2020-12-03 20:00:00,69,84,False,153
2020-12-03 21:00:00,71,89,False,160
2020-12-03 22:00:00,66,91,False,157
2020-12-03 23:00:00,63,94,False,157
2020-12-04 00:00:00,55,86,False,141
2020-12-04 01:00:00,48,81,False,129
2020-12-04 02:00:00,48,79,False,127
2020-12-04 03:00:00,52,79,False,131
2020-12-04 04:00:00,57,76,False,133
2020-12-04 05:00:00,57,73,False,130
2020-12-04 06:00:00,51,65,False,116
2020-12-04 07:00:00,50,57,False,107
2020-12-04 08:00:00,50,56,False,106
2020-12-04 09:00:00,47,51,False,98
2020-12-04 10:00:00,45,55,False,100
2020-12-04 11:00:00,46,57,False,103
2020-12-04 12:00:00,44,65,False,109
2020-12-04 13:00:00,42,63,False,105
2020-12-04 14:00:00,47,64,False,111
2020-12-04 15:00:00,45,66,False,111
2020-12-04 16:00:00,54,86,False,140
2020-12-04 17:00:00,49,76,False,125
2020-12-04 18:00:00,52,74,False,126
2020-12-04 19:00:00,53,75,False,128
2020-12-04 20:00:00,58,91,False,149
2020-12-04 21:00:00,66,100,False,166
2020-12-04 22:00:00,60,96,False,156
2020-12-04 23:00:00,60,96,False,156
2020-12-05 00:00:00,53,84,False,137
2020-12-05 01:00:00,50,78,False,128
2020-12-05 02:00:00,48,71,False,119
2020-12-05 03:00:00,48,73,False,121
2020-12-05 04:00:00,50,69,False,119
2020-12-05 05:00:00,53,68,False,121
2020-12-05 06:00:00,50,67,False,117
2020-12-05 07:00:00,48,63,False,111
2020-12-05 08:00:00,47,60,False,107
2020-12-05 09:00:00,45,56,False,101
2020-12-05 10:00:00,45,51,False,96
2020-12-05 11:00:00,43,52,False,95
2020-12-05 12:00:00,44,53,False,97
2020-12-05 13:00:00,42,58,False,100
2020-12-05 14:00:00,41,54,False,95
2020-12-05 15:00:00,42,59,False,101
2020-12-05 16:00:00,44,58,False,102
2020-12-05 17:00:00,45,57,False,102
2020-12-05 18:00:00,46,59,False,105
2020-12-05 19:00:00,47,60,False,107
2020-12-05 20:00:00,50,62,False,112
2020-12-05 21:00:00,53,65,False,118
2020-12-05 22:00:00,51,71,False,122
2020-12-05 23:00:00,51,70,False,121
2020-12-06 00:00:00,53,83,False,136
2020-12-06 01:00:00,59,99,False,158
2020-12-06 02:00:00,61,87,False,148
2020-12-06 03:00:00,62,81,False,143
2020-12-06 04:00:00,73,73,False,146
2020-12-06 05:00:00,52,72,False,124
2020-12-06 06:00:00,52,67,False,119
2020-12-06 07:00:00,48,67,False,115
2020-12-06 08:00:00,46,61,False,107
2020-12-06 09:00:00,46,59,False,105
2020-12-06 10:00:00,41,55,False,96
2020-12-06 11:00:00,40,54,False,94
2020-12-06 12:00:00,39,55,False,94
2020-12-06 13:00:00,41,56,False,97
2020-12-06 14:00:00,42,59,False,101
2020-12-06 15:00:00,43,61,False,104
2020-12-06 16:00:00,43,63,False,106
2020-12-06 17:00:00,47,66,False,113
2020-12-06 18:00:00,49,66,False,115
2020-12-06 19:00:00,48,65,False,113
2020-12-06 20:00:00,54,74,False,128
2020-12-06 21:00:00,54,75,False,129
2020-12-06 22:00:00,58,90,False,148
2020-12-06 23:00:00,52,87,False,139
2020-12-07 00:00:00,44,80,False,124
2020-12-07 01:00:00,43,77,False,120
2020-12-07 02:00:00,41,71,False,112
2020-12-07 03:00:00,45,75,False,120
2020-12-07 04:00:00,50,72,False,122
2020-12-07 05:00:00,50,66,False,116
2020-12-07 06:00:00,48,65,False,113
2020-12-07 07:00:00,48,60,False,108
2020-12-07 08:00:00,47,55,False,102
2020-12-07 09:00:00,45,54,False,99
2020-12-07 10:00:00,43,53,False,96
2020-12-07 11:00:00,42,53,False,95
2020-12-07 12:00:00,41,56,False,97
2020-12-07 13:00:00,41,56,False,97
2020-12-07 14:00:00,42,60,False,102
2020-12-07 15:00:00,44,63,False,107
2020-12-07 16:00:00,43,63,False,106
2020-12-07 17:00:00,47,64,False,111
2020-12-07 18:00:00,48,67,False,115
2020-12-07 19:00:00,50,68,False,118
2020-12-07 20:00:00,54,65,False,119
2020-12-07 21:00:00,54,74,False,128
2020-12-07 22:00:00,53,75,False,128
2020-12-07 23:00:00,52,77,False,129
2020-12-08 00:00:00,47,74,False,121
2020-12-08 01:00:00,43,68,False,111
2020-12-08 02:00:00,42,70,False,112
2020-12-08 03:00:00,49,69,False,118
2020-12-08 04:00:00,47,68,False,115
2020-12-08 05:00:00,47,63,False,110
2020-12-08 06:00:00,48,59,False,107
2020-12-08 07:00:00,46,52,False,98
2020-12-08 08:00:00,42,48,False,90
2020-12-08 09:00:00,41,49,False,90
2020-12-08 10:00:00,42,54,False,96
2020-12-08 11:00:00,41,53,False,94
2020-12-08 12:00:00,40,52,False,92
2020-12-08 13:00:00,39,54,False,93
2020-12-08 14:00:00,41,55,False,96
2020-12-08 15:00:00,42,55,False,97
2020-12-08 16:00:00,42,59,False,101
2020-12-08 17:00:00,45,56,False,101
2020-12-08 18:00:00,46,60,False,106
2020-12-08 19:00:00,49,64,False,113
2020-12-08 20:00:00,57,71,False,128
2020-12-08 21:00:00,52,76,False,128
2020-12-08 22:00:00,51,81,False,132
2020-12-08 23:00:00,49,89,False,138
2020-12-09 00:00:00,45,80,False,125
2020-12-09 00:00:00,23,40,False,63
2020-12-09 01:00:00,22,40,False,62
2020-12-09 02:00:00,23,39,False,62
2020-12-09 03:00:00,24,38,False,62
2020-12-09 04:00:00,25,35,False,60
2020-12-09 05:00:00,25,38,False,63
2020-12-09 06:00:00,25,32,False,57
2020-12-09 07:00:00,24,33,False,57
2020-12-09 08:00:00,28,42,False,70
2020-12-09 09:00:00,25,34,False,59
2020-12-09 10:00:00,22,31,False,53
2020-12-09 11:00:00,21,28,False,49
2020-12-09 12:00:00,20,29,False,49
2020-12-09 13:00:00,19,29,False,48
2020-12-09 14:00:00,20,29,False,49
2020-12-09 15:00:00,21,30,False,51
2020-12-09 16:00:00,21,29,False,50
2020-12-09 17:00:00,21,30,False,51
2020-12-09 18:00:00,22,33,False,55
2020-12-09 19:00:00,23,37,False,60
2020-12-09 20:00:00,26,43,False,69
2020-12-09 21:00:00,28,52,False,80
2020-12-09 22:00:00,27,50,False,77
2020-12-09 23:00:00,25,44,False,69
2020-12-10 00:00:00,22,41,False,63
2020-12-10 01:00:00,22,41,False,63
2020-12-10 02:00:00,22,37,False,59
2020-12-10 03:00:00,22,37,False,59
2020-12-10 04:00:00,23,36,False,59
2020-12-10 05:00:00,23,34,False,57
2020-12-10 06:00:00,23,31,False,54
2020-12-10 07:00:00,21,31,False,52
2020-12-10 08:00:00,21,30,False,51
2020-12-10 09:00:00,20,27,False,47
2020-12-10 10:00:00,21,28,False,49
2020-12-10 11:00:00,19,27,False,46
2020-12-10 12:00:00,20,30,False,50
2020-12-10 13:00:00,20,29,False,49
2020-12-10 14:00:00,19,30,False,49
2020-12-10 15:00:00,19,31,False,50
2020-12-10 16:00:00,20,32,False,52
2020-12-10 17:00:00,22,34,False,56
2020-12-10 18:00:00,23,36,False,59
2020-12-10 19:00:00,24,37,False,61
2020-12-10 20:00:00,25,41,False,66
2020-12-10 21:00:00,25,42,False,67
2020-12-10 22:00:00,27,44,False,71
2020-12-10 23:00:00,23,43,False,66
2020-12-11 00:00:00,23,42,False,65
2020-12-11 01:00:00,22,41,False,63
2020-12-11 02:00:00,20,38,False,58
2020-12-11 03:00:00,22,38,False,60
2020-12-11 04:00:00,25,37,False,62
2020-12-11 05:00:00,24,36,False,60
2020-12-11 06:00:00,23,35,False,58
2020-12-11 07:00:00,21,32,False,53
2020-12-11 08:00:00,21,30,False,51
2020-12-11 09:00:00,21,29,False,50
2020-12-11 10:00:00,20,30,False,50
2020-12-11 11:00:00,20,34,False,54
2020-12-11 12:00:00,20,32,False,52
2020-12-11 13:00:00,18,33,False,51
2020-12-11 14:00:00,20,33,False,53
2020-12-11 15:00:00,21,35,False,56
2020-12-11 16:00:00,21,36,False,57
2020-12-11 17:00:00,21,40,False,61
2020-12-11 18:00:00,23,44,False,67
2020-12-11 19:00:00,25,50,False,75
2020-12-11 20:00:00,24,51,False,75
2020-12-11 21:00:00,28,55,False,83
2020-12-11 22:00:00,30,71,False,101
2020-12-11 23:00:00,30,89,False,119
2020-12-12 00:00:00,30,100,False,130
2020-12-12 01:00:00,26,68,False,94
2020-12-12 02:00:00,26,60,False,86
2020-12-12 03:00:00,26,54,False,80
2020-12-12 04:00:00,28,50,False,78
2020-12-12 05:00:00,26,52,False,78
2020-12-12 06:00:00,29,57,False,86
2020-12-12 07:00:00,26,50,False,76
2020-12-12 08:00:00,28,50,False,78
2020-12-12 09:00:00,27,49,False,76
2020-12-12 10:00:00,27,51,False,78
2020-12-12 11:00:00,23,43,False,66
2020-12-12 12:00:00,22,42,False,64
2020-12-12 13:00:00,24,45,False,69
2020-12-12 14:00:00,30,62,False,92
2020-12-12 15:00:00,28,53,False,81
2020-12-12 16:00:00,26,49,False,75
2020-12-12 17:00:00,28,48,False,76
2020-12-12 18:00:00,27,44,False,71
2020-12-12 19:00:00,29,46,False,75
2020-12-12 20:00:00,27,44,False,71
2020-12-12 21:00:00,30,43,False,73
2020-12-12 22:00:00,34,46,False,80
2020-12-12 23:00:00,31,47,False,78
2020-12-13 00:00:00,30,51,False,81
2020-12-13 01:00:00,33,45,False,78
2020-12-13 02:00:00,32,41,False,73
2020-12-13 03:00:00,42,46,False,88
2020-12-13 04:00:00,34,44,False,78
2020-12-13 05:00:00,28,41,False,69
2020-12-13 06:00:00,26,40,False,66
2020-12-13 07:00:00,25,37,False,62
2020-12-13 08:00:00,26,35,False,61
2020-12-13 09:00:00,25,35,False,60
2020-12-13 10:00:00,23,32,False,55
2020-12-13 11:00:00,22,32,False,54
2020-12-13 12:00:00,22,32,False,54
2020-12-13 13:00:00,20,31,False,51
2020-12-13 14:00:00,21,31,False,52
2020-12-13 15:00:00,21,28,False,49
2020-12-13 16:00:00,26,31,False,57
2020-12-13 17:00:00,27,31,False,58
2020-12-13 18:00:00,30,31,False,61
2020-12-13 19:00:00,30,31,False,61
2020-12-13 20:00:00,31,32,False,63
2020-12-13 21:00:00,35,35,False,70
2020-12-13 22:00:00,34,37,False,71
2020-12-13 23:00:00,35,36,False,71
2020-12-14 00:00:00,30,34,False,64
2020-12-14 01:00:00,29,31,False,60
2020-12-14 02:00:00,26,32,False,58
2020-12-14 03:00:00,27,33,False,60
2020-12-14 04:00:00,28,30,False,58
2020-12-14 05:00:00,25,28,False,53
2020-12-14 06:00:00,23,27,False,50
2020-12-14 07:00:00,21,25,False,46
2020-12-14 08:00:00,22,24,False,46
2020-12-14 09:00:00,23,26,False,49
2020-12-14 10:00:00,22,26,False,48
2020-12-14 11:00:00,22,26,False,48
2020-12-14 12:00:00,19,24,False,43
2020-12-14 13:00:00,22,27,False,49
2020-12-14 14:00:00,22,27,False,49
2020-12-14 15:00:00,22,26,False,48
2020-12-14 16:00:00,23,27,False,50
2020-12-14 17:00:00,22,30,False,52
2020-12-14 18:00:00,25,28,False,53
2020-12-14 19:00:00,25,30,False,55
2020-12-14 20:00:00,24,33,False,57
2020-12-14 21:00:00,26,34,False,60
2020-12-14 22:00:00,23,35,False,58
2020-12-14 23:00:00,23,34,False,57
2020-12-15 00:00:00,23,31,False,54
2020-12-15 01:00:00,22,31,False,53
2020-12-15 02:00:00,20,28,False,48
2020-12-15 03:00:00,23,30,False,53
2020-12-15 04:00:00,25,31,False,56
2020-12-15 05:00:00,23,29,False,52
2020-12-15 06:00:00,24,25,False,49
2020-12-15 07:00:00,20,23,False,43
2020-12-15 08:00:00,21,23,False,44
2020-12-15 09:00:00,23,29,False,52
2020-12-15 10:00:00,22,28,False,50
2020-12-15 11:00:00,21,28,False,49
2020-12-15 12:00:00,21,28,False,49
2020-12-15 13:00:00,23,34,False,57
2020-12-15 14:00:00,25,40,False,65
2020-12-15 15:00:00,23,35,False,58
2020-12-15 16:00:00,23,36,False,59
2020-12-15 17:00:00,23,32,False,55
2020-12-15 18:00:00,22,32,False,54
2020-12-15 19:00:00,24,32,False,56
2020-12-15 20:00:00,24,31,False,55
2020-12-15 21:00:00,26,36,False,62
2020-12-15 22:00:00,26,40,False,66
2020-12-15 23:00:00,25,43,False,68
2020-12-16 00:00:00,26,51,False,77
2020-12-16 00:00:00,20,39,False,59
2020-12-16 01:00:00,21,47,False,68
2020-12-16 02:00:00,19,37,False,56
2020-12-16 03:00:00,19,33,False,52
2020-12-16 04:00:00,22,32,False,54
2020-12-16 05:00:00,22,31,False,53
2020-12-16 06:00:00,21,27,False,48
2020-12-16 07:00:00,19,25,False,44
2020-12-16 08:00:00,21,23,False,44
2020-12-16 09:00:00,21,23,False,44
2020-12-16 10:00:00,18,22,False,40
2020-12-16 11:00:00,17,23,False,40
2020-12-16 12:00:00,16,21,False,37
2020-12-16 13:00:00,18,26,False,44
2020-12-16 14:00:00,29,46,False,75
2020-12-16 15:00:00,26,38,False,64
2020-12-16 16:00:00,26,39,False,65
2020-12-16 17:00:00,24,35,False,59
2020-12-16 18:00:00,24,33,False,57
2020-12-16 19:00:00,24,32,False,56
2020-12-16 20:00:00,26,35,False,61
2020-12-16 21:00:00,27,37,False,64
2020-12-16 22:00:00,31,53,False,84
2020-12-16 23:00:00,29,54,False,83
2020-12-17 00:00:00,28,58,False,86
2020-12-17 01:00:00,26,51,False,77
2020-12-17 02:00:00,26,46,False,72
2020-12-17 03:00:00,28,47,False,75
2020-12-17 04:00:00,28,41,False,69
2020-12-17 05:00:00,29,41,False,70
2020-12-17 06:00:00,31,42,False,73
2020-12-17 07:00:00,28,37,False,65
2020-12-17 08:00:00,29,36,False,65
2020-12-17 09:00:00,30,38,False,68
2020-12-17 10:00:00,27,34,False,61
2020-12-17 11:00:00,26,33,False,59
2020-12-17 12:00:00,25,33,False,58
2020-12-17 13:00:00,26,37,False,63
2020-12-17 14:00:00,29,46,False,75
2020-12-17 15:00:00,28,44,False,72
2020-12-17 16:00:00,36,57,False,93
2020-12-17 17:00:00,34,54,False,88
2020-12-17 18:00:00,30,46,False,76
2020-12-17 19:00:00,32,46,False,78
2020-12-17 20:00:00,31,44,False,75
2020-12-17 21:00:00,31,44,False,75
2020-12-17 22:00:00,29,44,False,73
2020-12-17 23:00:00,28,41,False,69
2020-12-18 00:00:00,25,41,False,66
2020-12-18 01:00:00,23,35,False,58
2020-12-18 02:00:00,23,38,False,61
2020-12-18 03:00:00,24,35,False,59
2020-12-18 04:00:00,25,34,False,59
2020-12-18 05:00:00,27,32,False,59
2020-12-18 06:00:00,26,32,False,58
2020-12-18 07:00:00,24,29,False,53
2020-12-18 08:00:00,24,27,False,51
2020-12-18 09:00:00,23,26,False,49
2020-12-18 10:00:00,22,25,False,47
2020-12-18 11:00:00,22,25,False,47
2020-12-18 12:00:00,19,25,False,44
2020-12-18 13:00:00,19,26,False,45
2020-12-18 14:00:00,20,26,False,46
2020-12-18 15:00:00,19,27,False,46
2020-12-18 16:00:00,20,26,False,46
2020-12-18 17:00:00,20,26,False,46
2020-12-18 18:00:00,20,26,False,46
2020-12-18 19:00:00,21,28,False,49
2020-12-18 20:00:00,23,28,False,51
2020-12-18 21:00:00,24,31,False,55
2020-12-18 22:00:00,24,32,False,56
2020-12-18 23:00:00,23,30,False,53
2020-12-19 00:00:00,22,29,False,51
2020-12-19 01:00:00,21,27,False,48
2020-12-19 02:00:00,20,26,False,46
2020-12-19 03:00:00,21,28,False,49
2020-12-19 04:00:00,22,25,False,47
2020-12-19 05:00:00,21,24,False,45
2020-12-19 06:00:00,21,24,False,45
2020-12-19 07:00:00,20,23,False,43
2020-12-19 08:00:00,20,21,False,41
2020-12-19 09:00:00,19,20,False,39
2020-12-19 10:00:00,18,22,False,40
2020-12-19 11:00:00,19,21,False,40
2020-12-19 12:00:00,17,21,False,38
2020-12-19 13:00:00,17,22,False,39
2020-12-19 14:00:00,19,23,False,42
2020-12-19 15:00:00,19,26,False,45
2020-12-19 16:00:00,20,28,False,48
2020-12-19 17:00:00,22,28,False,50
2020-12-19 18:00:00,21,27,False,48
2020-12-19 19:00:00,22,28,False,50
2020-12-19 20:00:00,23,31,False,54
2020-12-19 21:00:00,24,31,False,55
2020-12-19 22:00:00,25,31,False,56
2020-12-19 23:00:00,23,31,False,54
2020-12-20 00:00:00,23,30,False,53
2020-12-20 01:00:00,23,27,False,50
2020-12-20 02:00:00,24,25,False,49
2020-12-20 03:00:00,25,25,False,50
2020-12-20 04:00:00,24,23,False,47
2020-12-20 05:00:00,20,24,False,44
2020-12-20 06:00:00,20,23,False,43
2020-12-20 07:00:00,20,22,False,42
2020-12-20 08:00:00,20,23,False,43
2020-12-20 09:00:00,21,24,False,45
2020-12-20 10:00:00,20,22,False,42
2020-12-20 11:00:00,18,22,False,40
2020-12-20 12:00:00,18,22,False,40
2020-12-20 13:00:00,18,21,False,39
2020-12-20 14:00:00,17,22,False,39
2020-12-20 15:00:00,18,22,False,40
2020-12-20 16:00:00,18,23,False,41
2020-12-20 17:00:00,19,23,False,42
2020-12-20 18:00:00,20,23,False,43
2020-12-20 19:00:00,21,25,False,46
2020-12-20 20:00:00,22,28,False,50
2020-12-20 21:00:00,22,28,False,50
2020-12-20 22:00:00,22,30,False,52
2020-12-20 23:00:00,20,28,False,48
2020-12-21 00:00:00,20,28,False,48
2020-12-21 01:00:00,19,26,False,45
2020-12-21 02:00:00,19,26,False,45
2020-12-21 03:00:00,23,26,False,49
2020-12-21 04:00:00,23,26,False,49
2020-12-21 05:00:00,22,25,False,47
2020-12-21 06:00:00,20,23,False,43
2020-12-21 07:00:00,21,23,False,44
2020-12-21 08:00:00,20,21,False,41
2020-12-21 09:00:00,21,21,False,42
2020-12-21 10:00:00,20,22,False,42
2020-12-21 11:00:00,19,21,False,40
2020-12-21 12:00:00,18,25,False,43
2020-12-21 13:00:00,17,23,False,40
2020-12-21 14:00:00,17,24,False,41
2020-12-21 15:00:00,17,24,False,41
2020-12-21 16:00:00,18,23,False,41
2020-12-21 17:00:00,18,24,False,42
2020-12-21 18:00:00,18,24,False,42
2020-12-21 19:00:00,19,25,False,44
2020-12-21 20:00:00,22,26,False,48
2020-12-21 21:00:00,22,27,False,49
2020-12-21 22:00:00,21,26,False,47
2020-12-21 23:00:00,19,26,False,45
2020-12-22 00:00:00,19,25,False,44
2020-12-22 01:00:00,28,42,False,70
2020-12-22 02:00:00,31,45,False,76
2020-12-22 03:00:00,36,48,False,84
2020-12-22 04:00:00,35,42,False,77
2020-12-22 05:00:00,37,51,False,88
2020-12-22 06:00:00,35,45,False,80
2020-12-22 07:00:00,33,40,False,73
2020-12-22 08:00:00,33,41,False,74
2020-12-22 09:00:00,32,40,False,72
2020-12-22 10:00:00,28,36,False,64
2020-12-22 11:00:00,26,34,False,60
2020-12-22 12:00:00,25,33,False,58
2020-12-22 13:00:00,27,35,False,62
2020-12-22 14:00:00,25,36,False,61
2020-12-22 15:00:00,26,35,False,61
2020-12-22 16:00:00,28,41,False,69
2020-12-22 17:00:00,28,41,False,69
2020-12-22 18:00:00,28,41,False,69
2020-12-22 19:00:00,32,44,False,76
2020-12-22 20:00:00,38,50,False,88
2020-12-22 21:00:00,61,98,False,159
2020-12-22 22:00:00,60,100,False,160
2020-12-22 23:00:00,47,72,False,119
2020-12-23 00:00:00,45,71,False,116
2020-12-23 00:00:00,19,31,False,50
2020-12-23 01:00:00,19,34,False,53
2020-12-23 02:00:00,18,32,False,50
2020-12-23 03:00:00,19,29,False,48
2020-12-23 04:00:00,22,39,False,61
2020-12-23 05:00:00,34,68,False,102
2020-12-23 06:00:00,29,48,False,77
2020-12-23 07:00:00,29,43,False,72
2020-12-23 08:00:00,29,43,False,72
2020-12-23 09:00:00,30,45,False,75
2020-12-23 10:00:00,36,56,False,92
2020-12-23 11:00:00,36,58,False,94
2020-12-23 12:00:00,27,46,False,73
2020-12-23 13:00:00,24,40,False,64
2020-12-23 14:00:00,23,39,False,62
2020-12-23 15:00:00,24,43,False,67
2020-12-23 16:00:00,26,46,False,72
2020-12-23 17:00:00,27,46,False,73
2020-12-23 18:00:00,24,41,False,65
2020-12-23 19:00:00,26,41,False,67
2020-12-23 20:00:00,34,58,False,92
2020-12-23 21:00:00,48,89,False,137
2020-12-23 22:00:00,56,100,False,156
2020-12-23 23:00:00,39,71,False,110
2020-12-24 00:00:00,31,59,False,90
2020-12-24 01:00:00,27,50,False,77
2020-12-24 02:00:00,25,45,False,70
2020-12-24 03:00:00,25,44,False,69
2020-12-24 04:00:00,25,43,False,68
2020-12-24 05:00:00,27,42,False,69
2020-12-24 06:00:00,30,47,False,77
2020-12-24 07:00:00,29,45,False,74
2020-12-24 08:00:00,27,40,False,67
2020-12-24 09:00:00,24,34,False,58
2020-12-24 10:00:00,22,32,False,54
2020-12-24 11:00:00,20,31,False,51
2020-12-24 12:00:00,19,31,False,50
2020-12-24 13:00:00,18,32,False,50
2020-12-24 14:00:00,18,32,False,50
2020-12-24 15:00:00,17,32,False,49
2020-12-24 16:00:00,17,32,False,49
2020-12-24 17:00:00,18,34,False,52
2020-12-24 18:00:00,18,33,False,51
2020-12-24 19:00:00,17,32,False,49
2020-12-24 20:00:00,18,32,False,50
2020-12-24 21:00:00,19,33,False,52
2020-12-24 22:00:00,23,47,False,70
2020-12-24 23:00:00,37,84,False,121
2020-12-25 00:00:00,24,55,False,79
2020-12-25 01:00:00,18,42,False,60
2020-12-25 02:00:00,16,39,False,55
2020-12-25 03:00:00,15,31,False,46
2020-12-25 04:00:00,15,31,False,46
2020-12-25 05:00:00,15,29,False,44
2020-12-25 06:00:00,17,31,False,48
2020-12-25 07:00:00,20,33,False,53
2020-12-25 08:00:00,20,31,False,51
2020-12-25 09:00:00,19,28,False,47
2020-12-25 10:00:00,18,28,False,46
2020-12-25 11:00:00,22,32,False,54
2020-12-25 12:00:00,19,33,False,52
2020-12-25 13:00:00,17,29,False,46
2020-12-25 14:00:00,16,28,False,44
2020-12-25 15:00:00,14,25,False,39
2020-12-25 16:00:00,17,32,False,49
2020-12-25 17:00:00,22,43,False,65
2020-12-25 18:00:00,17,30,False,47
2020-12-25 19:00:00,16,30,False,46
2020-12-25 20:00:00,17,30,False,47
2020-12-25 21:00:00,17,30,False,47
2020-12-25 22:00:00,17,28,False,45
2020-12-25 23:00:00,16,30,False,46
2020-12-26 00:00:00,14,28,False,42
2020-12-26 01:00:00,14,26,False,40
2020-12-26 02:00:00,12,26,False,38
2020-12-26 03:00:00,13,24,False,37
2020-12-26 04:00:00,12,23,False,35
2020-12-26 05:00:00,13,22,False,35
2020-12-26 06:00:00,13,21,False,34
2020-12-26 07:00:00,14,22,False,36
2020-12-26 08:00:00,15,22,False,37
2020-12-26 09:00:00,15,24,False,39
2020-12-26 10:00:00,15,23,False,38
2020-12-26 11:00:00,14,21,False,35
2020-12-26 12:00:00,13,21,False,34
2020-12-26 13:00:00,13,20,False,33
2020-12-26 14:00:00,13,21,False,34
2020-12-26 15:00:00,14,24,False,38
2020-12-26 16:00:00,15,25,False,40
2020-12-26 17:00:00,14,22,False,36
2020-12-26 18:00:00,14,21,False,35
2020-12-26 19:00:00,14,22,False,36
2020-12-26 20:00:00,15,24,False,39
2020-12-26 21:00:00,18,27,False,45
2020-12-26 22:00:00,18,29,False,47
2020-12-26 23:00:00,16,26,False,42
2020-12-27 00:00:00,14,25,False,39
2020-12-27 01:00:00,14,24,False,38
2020-12-27 02:00:00,12,21,False,33
2020-12-27 03:00:00,12,20,False,32
2020-12-27 04:00:00,12,21,False,33
2020-12-27 05:00:00,12,20,False,32
2020-12-27 06:00:00,14,21,False,35
2020-12-27 07:00:00,15,23,False,38
2020-12-27 08:00:00,17,24,False,41
2020-12-27 09:00:00,17,24,False,41
2020-12-27 10:00:00,17,22,False,39
2020-12-27 11:00:00,19,28,False,47
2020-12-27 12:00:00,17,25,False,42
2020-12-27 13:00:00,15,23,False,38
2020-12-27 14:00:00,14,22,False,36
2020-12-27 15:00:00,14,22,False,36
2020-12-27 16:00:00,14,21,False,35
2020-12-27 17:00:00,13,20,False,33
2020-12-27 18:00:00,14,19,False,33
2020-12-27 19:00:00,15,21,False,36
2020-12-27 20:00:00,15,21,False,36
2020-12-27 21:00:00,15,22,False,37
2020-12-27 22:00:00,14,21,False,35
2020-12-27 23:00:00,13,21,False,34
2020-12-28 00:00:00,13,20,False,33
2020-12-28 01:00:00,12,20,False,32
2020-12-28 02:00:00,12,20,False,32
2020-12-28 03:00:00,12,19,False,31
2020-12-28 04:00:00,12,19,False,31
2020-12-28 05:00:00,13,19,False,32
2020-12-28 06:00:00,14,18,False,32
2020-12-28 07:00:00,14,18,False,32
2020-12-28 08:00:00,15,18,False,33
2020-12-28 09:00:00,14,19,False,33
2020-12-28 10:00:00,14,19,False,33
2020-12-28 11:00:00,13,18,False,31
2020-12-28 12:00:00,12,17,False,29
2020-12-28 13:00:00,12,17,False,29
2020-12-28 14:00:00,12,17,False,29
2020-12-28 15:00:00,12,18,False,30
2020-12-28 16:00:00,12,18,False,30
2020-12-28 17:00:00,13,19,False,32
2020-12-28 18:00:00,14,20,False,34
2020-12-28 19:00:00,14,20,False,34
2020-12-28 20:00:00,14,21,False,35
2020-12-28 21:00:00,16,23,False,39
2020-12-28 22:00:00,24,52,False,76
2020-12-28 23:00:00,32,80,False,112
2020-12-29 00:00:00,25,68,False,93
2020-12-29 01:00:00,26,72,False,98
2020-12-29 02:00:00,20,56,False,76
2020-12-29 03:00:00,25,67,False,92
2020-12-29 04:00:00,24,56,False,80
2020-12-29 05:00:00,22,49,False,71
2020-12-29 06:00:00,23,43,False,66
2020-12-29 07:00:00,26,43,False,69
2020-12-29 08:00:00,25,41,False,66
2020-12-29 09:00:00,29,46,False,75
2020-12-29 10:00:00,26,43,False,69
2020-12-29 11:00:00,37,64,False,101
2020-12-29 12:00:00,32,55,False,87
2020-12-29 13:00:00,28,52,False,80
2020-12-29 14:00:00,27,49,False,76
2020-12-29 15:00:00,32,60,False,92
2020-12-29 16:00:00,34,64,False,98
2020-12-29 17:00:00,33,60,False,93
2020-12-29 18:00:00,29,51,False,80
2020-12-29 19:00:00,24,42,False,66
2020-12-29 20:00:00,23,39,False,62
2020-12-29 21:00:00,23,39,False,62
2020-12-29 22:00:00,21,38,False,59
2020-12-29 23:00:00,19,38,False,57
2020-12-30 00:00:00,17,34,False,51
2020-12-30 00:00:00,48,96,False,144
2020-12-30 01:00:00,44,89,False,133
2020-12-30 02:00:00,48,100,False,148
2020-12-30 03:00:00,45,93,False,138
2020-12-30 04:00:00,50,93,False,143
2020-12-30 05:00:00,50,89,False,139
2020-12-30 06:00:00,52,80,False,132
2020-12-30 07:00:00,57,83,False,140
2020-12-30 08:00:00,56,75,False,131
2020-12-30 09:00:00,48,70,False,118
2020-12-30 10:00:00,49,70,False,119
2020-12-30 11:00:00,48,70,False,118
2020-12-30 12:00:00,43,65,False,108
2020-12-30 13:00:00,42,67,False,109
2020-12-30 14:00:00,46,72,False,118
2020-12-30 15:00:00,48,78,False,126
2020-12-30 16:00:00,45,72,False,117
2020-12-30 17:00:00,42,65,False,107
2020-12-30 18:00:00,43,65,False,108
2020-12-30 19:00:00,46,72,False,118
2020-12-30 20:00:00,54,88,False,142
2020-12-30 21:00:00,51,83,False,134
2020-12-30 22:00:00,45,80,False,125
2020-12-30 23:00:00,45,78,False,123
2020-12-31 00:00:00,42,76,False,118
2020-12-31 01:00:00,36,68,False,104
2020-12-31 02:00:00,34,65,False,99
2020-12-31 03:00:00,36,65,False,101
2020-12-31 04:00:00,36,65,False,101
2020-12-31 05:00:00,37,64,False,101
2020-12-31 06:00:00,39,61,False,100
2020-12-31 07:00:00,40,60,False,100
2020-12-31 08:00:00,41,59,False,100
2020-12-31 09:00:00,38,53,False,91
2020-12-31 10:00:00,38,58,False,96
2020-12-31 11:00:00,36,52,False,88
2020-12-31 12:00:00,34,51,False,85
2020-12-31 13:00:00,31,49,False,80
2020-12-31 14:00:00,31,48,False,79
2020-12-31 15:00:00,30,51,False,81
2020-12-31 16:00:00,30,52,False,82
2020-12-31 17:00:00,32,53,False,85
2020-12-31 18:00:00,33,55,False,88
2020-12-31 19:00:00,34,56,False,90
2020-12-31 20:00:00,34,58,False,92
2020-12-31 21:00:00,36,58,False,94
2020-12-31 22:00:00,33,58,False,91
2020-12-31 23:00:00,31,52,False,83
