date,Ethereum,ETH,isPartial,Number of Posts
1/1/2020 0:00,51,35,FALSE,86
1/1/2020 1:00,52,30,FALSE,82
1/1/2020 2:00,0,0,FALSE,0
1/1/2020 3:00,0,0,FALSE,0
1/1/2020 4:00,0,0,FALSE,0
1/1/2020 5:00,0,0,FALSE,0
1/1/2020 6:00,0,0,FALSE,0
1/1/2020 7:00,0,0,FALSE,0
1/1/2020 8:00,0,0,FALSE,0
1/1/2020 9:00,0,0,FALSE,0
1/1/2020 10:00,52,47,FALSE,99
1/1/2020 11:00,50,45,FALSE,95
1/1/2020 12:00,50,46,FALSE,96
1/1/2020 13:00,50,42,FALSE,92
1/1/2020 14:00,51,42,FALSE,93
1/1/2020 15:00,55,39,FALSE,94
1/1/2020 16:00,51,43,FALSE,94
1/1/2020 17:00,52,43,FALSE,95
1/1/2020 18:00,55,43,FALSE,98
1/1/2020 19:00,56,44,FALSE,100
1/1/2020 20:00,57,41,FALSE,98
1/1/2020 21:00,59,43,FALSE,102
1/1/2020 22:00,66,43,FALSE,109
1/1/2020 23:00,62,41,FALSE,103
1/2/2020 0:00,62,42,FALSE,104
1/2/2020 1:00,62,33,FALSE,95
1/2/2020 2:00,66,36,FALSE,102
1/2/2020 3:00,67,42,FALSE,109
1/2/2020 4:00,62,40,FALSE,102
1/2/2020 5:00,60,42,FALSE,102
1/2/2020 6:00,60,50,FALSE,110
1/2/2020 7:00,59,55,FALSE,114
1/2/2020 8:00,71,55,FALSE,126
1/2/2020 9:00,62,59,FALSE,121
1/2/2020 10:00,56,57,FALSE,113
1/2/2020 11:00,62,52,FALSE,114
1/2/2020 12:00,54,50,FALSE,104
1/2/2020 13:00,56,48,FALSE,104
1/2/2020 14:00,55,48,FALSE,103
1/2/2020 15:00,59,49,FALSE,108
1/2/2020 16:00,53,45,FALSE,98
1/2/2020 17:00,57,45,FALSE,102
1/2/2020 18:00,61,43,FALSE,104
1/2/2020 19:00,59,43,FALSE,102
1/2/2020 20:00,58,45,FALSE,103
1/2/2020 21:00,61,45,FALSE,106
1/2/2020 22:00,68,46,FALSE,114
1/2/2020 23:00,66,44,FALSE,110
1/3/2020 0:00,62,41,FALSE,103
1/3/2020 1:00,60,39,FALSE,99
1/3/2020 2:00,66,36,FALSE,102
1/3/2020 3:00,54,39,FALSE,93
1/3/2020 4:00,59,41,FALSE,100
1/3/2020 5:00,59,44,FALSE,103
1/3/2020 6:00,62,47,FALSE,109
1/3/2020 7:00,56,55,FALSE,111
1/3/2020 8:00,64,58,FALSE,122
1/3/2020 9:00,61,65,FALSE,126
1/3/2020 10:00,60,64,FALSE,124
1/3/2020 11:00,55,54,FALSE,109
1/3/2020 12:00,61,57,FALSE,118
1/3/2020 13:00,58,54,FALSE,112
1/3/2020 14:00,55,52,FALSE,107
1/3/2020 15:00,61,50,FALSE,111
1/3/2020 16:00,58,50,FALSE,108
1/3/2020 17:00,54,46,FALSE,100
1/3/2020 18:00,54,45,FALSE,99
1/3/2020 19:00,57,42,FALSE,99
1/3/2020 20:00,62,41,FALSE,103
1/3/2020 21:00,62,46,FALSE,108
1/3/2020 22:00,64,41,FALSE,105
1/3/2020 23:00,65,47,FALSE,112
1/4/2020 0:00,63,40,FALSE,103
1/4/2020 1:00,52,34,FALSE,86
1/4/2020 2:00,58,36,FALSE,94
1/4/2020 3:00,52,34,FALSE,86
1/4/2020 4:00,58,37,FALSE,95
1/4/2020 5:00,56,40,FALSE,96
1/4/2020 6:00,64,45,FALSE,109
1/4/2020 7:00,62,52,FALSE,114
1/4/2020 8:00,58,50,FALSE,108
1/4/2020 9:00,56,54,FALSE,110
1/4/2020 10:00,53,52,FALSE,105
1/4/2020 11:00,52,44,FALSE,96
1/4/2020 12:00,53,46,FALSE,99
1/4/2020 13:00,49,44,FALSE,93
1/4/2020 14:00,50,46,FALSE,96
1/4/2020 15:00,50,45,FALSE,95
1/4/2020 16:00,49,45,FALSE,94
1/4/2020 17:00,51,40,FALSE,91
1/4/2020 18:00,51,42,FALSE,93
1/4/2020 19:00,52,41,FALSE,93
1/4/2020 20:00,48,42,FALSE,90
1/4/2020 21:00,51,41,FALSE,92
1/4/2020 22:00,57,40,FALSE,97
1/4/2020 23:00,55,42,FALSE,97
1/5/2020 0:00,56,38,FALSE,94
1/5/2020 1:00,59,38,FALSE,97
1/5/2020 2:00,52,33,FALSE,85
1/5/2020 3:00,58,36,FALSE,94
1/5/2020 4:00,56,37,FALSE,93
1/5/2020 5:00,59,43,FALSE,102
1/5/2020 6:00,61,45,FALSE,106
1/5/2020 7:00,59,49,FALSE,108
1/5/2020 8:00,63,53,FALSE,116
1/5/2020 9:00,61,57,FALSE,118
1/5/2020 10:00,56,52,FALSE,108
1/5/2020 11:00,54,56,FALSE,110
1/5/2020 12:00,51,53,FALSE,104
1/5/2020 13:00,54,46,FALSE,100
1/5/2020 14:00,50,48,FALSE,98
1/5/2020 15:00,50,52,FALSE,102
1/5/2020 16:00,59,54,FALSE,113
1/5/2020 17:00,53,48,FALSE,101
1/5/2020 18:00,55,49,FALSE,104
1/5/2020 19:00,54,47,FALSE,101
1/5/2020 20:00,57,47,FALSE,104
1/5/2020 21:00,60,45,FALSE,105
1/5/2020 22:00,62,45,FALSE,107
1/5/2020 23:00,54,44,FALSE,98
1/6/2020 0:00,54,34,FALSE,88
1/6/2020 1:00,52,41,FALSE,93
1/6/2020 2:00,62,41,FALSE,103
1/6/2020 3:00,64,47,FALSE,111
1/6/2020 4:00,66,48,FALSE,114
1/6/2020 5:00,69,49,FALSE,118
1/6/2020 6:00,77,68,FALSE,145
1/6/2020 7:00,66,72,FALSE,138
1/6/2020 8:00,64,82,FALSE,146
1/6/2020 9:00,67,84,FALSE,151
1/6/2020 10:00,63,85,FALSE,148
1/6/2020 11:00,60,70,FALSE,130
1/6/2020 12:00,60,73,FALSE,133
1/6/2020 13:00,64,72,FALSE,136
1/6/2020 14:00,58,67,FALSE,125
1/6/2020 15:00,55,60,FALSE,115
1/6/2020 16:00,59,59,FALSE,118
1/6/2020 17:00,59,53,FALSE,112
1/6/2020 18:00,58,48,FALSE,106
1/6/2020 19:00,58,48,FALSE,106
1/6/2020 20:00,61,51,FALSE,112
1/6/2020 21:00,64,53,FALSE,117
1/6/2020 22:00,82,51,FALSE,133
1/6/2020 23:00,72,49,FALSE,121
1/7/2020 0:00,76,47,FALSE,123
1/7/2020 1:00,74,44,FALSE,118
1/7/2020 2:00,67,44,FALSE,111
1/7/2020 3:00,66,47,FALSE,113
1/7/2020 4:00,64,51,FALSE,115
1/7/2020 5:00,100,61,FALSE,161
1/7/2020 6:00,81,62,FALSE,143
1/7/2020 7:00,71,76,FALSE,147
1/7/2020 8:00,67,77,FALSE,144
1/7/2020 9:00,69,80,FALSE,149
1/7/2020 10:00,66,78,FALSE,144
1/7/2020 11:00,66,70,FALSE,136
1/7/2020 12:00,59,73,FALSE,132
1/7/2020 13:00,61,68,FALSE,129
1/7/2020 14:00,60,67,FALSE,127
1/7/2020 15:00,56,64,FALSE,120
1/7/2020 16:00,57,57,FALSE,114
1/7/2020 17:00,59,48,FALSE,107
1/7/2020 18:00,65,53,FALSE,118
1/7/2020 19:00,64,52,FALSE,116
1/7/2020 20:00,71,53,FALSE,124
1/7/2020 21:00,69,52,FALSE,121
1/7/2020 22:00,75,52,FALSE,127
1/7/2020 23:00,68,46,FALSE,114
1/8/2020 0:00,78,48,FALSE,126
1/8/2020 0:00,70,43,FALSE,113
1/8/2020 1:00,70,45,FALSE,115
1/8/2020 2:00,65,44,FALSE,109
1/8/2020 3:00,63,45,FALSE,108
1/8/2020 4:00,67,45,FALSE,112
1/8/2020 5:00,64,52,FALSE,116
1/8/2020 6:00,73,61,FALSE,134
1/8/2020 7:00,70,67,FALSE,137
1/8/2020 8:00,64,78,FALSE,142
1/8/2020 9:00,65,78,FALSE,143
1/8/2020 10:00,59,70,FALSE,129
1/8/2020 11:00,59,63,FALSE,122
1/8/2020 12:00,53,64,FALSE,117
1/8/2020 13:00,52,64,FALSE,116
1/8/2020 14:00,54,62,FALSE,116
1/8/2020 15:00,53,59,FALSE,112
1/8/2020 16:00,52,56,FALSE,108
1/8/2020 17:00,52,50,FALSE,102
1/8/2020 18:00,49,43,FALSE,92
1/8/2020 19:00,52,45,FALSE,97
1/8/2020 20:00,53,50,FALSE,103
1/8/2020 21:00,56,42,FALSE,98
1/8/2020 22:00,59,46,FALSE,105
1/8/2020 23:00,60,41,FALSE,101
1/9/2020 0:00,53,39,FALSE,92
1/9/2020 1:00,50,33,FALSE,83
1/9/2020 2:00,59,38,FALSE,97
1/9/2020 3:00,56,39,FALSE,95
1/9/2020 4:00,58,43,FALSE,101
1/9/2020 5:00,60,44,FALSE,104
1/9/2020 6:00,62,54,FALSE,116
1/9/2020 7:00,64,66,FALSE,130
1/9/2020 8:00,58,71,FALSE,129
1/9/2020 9:00,59,74,FALSE,133
1/9/2020 10:00,53,67,FALSE,120
1/9/2020 11:00,51,59,FALSE,110
1/9/2020 12:00,44,62,FALSE,106
1/9/2020 13:00,45,61,FALSE,106
1/9/2020 14:00,47,58,FALSE,105
1/9/2020 15:00,46,57,FALSE,103
1/9/2020 16:00,47,50,FALSE,97
1/9/2020 17:00,46,41,FALSE,87
1/9/2020 18:00,46,43,FALSE,89
1/9/2020 19:00,47,40,FALSE,87
1/9/2020 20:00,47,39,FALSE,86
1/9/2020 21:00,48,41,FALSE,89
1/9/2020 22:00,55,38,FALSE,93
1/9/2020 23:00,56,40,FALSE,96
1/10/2020 0:00,54,34,FALSE,88
1/10/2020 1:00,50,36,FALSE,86
1/10/2020 2:00,50,39,FALSE,89
1/10/2020 3:00,50,35,FALSE,85
1/10/2020 4:00,54,35,FALSE,89
1/10/2020 5:00,52,41,FALSE,93
1/10/2020 6:00,52,50,FALSE,102
1/10/2020 7:00,48,57,FALSE,105
1/10/2020 8:00,48,72,FALSE,120
1/10/2020 9:00,50,67,FALSE,117
1/10/2020 10:00,47,63,FALSE,110
1/10/2020 11:00,47,58,FALSE,105
1/10/2020 12:00,46,57,FALSE,103
1/10/2020 13:00,44,57,FALSE,101
1/10/2020 14:00,43,56,FALSE,99
1/10/2020 15:00,48,50,FALSE,98
1/10/2020 16:00,44,47,FALSE,91
1/10/2020 17:00,42,44,FALSE,86
1/10/2020 18:00,52,45,FALSE,97
1/10/2020 19:00,49,44,FALSE,93
1/10/2020 20:00,48,44,FALSE,92
1/10/2020 21:00,52,42,FALSE,94
1/10/2020 22:00,54,42,FALSE,96
1/10/2020 23:00,57,43,FALSE,100
1/11/2020 0:00,56,35,FALSE,91
1/11/2020 1:00,57,33,FALSE,90
1/11/2020 2:00,49,32,FALSE,81
1/11/2020 3:00,54,38,FALSE,92
1/11/2020 4:00,50,34,FALSE,84
1/11/2020 5:00,55,37,FALSE,92
1/11/2020 6:00,48,42,FALSE,90
1/11/2020 7:00,56,47,FALSE,103
1/11/2020 8:00,50,48,FALSE,98
1/11/2020 9:00,50,50,FALSE,100
1/11/2020 10:00,48,48,FALSE,96
1/11/2020 11:00,48,44,FALSE,92
1/11/2020 12:00,46,48,FALSE,94
1/11/2020 13:00,46,43,FALSE,89
1/11/2020 14:00,47,43,FALSE,90
1/11/2020 15:00,39,40,FALSE,79
1/11/2020 16:00,47,41,FALSE,88
1/11/2020 17:00,49,43,FALSE,92
1/11/2020 18:00,49,41,FALSE,90
1/11/2020 19:00,49,38,FALSE,87
1/11/2020 20:00,50,39,FALSE,89
1/11/2020 21:00,49,39,FALSE,88
1/11/2020 22:00,56,39,FALSE,95
1/11/2020 23:00,50,39,FALSE,89
1/12/2020 0:00,47,36,FALSE,83
1/12/2020 1:00,55,34,FALSE,89
1/12/2020 2:00,47,32,FALSE,79
1/12/2020 3:00,54,36,FALSE,90
1/12/2020 4:00,46,32,FALSE,78
1/12/2020 5:00,47,34,FALSE,81
1/12/2020 6:00,55,40,FALSE,95
1/12/2020 7:00,51,43,FALSE,94
1/12/2020 8:00,52,46,FALSE,98
1/12/2020 9:00,48,49,FALSE,97
1/12/2020 10:00,50,49,FALSE,99
1/12/2020 11:00,50,47,FALSE,97
1/12/2020 12:00,44,45,FALSE,89
1/12/2020 13:00,47,45,FALSE,92
1/12/2020 14:00,48,48,FALSE,96
1/12/2020 15:00,46,45,FALSE,91
1/12/2020 16:00,46,43,FALSE,89
1/12/2020 17:00,43,43,FALSE,86
1/12/2020 18:00,44,40,FALSE,84
1/12/2020 19:00,51,43,FALSE,94
1/12/2020 20:00,48,41,FALSE,89
1/12/2020 21:00,57,41,FALSE,98
1/12/2020 22:00,58,42,FALSE,100
1/12/2020 23:00,57,38,FALSE,95
1/13/2020 0:00,54,34,FALSE,88
1/13/2020 1:00,53,35,FALSE,88
1/13/2020 2:00,54,32,FALSE,86
1/13/2020 3:00,51,37,FALSE,88
1/13/2020 4:00,52,36,FALSE,88
1/13/2020 5:00,56,45,FALSE,101
1/13/2020 6:00,60,58,FALSE,118
1/13/2020 7:00,58,65,FALSE,123
1/13/2020 8:00,55,71,FALSE,126
1/13/2020 9:00,56,75,FALSE,131
1/13/2020 10:00,58,72,FALSE,130
1/13/2020 11:00,50,62,FALSE,112
1/13/2020 12:00,47,62,FALSE,109
1/13/2020 13:00,51,62,FALSE,113
1/13/2020 14:00,49,56,FALSE,105
1/13/2020 15:00,47,54,FALSE,101
1/13/2020 16:00,47,49,FALSE,96
1/13/2020 17:00,51,45,FALSE,96
1/13/2020 18:00,47,45,FALSE,92
1/13/2020 19:00,47,44,FALSE,91
1/13/2020 20:00,57,44,FALSE,101
1/13/2020 21:00,55,47,FALSE,102
1/13/2020 22:00,63,39,FALSE,102
1/13/2020 23:00,61,36,FALSE,97
1/14/2020 0:00,54,35,FALSE,89
1/14/2020 1:00,64,36,FALSE,100
1/14/2020 2:00,58,35,FALSE,93
1/14/2020 3:00,60,36,FALSE,96
1/14/2020 4:00,70,45,FALSE,115
1/14/2020 5:00,87,54,FALSE,141
1/14/2020 6:00,76,57,FALSE,133
1/14/2020 7:00,64,72,FALSE,136
1/14/2020 8:00,67,72,FALSE,139
1/14/2020 9:00,66,74,FALSE,140
1/14/2020 10:00,63,76,FALSE,139
1/14/2020 11:00,65,65,FALSE,130
1/14/2020 12:00,64,64,FALSE,128
1/14/2020 13:00,60,65,FALSE,125
1/14/2020 14:00,77,70,FALSE,147
1/14/2020 15:00,73,66,FALSE,139
1/14/2020 16:00,69,60,FALSE,129
1/14/2020 17:00,84,60,FALSE,144
1/14/2020 18:00,100,68,FALSE,168
1/14/2020 19:00,98,63,FALSE,161
1/14/2020 20:00,83,56,FALSE,139
1/14/2020 21:00,88,54,FALSE,142
1/14/2020 22:00,86,57,FALSE,143
1/14/2020 23:00,91,59,FALSE,150
1/15/2020 0:00,92,52,FALSE,144
1/15/2020 0:00,81,47,FALSE,128
1/15/2020 1:00,81,44,FALSE,125
1/15/2020 2:00,77,51,FALSE,128
1/15/2020 3:00,73,46,FALSE,119
1/15/2020 4:00,72,49,FALSE,121
1/15/2020 5:00,72,50,FALSE,122
1/15/2020 6:00,73,61,FALSE,134
1/15/2020 7:00,71,69,FALSE,140
1/15/2020 8:00,72,72,FALSE,144
1/15/2020 9:00,65,76,FALSE,141
1/15/2020 10:00,69,70,FALSE,139
1/15/2020 11:00,67,64,FALSE,131
1/15/2020 12:00,62,62,FALSE,124
1/15/2020 13:00,60,61,FALSE,121
1/15/2020 14:00,60,61,FALSE,121
1/15/2020 15:00,58,57,FALSE,115
1/15/2020 16:00,57,52,FALSE,109
1/15/2020 17:00,59,46,FALSE,105
1/15/2020 18:00,54,42,FALSE,96
1/15/2020 19:00,60,44,FALSE,104
1/15/2020 20:00,58,43,FALSE,101
1/15/2020 21:00,62,43,FALSE,105
1/15/2020 22:00,64,44,FALSE,108
1/15/2020 23:00,74,39,FALSE,113
1/16/2020 0:00,64,34,FALSE,98
1/16/2020 1:00,56,35,FALSE,91
1/16/2020 2:00,54,38,FALSE,92
1/16/2020 3:00,54,37,FALSE,91
1/16/2020 4:00,57,39,FALSE,96
1/16/2020 5:00,63,41,FALSE,104
1/16/2020 6:00,60,49,FALSE,109
1/16/2020 7:00,59,61,FALSE,120
1/16/2020 8:00,63,68,FALSE,131
1/16/2020 9:00,57,68,FALSE,125
1/16/2020 10:00,55,64,FALSE,119
1/16/2020 11:00,52,57,FALSE,109
1/16/2020 12:00,50,57,FALSE,107
1/16/2020 13:00,50,55,FALSE,105
1/16/2020 14:00,47,49,FALSE,96
1/16/2020 15:00,50,52,FALSE,102
1/16/2020 16:00,54,49,FALSE,103
1/16/2020 17:00,55,42,FALSE,97
1/16/2020 18:00,54,42,FALSE,96
1/16/2020 19:00,58,43,FALSE,101
1/16/2020 20:00,58,42,FALSE,100
1/16/2020 21:00,62,48,FALSE,110
1/16/2020 22:00,68,40,FALSE,108
1/16/2020 23:00,57,39,FALSE,96
1/17/2020 0:00,61,35,FALSE,96
1/17/2020 1:00,57,33,FALSE,90
1/17/2020 2:00,55,38,FALSE,93
1/17/2020 3:00,62,37,FALSE,99
1/17/2020 4:00,65,40,FALSE,105
1/17/2020 5:00,86,48,FALSE,134
1/17/2020 6:00,100,59,FALSE,159
1/17/2020 7:00,87,64,FALSE,151
1/17/2020 8:00,82,74,FALSE,156
1/17/2020 9:00,75,73,FALSE,148
1/17/2020 10:00,76,66,FALSE,142
1/17/2020 11:00,70,59,FALSE,129
1/17/2020 12:00,63,59,FALSE,122
1/17/2020 13:00,63,53,FALSE,116
1/17/2020 14:00,60,54,FALSE,114
1/17/2020 15:00,68,50,FALSE,118
1/17/2020 16:00,99,53,FALSE,152
1/17/2020 17:00,78,46,FALSE,124
1/17/2020 18:00,82,49,FALSE,131
1/17/2020 19:00,80,48,FALSE,128
1/17/2020 20:00,69,44,FALSE,113
1/17/2020 21:00,74,43,FALSE,117
1/17/2020 22:00,81,40,FALSE,121
1/17/2020 23:00,76,42,FALSE,118
1/18/2020 0:00,74,38,FALSE,112
1/18/2020 1:00,69,37,FALSE,106
1/18/2020 2:00,64,35,FALSE,99
1/18/2020 3:00,65,40,FALSE,105
1/18/2020 4:00,64,36,FALSE,100
1/18/2020 5:00,60,39,FALSE,99
1/18/2020 6:00,62,47,FALSE,109
1/18/2020 7:00,63,48,FALSE,111
1/18/2020 8:00,61,47,FALSE,108
1/18/2020 9:00,57,49,FALSE,106
1/18/2020 10:00,53,47,FALSE,100
1/18/2020 11:00,51,49,FALSE,100
1/18/2020 12:00,54,46,FALSE,100
1/18/2020 13:00,59,46,FALSE,105
1/18/2020 14:00,72,52,FALSE,124
1/18/2020 15:00,64,49,FALSE,113
1/18/2020 16:00,64,44,FALSE,108
1/18/2020 17:00,61,42,FALSE,103
1/18/2020 18:00,62,42,FALSE,104
1/18/2020 19:00,64,39,FALSE,103
1/18/2020 20:00,66,46,FALSE,112
1/18/2020 21:00,69,40,FALSE,109
1/18/2020 22:00,75,44,FALSE,119
1/18/2020 23:00,71,42,FALSE,113
1/19/2020 0:00,64,38,FALSE,102
1/19/2020 1:00,70,39,FALSE,109
1/19/2020 2:00,67,42,FALSE,109
1/19/2020 3:00,63,40,FALSE,103
1/19/2020 4:00,59,39,FALSE,98
1/19/2020 5:00,64,42,FALSE,106
1/19/2020 6:00,66,45,FALSE,111
1/19/2020 7:00,66,45,FALSE,111
1/19/2020 8:00,66,48,FALSE,114
1/19/2020 9:00,68,50,FALSE,118
1/19/2020 10:00,58,50,FALSE,108
1/19/2020 11:00,62,49,FALSE,111
1/19/2020 12:00,57,48,FALSE,105
1/19/2020 13:00,56,46,FALSE,102
1/19/2020 14:00,49,44,FALSE,93
1/19/2020 15:00,50,42,FALSE,92
1/19/2020 16:00,51,44,FALSE,95
1/19/2020 17:00,51,41,FALSE,92
1/19/2020 18:00,53,42,FALSE,95
1/19/2020 19:00,57,42,FALSE,99
1/19/2020 20:00,54,42,FALSE,96
1/19/2020 21:00,62,40,FALSE,102
1/19/2020 22:00,55,36,FALSE,91
1/19/2020 23:00,59,36,FALSE,95
1/20/2020 0:00,53,32,FALSE,85
1/20/2020 1:00,49,32,FALSE,81
1/20/2020 2:00,49,32,FALSE,81
1/20/2020 3:00,46,33,FALSE,79
1/20/2020 4:00,53,34,FALSE,87
1/20/2020 5:00,57,42,FALSE,99
1/20/2020 6:00,61,49,FALSE,110
1/20/2020 7:00,59,59,FALSE,118
1/20/2020 8:00,58,70,FALSE,128
1/20/2020 9:00,53,68,FALSE,121
1/20/2020 10:00,53,67,FALSE,120
1/20/2020 11:00,51,56,FALSE,107
1/20/2020 12:00,54,59,FALSE,113
1/20/2020 13:00,49,57,FALSE,106
1/20/2020 14:00,48,54,FALSE,102
1/20/2020 15:00,49,51,FALSE,100
1/20/2020 16:00,50,48,FALSE,98
1/20/2020 17:00,49,42,FALSE,91
1/20/2020 18:00,49,42,FALSE,91
1/20/2020 19:00,53,42,FALSE,95
1/20/2020 20:00,54,41,FALSE,95
1/20/2020 21:00,54,41,FALSE,95
1/20/2020 22:00,66,46,FALSE,112
1/20/2020 23:00,61,37,FALSE,98
1/21/2020 0:00,57,34,FALSE,91
1/21/2020 1:00,52,33,FALSE,85
1/21/2020 2:00,55,34,FALSE,89
1/21/2020 3:00,56,35,FALSE,91
1/21/2020 4:00,56,38,FALSE,94
1/21/2020 5:00,76,45,FALSE,121
1/21/2020 6:00,68,55,FALSE,123
1/21/2020 7:00,59,64,FALSE,123
1/21/2020 8:00,54,67,FALSE,121
1/21/2020 9:00,54,66,FALSE,120
1/21/2020 10:00,50,64,FALSE,114
1/21/2020 11:00,51,60,FALSE,111
1/21/2020 12:00,49,58,FALSE,107
1/21/2020 13:00,50,58,FALSE,108
1/21/2020 14:00,47,51,FALSE,98
1/21/2020 15:00,52,52,FALSE,104
1/21/2020 16:00,49,50,FALSE,99
1/21/2020 17:00,51,43,FALSE,94
1/21/2020 18:00,49,40,FALSE,89
1/21/2020 19:00,50,39,FALSE,89
1/21/2020 20:00,49,42,FALSE,91
1/21/2020 21:00,62,42,FALSE,104
1/21/2020 22:00,60,39,FALSE,99
1/21/2020 23:00,59,37,FALSE,96
1/22/2020 0:00,55,34,FALSE,89
1/22/2020 0:00,72,44,FALSE,116
1/22/2020 1:00,64,47,FALSE,111
1/22/2020 2:00,62,45,FALSE,107
1/22/2020 3:00,67,41,FALSE,108
1/22/2020 4:00,71,51,FALSE,122
1/22/2020 5:00,74,52,FALSE,126
1/22/2020 6:00,81,64,FALSE,145
1/22/2020 7:00,83,83,FALSE,166
1/22/2020 8:00,72,84,FALSE,156
1/22/2020 9:00,73,88,FALSE,161
1/22/2020 10:00,68,85,FALSE,153
1/22/2020 11:00,63,68,FALSE,131
1/22/2020 12:00,57,72,FALSE,129
1/22/2020 13:00,62,71,FALSE,133
1/22/2020 14:00,60,65,FALSE,125
1/22/2020 15:00,62,65,FALSE,127
1/22/2020 16:00,60,60,FALSE,120
1/22/2020 17:00,59,51,FALSE,110
1/22/2020 18:00,60,53,FALSE,113
1/22/2020 19:00,60,52,FALSE,112
1/22/2020 20:00,61,50,FALSE,111
1/22/2020 21:00,63,52,FALSE,115
1/22/2020 22:00,73,48,FALSE,121
1/22/2020 23:00,58,46,FALSE,104
1/23/2020 0:00,63,41,FALSE,104
1/23/2020 1:00,67,42,FALSE,109
1/23/2020 2:00,60,37,FALSE,97
1/23/2020 3:00,62,40,FALSE,102
1/23/2020 4:00,68,46,FALSE,114
1/23/2020 5:00,71,51,FALSE,122
1/23/2020 6:00,74,67,FALSE,141
1/23/2020 7:00,70,75,FALSE,145
1/23/2020 8:00,65,84,FALSE,149
1/23/2020 9:00,65,86,FALSE,151
1/23/2020 10:00,64,84,FALSE,148
1/23/2020 11:00,64,69,FALSE,133
1/23/2020 12:00,57,72,FALSE,129
1/23/2020 13:00,55,70,FALSE,125
1/23/2020 14:00,56,65,FALSE,121
1/23/2020 15:00,58,59,FALSE,117
1/23/2020 16:00,57,57,FALSE,114
1/23/2020 17:00,56,52,FALSE,108
1/23/2020 18:00,64,50,FALSE,114
1/23/2020 19:00,62,52,FALSE,114
1/23/2020 20:00,63,51,FALSE,114
1/23/2020 21:00,62,50,FALSE,112
1/23/2020 22:00,66,44,FALSE,110
1/23/2020 23:00,63,42,FALSE,105
1/24/2020 0:00,57,41,FALSE,98
1/24/2020 1:00,56,39,FALSE,95
1/24/2020 2:00,59,33,FALSE,92
1/24/2020 3:00,63,42,FALSE,105
1/24/2020 4:00,61,47,FALSE,108
1/24/2020 5:00,75,51,FALSE,126
1/24/2020 6:00,68,57,FALSE,125
1/24/2020 7:00,65,66,FALSE,131
1/24/2020 8:00,59,77,FALSE,136
1/24/2020 9:00,58,79,FALSE,137
1/24/2020 10:00,63,75,FALSE,138
1/24/2020 11:00,62,67,FALSE,129
1/24/2020 12:00,58,67,FALSE,125
1/24/2020 13:00,54,65,FALSE,119
1/24/2020 14:00,55,55,FALSE,110
1/24/2020 15:00,57,58,FALSE,115
1/24/2020 16:00,55,58,FALSE,113
1/24/2020 17:00,51,45,FALSE,96
1/24/2020 18:00,53,45,FALSE,98
1/24/2020 19:00,56,49,FALSE,105
1/24/2020 20:00,57,46,FALSE,103
1/24/2020 21:00,60,45,FALSE,105
1/24/2020 22:00,62,45,FALSE,107
1/24/2020 23:00,68,40,FALSE,108
1/25/2020 0:00,56,37,FALSE,93
1/25/2020 1:00,52,34,FALSE,86
1/25/2020 2:00,55,36,FALSE,91
1/25/2020 3:00,59,39,FALSE,98
1/25/2020 4:00,52,35,FALSE,87
1/25/2020 5:00,52,43,FALSE,95
1/25/2020 6:00,61,46,FALSE,107
1/25/2020 7:00,55,52,FALSE,107
1/25/2020 8:00,54,54,FALSE,108
1/25/2020 9:00,59,57,FALSE,116
1/25/2020 10:00,52,56,FALSE,108
1/25/2020 11:00,56,53,FALSE,109
1/25/2020 12:00,47,51,FALSE,98
1/25/2020 13:00,56,49,FALSE,105
1/25/2020 14:00,44,48,FALSE,92
1/25/2020 15:00,42,45,FALSE,87
1/25/2020 16:00,50,46,FALSE,96
1/25/2020 17:00,48,44,FALSE,92
1/25/2020 18:00,49,43,FALSE,92
1/25/2020 19:00,51,45,FALSE,96
1/25/2020 20:00,54,41,FALSE,95
1/25/2020 21:00,80,44,FALSE,124
1/25/2020 22:00,69,44,FALSE,113
1/25/2020 23:00,54,41,FALSE,95
1/26/2020 0:00,56,38,FALSE,94
1/26/2020 1:00,57,34,FALSE,91
1/26/2020 2:00,50,38,FALSE,88
1/26/2020 3:00,57,37,FALSE,94
1/26/2020 4:00,54,40,FALSE,94
1/26/2020 5:00,62,36,FALSE,98
1/26/2020 6:00,55,39,FALSE,94
1/26/2020 7:00,54,48,FALSE,102
1/26/2020 8:00,59,54,FALSE,113
1/26/2020 9:00,55,51,FALSE,106
1/26/2020 10:00,52,59,FALSE,111
1/26/2020 11:00,55,53,FALSE,108
1/26/2020 12:00,55,57,FALSE,112
1/26/2020 13:00,56,53,FALSE,109
1/26/2020 14:00,51,52,FALSE,103
1/26/2020 15:00,53,50,FALSE,103
1/26/2020 16:00,53,50,FALSE,103
1/26/2020 17:00,60,53,FALSE,113
1/26/2020 18:00,63,52,FALSE,115
1/26/2020 19:00,54,44,FALSE,98
1/26/2020 20:00,50,41,FALSE,91
1/26/2020 21:00,59,48,FALSE,107
1/26/2020 22:00,59,41,FALSE,100
1/26/2020 23:00,65,39,FALSE,104
1/27/2020 0:00,62,39,FALSE,101
1/27/2020 1:00,58,35,FALSE,93
1/27/2020 2:00,53,35,FALSE,88
1/27/2020 3:00,56,38,FALSE,94
1/27/2020 4:00,62,43,FALSE,105
1/27/2020 5:00,62,49,FALSE,111
1/27/2020 6:00,66,60,FALSE,126
1/27/2020 7:00,67,71,FALSE,138
1/27/2020 8:00,61,73,FALSE,134
1/27/2020 9:00,60,78,FALSE,138
1/27/2020 10:00,63,82,FALSE,145
1/27/2020 11:00,66,70,FALSE,136
1/27/2020 12:00,65,74,FALSE,139
1/27/2020 13:00,64,75,FALSE,139
1/27/2020 14:00,65,66,FALSE,131
1/27/2020 15:00,65,68,FALSE,133
1/27/2020 16:00,73,63,FALSE,136
1/27/2020 17:00,69,53,FALSE,122
1/27/2020 18:00,68,56,FALSE,124
1/27/2020 19:00,71,59,FALSE,130
1/27/2020 20:00,82,56,FALSE,138
1/27/2020 21:00,79,54,FALSE,133
1/27/2020 22:00,88,53,FALSE,141
1/27/2020 23:00,76,47,FALSE,123
1/28/2020 0:00,81,44,FALSE,125
1/28/2020 1:00,85,49,FALSE,134
1/28/2020 2:00,74,49,FALSE,123
1/28/2020 3:00,72,49,FALSE,121
1/28/2020 4:00,84,49,FALSE,133
1/28/2020 5:00,100,58,FALSE,158
1/28/2020 6:00,85,68,FALSE,153
1/28/2020 7:00,79,72,FALSE,151
1/28/2020 8:00,70,80,FALSE,150
1/28/2020 9:00,71,87,FALSE,158
1/28/2020 10:00,77,92,FALSE,169
1/28/2020 11:00,73,75,FALSE,148
1/28/2020 12:00,67,76,FALSE,143
1/28/2020 13:00,62,72,FALSE,134
1/28/2020 14:00,78,74,FALSE,152
1/28/2020 15:00,68,69,FALSE,137
1/28/2020 16:00,67,64,FALSE,131
1/28/2020 17:00,59,53,FALSE,112
1/28/2020 18:00,68,56,FALSE,124
1/28/2020 19:00,69,53,FALSE,122
1/28/2020 20:00,70,55,FALSE,125
1/28/2020 21:00,79,53,FALSE,132
1/28/2020 22:00,86,48,FALSE,134
1/28/2020 23:00,84,53,FALSE,137
1/29/2020 0:00,89,50,FALSE,139
1/29/2020 0:00,80,45,FALSE,125
1/29/2020 1:00,76,42,FALSE,118
1/29/2020 2:00,72,41,FALSE,113
1/29/2020 3:00,74,43,FALSE,117
1/29/2020 4:00,73,45,FALSE,118
1/29/2020 5:00,84,55,FALSE,139
1/29/2020 6:00,100,59,FALSE,159
1/29/2020 7:00,90,71,FALSE,161
1/29/2020 8:00,91,78,FALSE,169
1/29/2020 9:00,81,78,FALSE,159
1/29/2020 10:00,72,77,FALSE,149
1/29/2020 11:00,70,66,FALSE,136
1/29/2020 12:00,66,63,FALSE,129
1/29/2020 13:00,70,69,FALSE,139
1/29/2020 14:00,67,65,FALSE,132
1/29/2020 15:00,66,61,FALSE,127
1/29/2020 16:00,70,60,FALSE,130
1/29/2020 17:00,65,51,FALSE,116
1/29/2020 18:00,67,49,FALSE,116
1/29/2020 19:00,73,51,FALSE,124
1/29/2020 20:00,67,51,FALSE,118
1/29/2020 21:00,75,54,FALSE,129
1/29/2020 22:00,82,47,FALSE,129
1/29/2020 23:00,74,44,FALSE,118
1/30/2020 0:00,69,40,FALSE,109
1/30/2020 1:00,63,37,FALSE,100
1/30/2020 2:00,64,37,FALSE,101
1/30/2020 3:00,65,43,FALSE,108
1/30/2020 4:00,66,45,FALSE,111
1/30/2020 5:00,75,47,FALSE,122
1/30/2020 6:00,73,54,FALSE,127
1/30/2020 7:00,70,70,FALSE,140
1/30/2020 8:00,68,73,FALSE,141
1/30/2020 9:00,65,74,FALSE,139
1/30/2020 10:00,67,77,FALSE,144
1/30/2020 11:00,65,65,FALSE,130
1/30/2020 12:00,62,71,FALSE,133
1/30/2020 13:00,57,64,FALSE,121
1/30/2020 14:00,57,62,FALSE,119
1/30/2020 15:00,59,59,FALSE,118
1/30/2020 16:00,62,58,FALSE,120
1/30/2020 17:00,71,51,FALSE,122
1/30/2020 18:00,72,50,FALSE,122
1/30/2020 19:00,80,54,FALSE,134
1/30/2020 20:00,85,59,FALSE,144
1/30/2020 21:00,89,58,FALSE,147
1/30/2020 22:00,95,54,FALSE,149
1/30/2020 23:00,89,57,FALSE,146
1/31/2020 0:00,77,51,FALSE,128
1/31/2020 1:00,72,43,FALSE,115
1/31/2020 2:00,79,43,FALSE,122
1/31/2020 3:00,78,47,FALSE,125
1/31/2020 4:00,78,48,FALSE,126
1/31/2020 5:00,83,59,FALSE,142
1/31/2020 6:00,79,62,FALSE,141
1/31/2020 7:00,69,62,FALSE,131
1/31/2020 8:00,71,75,FALSE,146
1/31/2020 9:00,75,76,FALSE,151
1/31/2020 10:00,66,72,FALSE,138
1/31/2020 11:00,61,64,FALSE,125
1/31/2020 12:00,62,65,FALSE,127
1/31/2020 13:00,62,61,FALSE,123
1/31/2020 14:00,61,56,FALSE,117
1/31/2020 15:00,62,60,FALSE,122
1/31/2020 16:00,58,53,FALSE,111
1/31/2020 17:00,59,47,FALSE,106
1/31/2020 18:00,61,46,FALSE,107
1/31/2020 19:00,59,46,FALSE,105
1/31/2020 20:00,64,50,FALSE,114
1/31/2020 21:00,68,47,FALSE,115
1/31/2020 22:00,71,47,FALSE,118
1/31/2020 23:00,73,48,FALSE,121
2/1/2020 0:00,65,45,FALSE,110
2/1/2020 1:00,65,36,FALSE,101
2/1/2020 2:00,68,38,FALSE,106
2/1/2020 3:00,61,49,FALSE,110
2/1/2020 4:00,61,42,FALSE,103
2/1/2020 5:00,69,46,FALSE,115
2/1/2020 6:00,72,50,FALSE,122
2/1/2020 7:00,68,56,FALSE,124
2/1/2020 8:00,68,59,FALSE,127
2/1/2020 9:00,64,56,FALSE,120
2/1/2020 10:00,64,55,FALSE,119
2/1/2020 11:00,56,51,FALSE,107
2/1/2020 12:00,54,51,FALSE,105
2/1/2020 13:00,57,51,FALSE,108
2/1/2020 14:00,54,47,FALSE,101
2/1/2020 15:00,56,47,FALSE,103
2/1/2020 16:00,56,46,FALSE,102
2/1/2020 17:00,58,44,FALSE,102
2/1/2020 18:00,56,44,FALSE,100
2/1/2020 19:00,62,44,FALSE,106
2/1/2020 20:00,62,43,FALSE,105
2/1/2020 21:00,75,44,FALSE,119
2/1/2020 22:00,77,46,FALSE,123
2/1/2020 23:00,65,41,FALSE,106
2/2/2020 0:00,61,38,FALSE,99
2/2/2020 1:00,59,37,FALSE,96
2/2/2020 2:00,61,40,FALSE,101
2/2/2020 3:00,56,37,FALSE,93
2/2/2020 4:00,58,37,FALSE,95
2/2/2020 5:00,58,41,FALSE,99
2/2/2020 6:00,69,47,FALSE,116
2/2/2020 7:00,74,55,FALSE,129
2/2/2020 8:00,81,57,FALSE,138
2/2/2020 9:00,75,57,FALSE,132
2/2/2020 10:00,83,67,FALSE,150
2/2/2020 11:00,85,62,FALSE,147
2/2/2020 12:00,81,63,FALSE,144
2/2/2020 13:00,73,61,FALSE,134
2/2/2020 14:00,80,58,FALSE,138
2/2/2020 15:00,71,57,FALSE,128
2/2/2020 16:00,76,60,FALSE,136
2/2/2020 17:00,75,54,FALSE,129
2/2/2020 18:00,77,54,FALSE,131
2/2/2020 19:00,82,55,FALSE,137
2/2/2020 20:00,80,51,FALSE,131
2/2/2020 21:00,83,56,FALSE,139
2/2/2020 22:00,78,52,FALSE,130
2/2/2020 23:00,72,46,FALSE,118
2/3/2020 0:00,61,48,FALSE,109
2/3/2020 1:00,65,44,FALSE,109
2/3/2020 2:00,70,46,FALSE,116
2/3/2020 3:00,67,44,FALSE,111
2/3/2020 4:00,79,49,FALSE,128
2/3/2020 5:00,86,61,FALSE,147
2/3/2020 6:00,86,66,FALSE,152
2/3/2020 7:00,81,73,FALSE,154
2/3/2020 8:00,76,76,FALSE,152
2/3/2020 9:00,76,81,FALSE,157
2/3/2020 10:00,71,79,FALSE,150
2/3/2020 11:00,77,69,FALSE,146
2/3/2020 12:00,68,69,FALSE,137
2/3/2020 13:00,66,68,FALSE,134
2/3/2020 14:00,71,65,FALSE,136
2/3/2020 15:00,70,64,FALSE,134
2/3/2020 16:00,71,61,FALSE,132
2/3/2020 17:00,66,56,FALSE,122
2/3/2020 18:00,70,54,FALSE,124
2/3/2020 19:00,73,50,FALSE,123
2/3/2020 20:00,79,53,FALSE,132
2/3/2020 21:00,81,57,FALSE,138
2/3/2020 22:00,84,52,FALSE,136
2/3/2020 23:00,77,47,FALSE,124
2/4/2020 0:00,69,41,FALSE,110
2/4/2020 1:00,68,42,FALSE,110
2/4/2020 2:00,66,41,FALSE,107
2/4/2020 3:00,70,49,FALSE,119
2/4/2020 4:00,69,48,FALSE,117
2/4/2020 5:00,96,59,FALSE,155
2/4/2020 6:00,81,65,FALSE,146
2/4/2020 7:00,72,70,FALSE,142
2/4/2020 8:00,70,71,FALSE,141
2/4/2020 9:00,67,79,FALSE,146
2/4/2020 10:00,74,74,FALSE,148
2/4/2020 11:00,67,66,FALSE,133
2/4/2020 12:00,65,68,FALSE,133
2/4/2020 13:00,62,69,FALSE,131
2/4/2020 14:00,62,62,FALSE,124
2/4/2020 15:00,63,65,FALSE,128
2/4/2020 16:00,64,59,FALSE,123
2/4/2020 17:00,66,56,FALSE,122
2/4/2020 18:00,63,54,FALSE,117
2/4/2020 19:00,66,51,FALSE,117
2/4/2020 20:00,69,48,FALSE,117
2/4/2020 21:00,68,48,FALSE,116
2/4/2020 22:00,82,47,FALSE,129
2/4/2020 23:00,71,45,FALSE,116
2/5/2020 0:00,64,45,FALSE,109
2/5/2020 0:00,41,29,FALSE,70
2/5/2020 1:00,40,26,FALSE,66
2/5/2020 2:00,39,24,FALSE,63
2/5/2020 3:00,42,28,FALSE,70
2/5/2020 4:00,46,30,FALSE,76
2/5/2020 5:00,49,32,FALSE,81
2/5/2020 6:00,48,43,FALSE,91
2/5/2020 7:00,49,50,FALSE,99
2/5/2020 8:00,45,50,FALSE,95
2/5/2020 9:00,43,51,FALSE,94
2/5/2020 10:00,48,51,FALSE,99
2/5/2020 11:00,51,48,FALSE,99
2/5/2020 12:00,54,48,FALSE,102
2/5/2020 13:00,50,47,FALSE,97
2/5/2020 14:00,51,46,FALSE,97
2/5/2020 15:00,51,45,FALSE,96
2/5/2020 16:00,64,44,FALSE,108
2/5/2020 17:00,61,45,FALSE,106
2/5/2020 18:00,75,47,FALSE,122
2/5/2020 19:00,69,42,FALSE,111
2/5/2020 20:00,65,38,FALSE,103
2/5/2020 21:00,80,43,FALSE,123
2/5/2020 22:00,82,46,FALSE,128
2/5/2020 23:00,68,39,FALSE,107
2/6/2020 0:00,62,35,FALSE,97
2/6/2020 1:00,57,35,FALSE,92
2/6/2020 2:00,60,34,FALSE,94
2/6/2020 3:00,62,37,FALSE,99
2/6/2020 4:00,68,39,FALSE,107
2/6/2020 5:00,67,44,FALSE,111
2/6/2020 6:00,75,49,FALSE,124
2/6/2020 7:00,75,56,FALSE,131
2/6/2020 8:00,74,63,FALSE,137
2/6/2020 9:00,67,61,FALSE,128
2/6/2020 10:00,69,59,FALSE,128
2/6/2020 11:00,62,53,FALSE,115
2/6/2020 12:00,75,55,FALSE,130
2/6/2020 13:00,75,59,FALSE,134
2/6/2020 14:00,69,52,FALSE,121
2/6/2020 15:00,70,52,FALSE,122
2/6/2020 16:00,69,47,FALSE,116
2/6/2020 17:00,64,45,FALSE,109
2/6/2020 18:00,65,42,FALSE,107
2/6/2020 19:00,70,42,FALSE,112
2/6/2020 20:00,73,43,FALSE,116
2/6/2020 21:00,72,43,FALSE,115
2/6/2020 22:00,74,41,FALSE,115
2/6/2020 23:00,70,37,FALSE,107
2/7/2020 0:00,71,40,FALSE,111
2/7/2020 1:00,71,41,FALSE,112
2/7/2020 2:00,78,43,FALSE,121
2/7/2020 3:00,74,46,FALSE,120
2/7/2020 4:00,70,43,FALSE,113
2/7/2020 5:00,82,49,FALSE,131
2/7/2020 6:00,83,52,FALSE,135
2/7/2020 7:00,79,60,FALSE,139
2/7/2020 8:00,73,64,FALSE,137
2/7/2020 9:00,73,61,FALSE,134
2/7/2020 10:00,80,63,FALSE,143
2/7/2020 11:00,81,60,FALSE,141
2/7/2020 12:00,71,56,FALSE,127
2/7/2020 13:00,67,52,FALSE,119
2/7/2020 14:00,72,50,FALSE,122
2/7/2020 15:00,71,51,FALSE,122
2/7/2020 16:00,69,45,FALSE,114
2/7/2020 17:00,71,43,FALSE,114
2/7/2020 18:00,73,42,FALSE,115
2/7/2020 19:00,70,42,FALSE,112
2/7/2020 20:00,72,40,FALSE,112
2/7/2020 21:00,69,40,FALSE,109
2/7/2020 22:00,70,38,FALSE,108
2/7/2020 23:00,74,38,FALSE,112
2/8/2020 0:00,65,38,FALSE,103
2/8/2020 1:00,62,34,FALSE,96
2/8/2020 2:00,58,35,FALSE,93
2/8/2020 3:00,62,32,FALSE,94
2/8/2020 4:00,59,36,FALSE,95
2/8/2020 5:00,57,37,FALSE,94
2/8/2020 6:00,67,39,FALSE,106
2/8/2020 7:00,67,43,FALSE,110
2/8/2020 8:00,67,44,FALSE,111
2/8/2020 9:00,67,44,FALSE,111
2/8/2020 10:00,69,49,FALSE,118
2/8/2020 11:00,66,44,FALSE,110
2/8/2020 12:00,66,42,FALSE,108
2/8/2020 13:00,67,44,FALSE,111
2/8/2020 14:00,68,40,FALSE,108
2/8/2020 15:00,64,40,FALSE,104
2/8/2020 16:00,62,38,FALSE,100
2/8/2020 17:00,63,38,FALSE,101
2/8/2020 18:00,60,36,FALSE,96
2/8/2020 19:00,64,37,FALSE,101
2/8/2020 20:00,65,36,FALSE,101
2/8/2020 21:00,82,38,FALSE,120
2/8/2020 22:00,75,34,FALSE,109
2/8/2020 23:00,63,38,FALSE,101
2/9/2020 0:00,62,34,FALSE,96
2/9/2020 1:00,63,34,FALSE,97
2/9/2020 2:00,59,37,FALSE,96
2/9/2020 3:00,70,37,FALSE,107
2/9/2020 4:00,74,45,FALSE,119
2/9/2020 5:00,73,42,FALSE,115
2/9/2020 6:00,76,48,FALSE,124
2/9/2020 7:00,85,51,FALSE,136
2/9/2020 8:00,81,53,FALSE,134
2/9/2020 9:00,76,49,FALSE,125
2/9/2020 10:00,70,46,FALSE,116
2/9/2020 11:00,66,44,FALSE,110
2/9/2020 12:00,69,44,FALSE,113
2/9/2020 13:00,69,43,FALSE,112
2/9/2020 14:00,65,43,FALSE,108
2/9/2020 15:00,61,42,FALSE,103
2/9/2020 16:00,62,43,FALSE,105
2/9/2020 17:00,64,37,FALSE,101
2/9/2020 18:00,65,38,FALSE,103
2/9/2020 19:00,68,40,FALSE,108
2/9/2020 20:00,67,38,FALSE,105
2/9/2020 21:00,68,37,FALSE,105
2/9/2020 22:00,72,39,FALSE,111
2/9/2020 23:00,72,38,FALSE,110
2/10/2020 0:00,67,37,FALSE,104
2/10/2020 1:00,59,31,FALSE,90
2/10/2020 2:00,57,33,FALSE,90
2/10/2020 3:00,59,37,FALSE,96
2/10/2020 4:00,61,34,FALSE,95
2/10/2020 5:00,72,42,FALSE,114
2/10/2020 6:00,69,47,FALSE,116
2/10/2020 7:00,67,52,FALSE,119
2/10/2020 8:00,70,59,FALSE,129
2/10/2020 9:00,66,60,FALSE,126
2/10/2020 10:00,65,59,FALSE,124
2/10/2020 11:00,64,51,FALSE,115
2/10/2020 12:00,62,54,FALSE,116
2/10/2020 13:00,56,48,FALSE,104
2/10/2020 14:00,60,50,FALSE,110
2/10/2020 15:00,61,49,FALSE,110
2/10/2020 16:00,57,44,FALSE,101
2/10/2020 17:00,58,39,FALSE,97
2/10/2020 18:00,57,37,FALSE,94
2/10/2020 19:00,58,39,FALSE,97
2/10/2020 20:00,65,37,FALSE,102
2/10/2020 21:00,66,38,FALSE,104
2/10/2020 22:00,65,38,FALSE,103
2/10/2020 23:00,62,33,FALSE,95
2/11/2020 0:00,53,33,FALSE,86
2/11/2020 1:00,59,31,FALSE,90
2/11/2020 2:00,50,34,FALSE,84
2/11/2020 3:00,54,32,FALSE,86
2/11/2020 4:00,61,35,FALSE,96
2/11/2020 5:00,77,42,FALSE,119
2/11/2020 6:00,64,44,FALSE,108
2/11/2020 7:00,56,50,FALSE,106
2/11/2020 8:00,54,54,FALSE,108
2/11/2020 9:00,53,51,FALSE,104
2/11/2020 10:00,52,52,FALSE,104
2/11/2020 11:00,52,49,FALSE,101
2/11/2020 12:00,53,49,FALSE,102
2/11/2020 13:00,54,48,FALSE,102
2/11/2020 14:00,53,46,FALSE,99
2/11/2020 15:00,56,51,FALSE,107
2/11/2020 16:00,70,51,FALSE,121
2/11/2020 17:00,81,49,FALSE,130
2/11/2020 18:00,91,50,FALSE,141
2/11/2020 19:00,87,49,FALSE,136
2/11/2020 20:00,92,49,FALSE,141
2/11/2020 21:00,86,52,FALSE,138
2/11/2020 22:00,86,47,FALSE,133
2/11/2020 23:00,80,43,FALSE,123
2/12/2020 0:00,100,52,FALSE,152
2/12/2020 0:00,57,30,FALSE,87
2/12/2020 1:00,56,29,FALSE,85
2/12/2020 2:00,48,26,FALSE,74
2/12/2020 3:00,47,28,FALSE,75
2/12/2020 4:00,50,30,FALSE,80
2/12/2020 5:00,57,32,FALSE,89
2/12/2020 6:00,59,36,FALSE,95
2/12/2020 7:00,69,47,FALSE,116
2/12/2020 8:00,65,45,FALSE,110
2/12/2020 9:00,60,44,FALSE,104
2/12/2020 10:00,61,45,FALSE,106
2/12/2020 11:00,64,41,FALSE,105
2/12/2020 12:00,58,39,FALSE,97
2/12/2020 13:00,60,39,FALSE,99
2/12/2020 14:00,57,37,FALSE,94
2/12/2020 15:00,54,36,FALSE,90
2/12/2020 16:00,56,36,FALSE,92
2/12/2020 17:00,79,43,FALSE,122
2/12/2020 18:00,70,38,FALSE,108
2/12/2020 19:00,68,35,FALSE,103
2/12/2020 20:00,79,36,FALSE,115
2/12/2020 21:00,100,45,FALSE,145
2/12/2020 22:00,80,41,FALSE,121
2/12/2020 23:00,69,35,FALSE,104
2/13/2020 0:00,61,32,FALSE,93
2/13/2020 1:00,60,32,FALSE,92
2/13/2020 2:00,59,34,FALSE,93
2/13/2020 3:00,59,36,FALSE,95
2/13/2020 4:00,64,38,FALSE,102
2/13/2020 5:00,70,39,FALSE,109
2/13/2020 6:00,74,43,FALSE,117
2/13/2020 7:00,70,47,FALSE,117
2/13/2020 8:00,64,46,FALSE,110
2/13/2020 9:00,59,44,FALSE,103
2/13/2020 10:00,57,40,FALSE,97
2/13/2020 11:00,54,35,FALSE,89
2/13/2020 12:00,51,37,FALSE,88
2/13/2020 13:00,58,41,FALSE,99
2/13/2020 14:00,56,37,FALSE,93
2/13/2020 15:00,51,36,FALSE,87
2/13/2020 16:00,53,31,FALSE,84
2/13/2020 17:00,51,29,FALSE,80
2/13/2020 18:00,51,27,FALSE,78
2/13/2020 19:00,52,28,FALSE,80
2/13/2020 20:00,53,30,FALSE,83
2/13/2020 21:00,52,29,FALSE,81
2/13/2020 22:00,52,28,FALSE,80
2/13/2020 23:00,50,27,FALSE,77
2/14/2020 0:00,44,25,FALSE,69
2/14/2020 1:00,40,24,FALSE,64
2/14/2020 2:00,39,23,FALSE,62
2/14/2020 3:00,40,27,FALSE,67
2/14/2020 4:00,44,27,FALSE,71
2/14/2020 5:00,46,27,FALSE,73
2/14/2020 6:00,51,31,FALSE,82
2/14/2020 7:00,49,35,FALSE,84
2/14/2020 8:00,42,33,FALSE,75
2/14/2020 9:00,42,38,FALSE,80
2/14/2020 10:00,46,37,FALSE,83
2/14/2020 11:00,45,33,FALSE,78
2/14/2020 12:00,43,33,FALSE,76
2/14/2020 13:00,43,29,FALSE,72
2/14/2020 14:00,43,30,FALSE,73
2/14/2020 15:00,44,29,FALSE,73
2/14/2020 16:00,47,29,FALSE,76
2/14/2020 17:00,51,29,FALSE,80
2/14/2020 18:00,61,33,FALSE,94
2/14/2020 19:00,61,31,FALSE,92
2/14/2020 20:00,59,31,FALSE,90
2/14/2020 21:00,64,31,FALSE,95
2/14/2020 22:00,64,30,FALSE,94
2/14/2020 23:00,59,30,FALSE,89
2/15/2020 0:00,60,30,FALSE,90
2/15/2020 1:00,49,29,FALSE,78
2/15/2020 2:00,47,25,FALSE,72
2/15/2020 3:00,48,30,FALSE,78
2/15/2020 4:00,50,27,FALSE,77
2/15/2020 5:00,50,29,FALSE,79
2/15/2020 6:00,54,30,FALSE,84
2/15/2020 7:00,53,31,FALSE,84
2/15/2020 8:00,54,31,FALSE,85
2/15/2020 9:00,52,32,FALSE,84
2/15/2020 10:00,53,33,FALSE,86
2/15/2020 11:00,49,30,FALSE,79
2/15/2020 12:00,50,30,FALSE,80
2/15/2020 13:00,46,30,FALSE,76
2/15/2020 14:00,45,28,FALSE,73
2/15/2020 15:00,47,28,FALSE,75
2/15/2020 16:00,53,29,FALSE,82
2/15/2020 17:00,49,29,FALSE,78
2/15/2020 18:00,49,28,FALSE,77
2/15/2020 19:00,45,26,FALSE,71
2/15/2020 20:00,47,24,FALSE,71
2/15/2020 21:00,64,27,FALSE,91
2/15/2020 22:00,51,26,FALSE,77
2/15/2020 23:00,48,23,FALSE,71
2/16/2020 0:00,44,27,FALSE,71
2/16/2020 1:00,41,25,FALSE,66
2/16/2020 2:00,36,21,FALSE,57
2/16/2020 3:00,40,24,FALSE,64
2/16/2020 4:00,40,24,FALSE,64
2/16/2020 5:00,38,25,FALSE,63
2/16/2020 6:00,45,25,FALSE,70
2/16/2020 7:00,46,29,FALSE,75
2/16/2020 8:00,46,29,FALSE,75
2/16/2020 9:00,44,28,FALSE,72
2/16/2020 10:00,43,30,FALSE,73
2/16/2020 11:00,42,29,FALSE,71
2/16/2020 12:00,39,28,FALSE,67
2/16/2020 13:00,43,28,FALSE,71
2/16/2020 14:00,38,27,FALSE,65
2/16/2020 15:00,41,29,FALSE,70
2/16/2020 16:00,54,34,FALSE,88
2/16/2020 17:00,50,30,FALSE,80
2/16/2020 18:00,45,29,FALSE,74
2/16/2020 19:00,45,29,FALSE,74
2/16/2020 20:00,47,30,FALSE,77
2/16/2020 21:00,44,29,FALSE,73
2/16/2020 22:00,44,28,FALSE,72
2/16/2020 23:00,45,26,FALSE,71
2/17/2020 0:00,39,24,FALSE,63
2/17/2020 1:00,36,19,FALSE,55
2/17/2020 2:00,38,24,FALSE,62
2/17/2020 3:00,39,25,FALSE,64
2/17/2020 4:00,49,28,FALSE,77
2/17/2020 5:00,46,29,FALSE,75
2/17/2020 6:00,47,36,FALSE,83
2/17/2020 7:00,45,40,FALSE,85
2/17/2020 8:00,43,45,FALSE,88
2/17/2020 9:00,41,45,FALSE,86
2/17/2020 10:00,42,41,FALSE,83
2/17/2020 11:00,43,38,FALSE,81
2/17/2020 12:00,39,41,FALSE,80
2/17/2020 13:00,39,36,FALSE,75
2/17/2020 14:00,39,36,FALSE,75
2/17/2020 15:00,39,35,FALSE,74
2/17/2020 16:00,39,31,FALSE,70
2/17/2020 17:00,39,29,FALSE,68
2/17/2020 18:00,40,28,FALSE,68
2/17/2020 19:00,39,28,FALSE,67
2/17/2020 20:00,41,27,FALSE,68
2/17/2020 21:00,44,27,FALSE,71
2/17/2020 22:00,52,27,FALSE,79
2/17/2020 23:00,43,24,FALSE,67
2/18/2020 0:00,37,22,FALSE,59
2/18/2020 1:00,40,24,FALSE,64
2/18/2020 2:00,38,24,FALSE,62
2/18/2020 3:00,41,26,FALSE,67
2/18/2020 4:00,44,27,FALSE,71
2/18/2020 5:00,64,34,FALSE,98
2/18/2020 6:00,52,38,FALSE,90
2/18/2020 7:00,44,40,FALSE,84
2/18/2020 8:00,43,45,FALSE,88
2/18/2020 9:00,39,43,FALSE,82
2/18/2020 10:00,38,43,FALSE,81
2/18/2020 11:00,40,38,FALSE,78
2/18/2020 12:00,37,37,FALSE,74
2/18/2020 13:00,35,35,FALSE,70
2/18/2020 14:00,36,35,FALSE,71
2/18/2020 15:00,38,34,FALSE,72
2/18/2020 16:00,46,35,FALSE,81
2/18/2020 17:00,47,32,FALSE,79
2/18/2020 18:00,48,30,FALSE,78
2/18/2020 19:00,50,30,FALSE,80
2/18/2020 20:00,53,32,FALSE,85
2/18/2020 21:00,53,30,FALSE,83
2/18/2020 22:00,47,29,FALSE,76
2/18/2020 23:00,48,26,FALSE,74
2/19/2020 0:00,44,25,FALSE,69
2/19/2020 0:00,91,50,FALSE,141
2/19/2020 1:00,82,47,FALSE,129
2/19/2020 2:00,82,49,FALSE,131
2/19/2020 3:00,83,55,FALSE,138
2/19/2020 4:00,92,54,FALSE,146
2/19/2020 5:00,98,62,FALSE,160
2/19/2020 6:00,93,72,FALSE,165
2/19/2020 7:00,96,83,FALSE,179
2/19/2020 8:00,88,89,FALSE,177
2/19/2020 9:00,88,94,FALSE,182
2/19/2020 10:00,89,86,FALSE,175
2/19/2020 11:00,87,79,FALSE,166
2/19/2020 12:00,83,82,FALSE,165
2/19/2020 13:00,82,75,FALSE,157
2/19/2020 14:00,82,75,FALSE,157
2/19/2020 15:00,82,74,FALSE,156
2/19/2020 16:00,82,67,FALSE,149
2/19/2020 17:00,84,57,FALSE,141
2/19/2020 18:00,79,57,FALSE,136
2/19/2020 19:00,87,55,FALSE,142
2/19/2020 20:00,94,57,FALSE,151
2/19/2020 21:00,97,62,FALSE,159
2/19/2020 22:00,100,60,FALSE,160
2/19/2020 23:00,91,50,FALSE,141
2/20/2020 0:00,76,48,FALSE,124
2/20/2020 1:00,73,44,FALSE,117
2/20/2020 2:00,75,48,FALSE,123
2/20/2020 3:00,71,45,FALSE,116
2/20/2020 4:00,77,53,FALSE,130
2/20/2020 5:00,94,58,FALSE,152
2/20/2020 6:00,88,64,FALSE,152
2/20/2020 7:00,85,82,FALSE,167
2/20/2020 8:00,85,82,FALSE,167
2/20/2020 9:00,80,87,FALSE,167
2/20/2020 10:00,78,81,FALSE,159
2/20/2020 11:00,75,71,FALSE,146
2/20/2020 12:00,74,74,FALSE,148
2/20/2020 13:00,76,74,FALSE,150
2/20/2020 14:00,72,67,FALSE,139
2/20/2020 15:00,68,66,FALSE,134
2/20/2020 16:00,73,59,FALSE,132
2/20/2020 17:00,70,54,FALSE,124
2/20/2020 18:00,72,51,FALSE,123
2/20/2020 19:00,74,48,FALSE,122
2/20/2020 20:00,73,52,FALSE,125
2/20/2020 21:00,77,56,FALSE,133
2/20/2020 22:00,76,49,FALSE,125
2/20/2020 23:00,78,42,FALSE,120
2/21/2020 0:00,65,38,FALSE,103
2/21/2020 1:00,60,39,FALSE,99
2/21/2020 2:00,63,42,FALSE,105
2/21/2020 3:00,62,43,FALSE,105
2/21/2020 4:00,72,45,FALSE,117
2/21/2020 5:00,75,51,FALSE,126
2/21/2020 6:00,83,65,FALSE,148
2/21/2020 7:00,79,78,FALSE,157
2/21/2020 8:00,69,77,FALSE,146
2/21/2020 9:00,70,76,FALSE,146
2/21/2020 10:00,68,76,FALSE,144
2/21/2020 11:00,69,63,FALSE,132
2/21/2020 12:00,69,66,FALSE,135
2/21/2020 13:00,70,63,FALSE,133
2/21/2020 14:00,66,60,FALSE,126
2/21/2020 15:00,67,51,FALSE,118
2/21/2020 16:00,65,50,FALSE,115
2/21/2020 17:00,69,47,FALSE,116
2/21/2020 18:00,68,48,FALSE,116
2/21/2020 19:00,67,45,FALSE,112
2/21/2020 20:00,70,46,FALSE,116
2/21/2020 21:00,68,49,FALSE,117
2/21/2020 22:00,71,41,FALSE,112
2/21/2020 23:00,71,43,FALSE,114
2/22/2020 0:00,63,40,FALSE,103
2/22/2020 1:00,60,36,FALSE,96
2/22/2020 2:00,56,34,FALSE,90
2/22/2020 3:00,64,40,FALSE,104
2/22/2020 4:00,59,38,FALSE,97
2/22/2020 5:00,65,38,FALSE,103
2/22/2020 6:00,65,47,FALSE,112
2/22/2020 7:00,71,49,FALSE,120
2/22/2020 8:00,66,52,FALSE,118
2/22/2020 9:00,61,56,FALSE,117
2/22/2020 10:00,59,47,FALSE,106
2/22/2020 11:00,61,46,FALSE,107
2/22/2020 12:00,57,47,FALSE,104
2/22/2020 13:00,58,43,FALSE,101
2/22/2020 14:00,58,39,FALSE,97
2/22/2020 15:00,55,42,FALSE,97
2/22/2020 16:00,56,40,FALSE,96
2/22/2020 17:00,59,43,FALSE,102
2/22/2020 18:00,57,39,FALSE,96
2/22/2020 19:00,60,38,FALSE,98
2/22/2020 20:00,61,37,FALSE,98
2/22/2020 21:00,62,43,FALSE,105
2/22/2020 22:00,64,37,FALSE,101
2/22/2020 23:00,66,40,FALSE,106
2/23/2020 0:00,60,36,FALSE,96
2/23/2020 1:00,61,33,FALSE,94
2/23/2020 2:00,54,34,FALSE,88
2/23/2020 3:00,58,38,FALSE,96
2/23/2020 4:00,58,40,FALSE,98
2/23/2020 5:00,60,42,FALSE,102
2/23/2020 6:00,71,47,FALSE,118
2/23/2020 7:00,74,47,FALSE,121
2/23/2020 8:00,70,53,FALSE,123
2/23/2020 9:00,72,56,FALSE,128
2/23/2020 10:00,68,55,FALSE,123
2/23/2020 11:00,67,52,FALSE,119
2/23/2020 12:00,62,50,FALSE,112
2/23/2020 13:00,64,47,FALSE,111
2/23/2020 14:00,67,51,FALSE,118
2/23/2020 15:00,62,46,FALSE,108
2/23/2020 16:00,63,46,FALSE,109
2/23/2020 17:00,58,45,FALSE,103
2/23/2020 18:00,65,46,FALSE,111
2/23/2020 19:00,71,45,FALSE,116
2/23/2020 20:00,68,48,FALSE,116
2/23/2020 21:00,74,48,FALSE,122
2/23/2020 22:00,73,44,FALSE,117
2/23/2020 23:00,74,46,FALSE,120
2/24/2020 0:00,70,40,FALSE,110
2/24/2020 1:00,62,41,FALSE,103
2/24/2020 2:00,60,39,FALSE,99
2/24/2020 3:00,70,41,FALSE,111
2/24/2020 4:00,68,43,FALSE,111
2/24/2020 5:00,74,52,FALSE,126
2/24/2020 6:00,70,59,FALSE,129
2/24/2020 7:00,70,70,FALSE,140
2/24/2020 8:00,74,77,FALSE,151
2/24/2020 9:00,63,78,FALSE,141
2/24/2020 10:00,64,72,FALSE,136
2/24/2020 11:00,67,70,FALSE,137
2/24/2020 12:00,68,68,FALSE,136
2/24/2020 13:00,69,67,FALSE,136
2/24/2020 14:00,66,59,FALSE,125
2/24/2020 15:00,64,59,FALSE,123
2/24/2020 16:00,62,54,FALSE,116
2/24/2020 17:00,66,51,FALSE,117
2/24/2020 18:00,70,51,FALSE,121
2/24/2020 19:00,65,51,FALSE,116
2/24/2020 20:00,65,46,FALSE,111
2/24/2020 21:00,69,46,FALSE,115
2/24/2020 22:00,75,48,FALSE,123
2/24/2020 23:00,65,42,FALSE,107
2/25/2020 0:00,61,36,FALSE,97
2/25/2020 1:00,62,36,FALSE,98
2/25/2020 2:00,57,38,FALSE,95
2/25/2020 3:00,62,42,FALSE,104
2/25/2020 4:00,67,40,FALSE,107
2/25/2020 5:00,84,52,FALSE,136
2/25/2020 6:00,78,58,FALSE,136
2/25/2020 7:00,64,70,FALSE,134
2/25/2020 8:00,68,73,FALSE,141
2/25/2020 9:00,62,80,FALSE,142
2/25/2020 10:00,64,74,FALSE,138
2/25/2020 11:00,65,67,FALSE,132
2/25/2020 12:00,60,67,FALSE,127
2/25/2020 13:00,60,63,FALSE,123
2/25/2020 14:00,62,64,FALSE,126
2/25/2020 15:00,63,60,FALSE,123
2/25/2020 16:00,64,55,FALSE,119
2/25/2020 17:00,66,51,FALSE,117
2/25/2020 18:00,61,46,FALSE,107
2/25/2020 19:00,66,47,FALSE,113
2/25/2020 20:00,65,46,FALSE,111
2/25/2020 21:00,68,49,FALSE,117
2/25/2020 22:00,69,46,FALSE,115
2/25/2020 23:00,62,42,FALSE,104
2/26/2020 0:00,63,36,FALSE,99
2/26/2020 0:00,62,36,FALSE,98
2/26/2020 1:00,67,37,FALSE,104
2/26/2020 2:00,69,43,FALSE,112
2/26/2020 3:00,68,45,FALSE,113
2/26/2020 4:00,75,43,FALSE,118
2/26/2020 5:00,78,48,FALSE,126
2/26/2020 6:00,75,57,FALSE,132
2/26/2020 7:00,73,66,FALSE,139
2/26/2020 8:00,76,75,FALSE,151
2/26/2020 9:00,70,78,FALSE,148
2/26/2020 10:00,65,73,FALSE,138
2/26/2020 11:00,69,66,FALSE,135
2/26/2020 12:00,62,64,FALSE,126
2/26/2020 13:00,64,60,FALSE,124
2/26/2020 14:00,67,64,FALSE,131
2/26/2020 15:00,71,64,FALSE,135
2/26/2020 16:00,84,63,FALSE,147
2/26/2020 17:00,81,55,FALSE,136
2/26/2020 18:00,73,49,FALSE,122
2/26/2020 19:00,68,46,FALSE,114
2/26/2020 20:00,68,46,FALSE,114
2/26/2020 21:00,65,45,FALSE,110
2/26/2020 22:00,74,45,FALSE,119
2/26/2020 23:00,67,40,FALSE,107
2/27/2020 0:00,72,42,FALSE,114
2/27/2020 1:00,71,41,FALSE,112
2/27/2020 2:00,62,44,FALSE,106
2/27/2020 3:00,64,46,FALSE,110
2/27/2020 4:00,69,42,FALSE,111
2/27/2020 5:00,74,47,FALSE,121
2/27/2020 6:00,73,60,FALSE,133
2/27/2020 7:00,69,70,FALSE,139
2/27/2020 8:00,69,74,FALSE,143
2/27/2020 9:00,64,73,FALSE,137
2/27/2020 10:00,63,68,FALSE,131
2/27/2020 11:00,66,62,FALSE,128
2/27/2020 12:00,61,63,FALSE,124
2/27/2020 13:00,64,60,FALSE,124
2/27/2020 14:00,61,57,FALSE,118
2/27/2020 15:00,62,58,FALSE,120
2/27/2020 16:00,67,55,FALSE,122
2/27/2020 17:00,67,48,FALSE,115
2/27/2020 18:00,65,46,FALSE,111
2/27/2020 19:00,61,45,FALSE,106
2/27/2020 20:00,63,45,FALSE,108
2/27/2020 21:00,66,45,FALSE,111
2/27/2020 22:00,67,43,FALSE,110
2/27/2020 23:00,69,42,FALSE,111
2/28/2020 0:00,62,39,FALSE,101
2/28/2020 1:00,58,36,FALSE,94
2/28/2020 2:00,60,36,FALSE,96
2/28/2020 3:00,55,40,FALSE,95
2/28/2020 4:00,62,41,FALSE,103
2/28/2020 5:00,66,46,FALSE,112
2/28/2020 6:00,65,51,FALSE,116
2/28/2020 7:00,65,63,FALSE,128
2/28/2020 8:00,68,67,FALSE,135
2/28/2020 9:00,70,69,FALSE,139
2/28/2020 10:00,68,67,FALSE,135
2/28/2020 11:00,65,62,FALSE,127
2/28/2020 12:00,64,61,FALSE,125
2/28/2020 13:00,61,58,FALSE,119
2/28/2020 14:00,57,55,FALSE,112
2/28/2020 15:00,59,50,FALSE,109
2/28/2020 16:00,62,48,FALSE,110
2/28/2020 17:00,57,42,FALSE,99
2/28/2020 18:00,58,42,FALSE,100
2/28/2020 19:00,62,40,FALSE,102
2/28/2020 20:00,59,41,FALSE,100
2/28/2020 21:00,64,38,FALSE,102
2/28/2020 22:00,64,37,FALSE,101
2/28/2020 23:00,66,38,FALSE,104
2/29/2020 0:00,56,36,FALSE,92
2/29/2020 1:00,49,30,FALSE,79
2/29/2020 2:00,51,29,FALSE,80
2/29/2020 3:00,56,38,FALSE,94
2/29/2020 4:00,55,34,FALSE,89
2/29/2020 5:00,55,42,FALSE,97
2/29/2020 6:00,66,43,FALSE,109
2/29/2020 7:00,58,48,FALSE,106
2/29/2020 8:00,56,48,FALSE,104
2/29/2020 9:00,54,50,FALSE,104
2/29/2020 10:00,54,46,FALSE,100
2/29/2020 11:00,54,43,FALSE,97
2/29/2020 12:00,52,42,FALSE,94
2/29/2020 13:00,51,41,FALSE,92
2/29/2020 14:00,48,40,FALSE,88
2/29/2020 15:00,47,39,FALSE,86
2/29/2020 16:00,47,35,FALSE,82
2/29/2020 17:00,46,40,FALSE,86
2/29/2020 18:00,49,36,FALSE,85
2/29/2020 19:00,46,35,FALSE,81
2/29/2020 20:00,50,33,FALSE,83
2/29/2020 21:00,51,34,FALSE,85
2/29/2020 22:00,57,33,FALSE,90
2/29/2020 23:00,55,32,FALSE,87
3/1/2020 0:00,50,32,FALSE,82
3/1/2020 1:00,47,31,FALSE,78
3/1/2020 2:00,42,100,FALSE,142
3/1/2020 3:00,49,33,FALSE,82
3/1/2020 4:00,46,31,FALSE,77
3/1/2020 5:00,50,35,FALSE,85
3/1/2020 6:00,52,37,FALSE,89
3/1/2020 7:00,53,41,FALSE,94
3/1/2020 8:00,52,42,FALSE,94
3/1/2020 9:00,53,41,FALSE,94
3/1/2020 10:00,51,44,FALSE,95
3/1/2020 11:00,54,46,FALSE,100
3/1/2020 12:00,49,46,FALSE,95
3/1/2020 13:00,48,42,FALSE,90
3/1/2020 14:00,51,40,FALSE,91
3/1/2020 15:00,48,39,FALSE,87
3/1/2020 16:00,49,37,FALSE,86
3/1/2020 17:00,52,39,FALSE,91
3/1/2020 18:00,56,39,FALSE,95
3/1/2020 19:00,55,42,FALSE,97
3/1/2020 20:00,56,39,FALSE,95
3/1/2020 21:00,57,42,FALSE,99
3/1/2020 22:00,54,38,FALSE,92
3/1/2020 23:00,52,36,FALSE,88
3/2/2020 0:00,50,32,FALSE,82
3/2/2020 1:00,45,29,FALSE,74
3/2/2020 2:00,50,32,FALSE,82
3/2/2020 3:00,46,35,FALSE,81
3/2/2020 4:00,53,36,FALSE,89
3/2/2020 5:00,56,41,FALSE,97
3/2/2020 6:00,59,49,FALSE,108
3/2/2020 7:00,54,62,FALSE,116
3/2/2020 8:00,58,70,FALSE,128
3/2/2020 9:00,55,70,FALSE,125
3/2/2020 10:00,56,68,FALSE,124
3/2/2020 11:00,59,64,FALSE,123
3/2/2020 12:00,51,63,FALSE,114
3/2/2020 13:00,53,56,FALSE,109
3/2/2020 14:00,53,59,FALSE,112
3/2/2020 15:00,55,56,FALSE,111
3/2/2020 16:00,55,53,FALSE,108
3/2/2020 17:00,60,47,FALSE,107
3/2/2020 18:00,58,46,FALSE,104
3/2/2020 19:00,59,45,FALSE,104
3/2/2020 20:00,55,43,FALSE,98
3/2/2020 21:00,65,44,FALSE,109
3/2/2020 22:00,67,44,FALSE,111
3/2/2020 23:00,57,37,FALSE,94
3/3/2020 0:00,58,33,FALSE,91
3/3/2020 1:00,49,34,FALSE,83
3/3/2020 2:00,52,34,FALSE,86
3/3/2020 3:00,56,39,FALSE,95
3/3/2020 4:00,54,37,FALSE,91
3/3/2020 5:00,73,47,FALSE,120
3/3/2020 6:00,62,53,FALSE,115
3/3/2020 7:00,55,64,FALSE,119
3/3/2020 8:00,52,70,FALSE,122
3/3/2020 9:00,52,73,FALSE,125
3/3/2020 10:00,51,68,FALSE,119
3/3/2020 11:00,55,57,FALSE,112
3/3/2020 12:00,52,59,FALSE,111
3/3/2020 13:00,50,55,FALSE,105
3/3/2020 14:00,54,54,FALSE,108
3/3/2020 15:00,50,54,FALSE,104
3/3/2020 16:00,49,48,FALSE,97
3/3/2020 17:00,49,44,FALSE,93
3/3/2020 18:00,49,40,FALSE,89
3/3/2020 19:00,48,39,FALSE,87
3/3/2020 20:00,53,40,FALSE,93
3/3/2020 21:00,56,41,FALSE,97
3/3/2020 22:00,53,40,FALSE,93
3/3/2020 23:00,50,34,FALSE,84
3/4/2020 0:00,48,31,FALSE,79
3/4/2020 0:00,56,36,FALSE,92
3/4/2020 1:00,49,36,FALSE,85
3/4/2020 2:00,55,38,FALSE,93
3/4/2020 3:00,52,41,FALSE,93
3/4/2020 4:00,62,40,FALSE,102
3/4/2020 5:00,73,52,FALSE,125
3/4/2020 6:00,74,60,FALSE,134
3/4/2020 7:00,65,73,FALSE,138
3/4/2020 8:00,63,77,FALSE,140
3/4/2020 9:00,66,83,FALSE,149
3/4/2020 10:00,63,75,FALSE,138
3/4/2020 11:00,62,71,FALSE,133
3/4/2020 12:00,57,64,FALSE,121
3/4/2020 13:00,58,63,FALSE,121
3/4/2020 14:00,55,62,FALSE,117
3/4/2020 15:00,58,61,FALSE,119
3/4/2020 16:00,56,58,FALSE,114
3/4/2020 17:00,58,50,FALSE,108
3/4/2020 18:00,60,46,FALSE,106
3/4/2020 19:00,57,47,FALSE,104
3/4/2020 20:00,57,49,FALSE,106
3/4/2020 21:00,62,45,FALSE,107
3/4/2020 22:00,61,43,FALSE,104
3/4/2020 23:00,61,40,FALSE,101
3/5/2020 0:00,55,38,FALSE,93
3/5/2020 1:00,50,36,FALSE,86
3/5/2020 2:00,60,40,FALSE,100
3/5/2020 3:00,61,40,FALSE,101
3/5/2020 4:00,64,41,FALSE,105
3/5/2020 5:00,71,51,FALSE,122
3/5/2020 6:00,67,60,FALSE,127
3/5/2020 7:00,63,72,FALSE,135
3/5/2020 8:00,65,74,FALSE,139
3/5/2020 9:00,63,81,FALSE,144
3/5/2020 10:00,61,78,FALSE,139
3/5/2020 11:00,66,71,FALSE,137
3/5/2020 12:00,63,68,FALSE,131
3/5/2020 13:00,61,64,FALSE,125
3/5/2020 14:00,60,62,FALSE,122
3/5/2020 15:00,63,59,FALSE,122
3/5/2020 16:00,57,60,FALSE,117
3/5/2020 17:00,63,49,FALSE,112
3/5/2020 18:00,64,48,FALSE,112
3/5/2020 19:00,60,47,FALSE,107
3/5/2020 20:00,61,48,FALSE,109
3/5/2020 21:00,65,52,FALSE,117
3/5/2020 22:00,64,46,FALSE,110
3/5/2020 23:00,65,41,FALSE,106
3/6/2020 0:00,53,35,FALSE,88
3/6/2020 1:00,51,35,FALSE,86
3/6/2020 2:00,58,39,FALSE,97
3/6/2020 3:00,61,43,FALSE,104
3/6/2020 4:00,65,43,FALSE,108
3/6/2020 5:00,73,51,FALSE,124
3/6/2020 6:00,70,59,FALSE,129
3/6/2020 7:00,67,73,FALSE,140
3/6/2020 8:00,69,76,FALSE,145
3/6/2020 9:00,67,76,FALSE,143
3/6/2020 10:00,64,74,FALSE,138
3/6/2020 11:00,67,65,FALSE,132
3/6/2020 12:00,64,66,FALSE,130
3/6/2020 13:00,61,62,FALSE,123
3/6/2020 14:00,57,56,FALSE,113
3/6/2020 15:00,63,52,FALSE,115
3/6/2020 16:00,60,54,FALSE,114
3/6/2020 17:00,62,48,FALSE,110
3/6/2020 18:00,64,45,FALSE,109
3/6/2020 19:00,64,45,FALSE,109
3/6/2020 20:00,66,47,FALSE,113
3/6/2020 21:00,73,46,FALSE,119
3/6/2020 22:00,72,45,FALSE,117
3/6/2020 23:00,81,47,FALSE,128
3/7/2020 0:00,73,43,FALSE,116
3/7/2020 1:00,63,42,FALSE,105
3/7/2020 2:00,69,35,FALSE,104
3/7/2020 3:00,79,44,FALSE,123
3/7/2020 4:00,70,44,FALSE,114
3/7/2020 5:00,67,43,FALSE,110
3/7/2020 6:00,74,51,FALSE,125
3/7/2020 7:00,72,51,FALSE,123
3/7/2020 8:00,70,55,FALSE,125
3/7/2020 9:00,66,54,FALSE,120
3/7/2020 10:00,70,54,FALSE,124
3/7/2020 11:00,67,52,FALSE,119
3/7/2020 12:00,62,49,FALSE,111
3/7/2020 13:00,63,46,FALSE,109
3/7/2020 14:00,59,45,FALSE,104
3/7/2020 15:00,62,46,FALSE,108
3/7/2020 16:00,69,50,FALSE,119
3/7/2020 17:00,65,47,FALSE,112
3/7/2020 18:00,62,45,FALSE,107
3/7/2020 19:00,59,41,FALSE,100
3/7/2020 20:00,59,41,FALSE,100
3/7/2020 21:00,61,40,FALSE,101
3/7/2020 22:00,64,40,FALSE,104
3/7/2020 23:00,68,36,FALSE,104
3/8/2020 0:00,58,40,FALSE,98
3/8/2020 1:00,61,39,FALSE,100
3/8/2020 2:00,57,34,FALSE,91
3/8/2020 3:00,55,35,FALSE,90
3/8/2020 4:00,53,40,FALSE,93
3/8/2020 5:00,58,40,FALSE,98
3/8/2020 6:00,61,45,FALSE,106
3/8/2020 7:00,66,47,FALSE,113
3/8/2020 8:00,62,44,FALSE,106
3/8/2020 9:00,57,45,FALSE,102
3/8/2020 10:00,56,48,FALSE,104
3/8/2020 11:00,58,47,FALSE,105
3/8/2020 12:00,55,46,FALSE,101
3/8/2020 13:00,59,46,FALSE,105
3/8/2020 14:00,63,48,FALSE,111
3/8/2020 15:00,74,52,FALSE,126
3/8/2020 16:00,81,56,FALSE,137
3/8/2020 17:00,70,48,FALSE,118
3/8/2020 18:00,69,50,FALSE,119
3/8/2020 19:00,70,50,FALSE,120
3/8/2020 20:00,69,49,FALSE,118
3/8/2020 21:00,72,50,FALSE,122
3/8/2020 22:00,75,48,FALSE,123
3/8/2020 23:00,88,51,FALSE,139
3/9/2020 0:00,83,52,FALSE,135
3/9/2020 1:00,70,43,FALSE,113
3/9/2020 2:00,72,44,FALSE,116
3/9/2020 3:00,83,47,FALSE,130
3/9/2020 4:00,99,56,FALSE,155
3/9/2020 5:00,100,66,FALSE,166
3/9/2020 6:00,89,72,FALSE,161
3/9/2020 7:00,91,82,FALSE,173
3/9/2020 8:00,95,85,FALSE,180
3/9/2020 9:00,82,87,FALSE,169
3/9/2020 10:00,84,83,FALSE,167
3/9/2020 11:00,82,77,FALSE,159
3/9/2020 12:00,80,70,FALSE,150
3/9/2020 13:00,84,70,FALSE,154
3/9/2020 14:00,84,75,FALSE,159
3/9/2020 15:00,91,76,FALSE,167
3/9/2020 16:00,84,64,FALSE,148
3/9/2020 17:00,85,58,FALSE,143
3/9/2020 18:00,85,55,FALSE,140
3/9/2020 19:00,85,52,FALSE,137
3/9/2020 20:00,82,54,FALSE,136
3/9/2020 21:00,84,57,FALSE,141
3/9/2020 22:00,88,48,FALSE,136
3/9/2020 23:00,86,49,FALSE,135
3/10/2020 0:00,68,45,FALSE,113
3/10/2020 1:00,68,43,FALSE,111
3/10/2020 2:00,72,42,FALSE,114
3/10/2020 3:00,73,44,FALSE,117
3/10/2020 4:00,75,46,FALSE,121
3/10/2020 5:00,96,61,FALSE,157
3/10/2020 6:00,75,64,FALSE,139
3/10/2020 7:00,76,71,FALSE,147
3/10/2020 8:00,75,76,FALSE,151
3/10/2020 9:00,75,82,FALSE,157
3/10/2020 10:00,69,73,FALSE,142
3/10/2020 11:00,71,69,FALSE,140
3/10/2020 12:00,67,67,FALSE,134
3/10/2020 13:00,63,64,FALSE,127
3/10/2020 14:00,64,62,FALSE,126
3/10/2020 15:00,64,60,FALSE,124
3/10/2020 16:00,65,55,FALSE,120
3/10/2020 17:00,66,49,FALSE,115
3/10/2020 18:00,62,51,FALSE,113
3/10/2020 19:00,63,48,FALSE,111
3/10/2020 20:00,63,47,FALSE,110
3/10/2020 21:00,66,51,FALSE,117
3/10/2020 22:00,69,42,FALSE,111
3/10/2020 23:00,64,42,FALSE,106
3/11/2020 0:00,56,37,FALSE,93
3/11/2020 0:00,28,19,FALSE,47
3/11/2020 1:00,26,20,FALSE,46
3/11/2020 2:00,29,19,FALSE,48
3/11/2020 3:00,31,22,FALSE,53
3/11/2020 4:00,33,21,FALSE,54
3/11/2020 5:00,33,25,FALSE,58
3/11/2020 6:00,37,28,FALSE,65
3/11/2020 7:00,33,34,FALSE,67
3/11/2020 8:00,31,38,FALSE,69
3/11/2020 9:00,29,37,FALSE,66
3/11/2020 10:00,31,34,FALSE,65
3/11/2020 11:00,32,30,FALSE,62
3/11/2020 12:00,30,30,FALSE,60
3/11/2020 13:00,29,30,FALSE,59
3/11/2020 14:00,29,26,FALSE,55
3/11/2020 15:00,31,29,FALSE,60
3/11/2020 16:00,29,27,FALSE,56
3/11/2020 17:00,32,26,FALSE,58
3/11/2020 18:00,36,26,FALSE,62
3/11/2020 19:00,31,24,FALSE,55
3/11/2020 20:00,30,24,FALSE,54
3/11/2020 21:00,31,23,FALSE,54
3/11/2020 22:00,32,20,FALSE,52
3/11/2020 23:00,32,20,FALSE,52
3/12/2020 0:00,29,19,FALSE,48
3/12/2020 1:00,28,18,FALSE,46
3/12/2020 2:00,30,22,FALSE,52
3/12/2020 3:00,33,22,FALSE,55
3/12/2020 4:00,40,27,FALSE,67
3/12/2020 5:00,40,29,FALSE,69
3/12/2020 6:00,43,34,FALSE,77
3/12/2020 7:00,44,42,FALSE,86
3/12/2020 8:00,46,44,FALSE,90
3/12/2020 9:00,43,44,FALSE,87
3/12/2020 10:00,57,53,FALSE,110
3/12/2020 11:00,76,60,FALSE,136
3/12/2020 12:00,69,55,FALSE,124
3/12/2020 13:00,69,53,FALSE,122
3/12/2020 14:00,68,47,FALSE,115
3/12/2020 15:00,59,44,FALSE,103
3/12/2020 16:00,56,40,FALSE,96
3/12/2020 17:00,56,37,FALSE,93
3/12/2020 18:00,56,34,FALSE,90
3/12/2020 19:00,53,34,FALSE,87
3/12/2020 20:00,63,74,FALSE,137
3/12/2020 21:00,67,75,FALSE,142
3/12/2020 22:00,64,51,FALSE,115
3/12/2020 23:00,83,56,FALSE,139
3/13/2020 0:00,86,54,FALSE,140
3/13/2020 1:00,78,49,FALSE,127
3/13/2020 2:00,100,64,FALSE,164
3/13/2020 3:00,80,55,FALSE,135
3/13/2020 4:00,79,52,FALSE,131
3/13/2020 5:00,84,57,FALSE,141
3/13/2020 6:00,80,65,FALSE,145
3/13/2020 7:00,74,69,FALSE,143
3/13/2020 8:00,70,68,FALSE,138
3/13/2020 9:00,68,59,FALSE,127
3/13/2020 10:00,63,56,FALSE,119
3/13/2020 11:00,61,49,FALSE,110
3/13/2020 12:00,59,45,FALSE,104
3/13/2020 13:00,59,43,FALSE,102
3/13/2020 14:00,54,41,FALSE,95
3/13/2020 15:00,55,42,FALSE,97
3/13/2020 16:00,55,38,FALSE,93
3/13/2020 17:00,50,35,FALSE,85
3/13/2020 18:00,54,31,FALSE,85
3/13/2020 19:00,54,32,FALSE,86
3/13/2020 20:00,58,32,FALSE,90
3/13/2020 21:00,56,33,FALSE,89
3/13/2020 22:00,58,30,FALSE,88
3/13/2020 23:00,59,32,FALSE,91
3/14/2020 0:00,52,27,FALSE,79
3/14/2020 1:00,45,27,FALSE,72
3/14/2020 2:00,45,27,FALSE,72
3/14/2020 3:00,47,29,FALSE,76
3/14/2020 4:00,45,28,FALSE,73
3/14/2020 5:00,49,32,FALSE,81
3/14/2020 6:00,50,32,FALSE,82
3/14/2020 7:00,48,33,FALSE,81
3/14/2020 8:00,48,31,FALSE,79
3/14/2020 9:00,45,33,FALSE,78
3/14/2020 10:00,46,34,FALSE,80
3/14/2020 11:00,45,33,FALSE,78
3/14/2020 12:00,43,29,FALSE,72
3/14/2020 13:00,42,30,FALSE,72
3/14/2020 14:00,53,37,FALSE,90
3/14/2020 15:00,43,29,FALSE,72
3/14/2020 16:00,40,26,FALSE,66
3/14/2020 17:00,40,25,FALSE,65
3/14/2020 18:00,42,25,FALSE,67
3/14/2020 19:00,42,24,FALSE,66
3/14/2020 20:00,42,26,FALSE,68
3/14/2020 21:00,42,24,FALSE,66
3/14/2020 22:00,48,26,FALSE,74
3/14/2020 23:00,47,26,FALSE,73
3/15/2020 0:00,44,24,FALSE,68
3/15/2020 1:00,44,24,FALSE,68
3/15/2020 2:00,41,21,FALSE,62
3/15/2020 3:00,41,25,FALSE,66
3/15/2020 4:00,41,23,FALSE,64
3/15/2020 5:00,41,25,FALSE,66
3/15/2020 6:00,46,30,FALSE,76
3/15/2020 7:00,44,31,FALSE,75
3/15/2020 8:00,45,32,FALSE,77
3/15/2020 9:00,43,29,FALSE,72
3/15/2020 10:00,42,33,FALSE,75
3/15/2020 11:00,43,28,FALSE,71
3/15/2020 12:00,42,27,FALSE,69
3/15/2020 13:00,41,25,FALSE,66
3/15/2020 14:00,39,26,FALSE,65
3/15/2020 15:00,37,26,FALSE,63
3/15/2020 16:00,35,24,FALSE,59
3/15/2020 17:00,37,24,FALSE,61
3/15/2020 18:00,38,25,FALSE,63
3/15/2020 19:00,37,27,FALSE,64
3/15/2020 20:00,39,25,FALSE,64
3/15/2020 21:00,41,26,FALSE,67
3/15/2020 22:00,43,25,FALSE,68
3/15/2020 23:00,40,24,FALSE,64
3/16/2020 0:00,38,23,FALSE,61
3/16/2020 1:00,39,21,FALSE,60
3/16/2020 2:00,33,22,FALSE,55
3/16/2020 3:00,35,23,FALSE,58
3/16/2020 4:00,40,23,FALSE,63
3/16/2020 5:00,41,30,FALSE,71
3/16/2020 6:00,47,38,FALSE,85
3/16/2020 7:00,51,45,FALSE,96
3/16/2020 8:00,53,48,FALSE,101
3/16/2020 9:00,51,43,FALSE,94
3/16/2020 10:00,56,43,FALSE,99
3/16/2020 11:00,56,42,FALSE,98
3/16/2020 12:00,51,41,FALSE,92
3/16/2020 13:00,52,36,FALSE,88
3/16/2020 14:00,46,37,FALSE,83
3/16/2020 15:00,46,33,FALSE,79
3/16/2020 16:00,43,32,FALSE,75
3/16/2020 17:00,43,29,FALSE,72
3/16/2020 18:00,45,26,FALSE,71
3/16/2020 19:00,44,28,FALSE,72
3/16/2020 20:00,50,30,FALSE,80
3/16/2020 21:00,50,29,FALSE,79
3/16/2020 22:00,55,29,FALSE,84
3/16/2020 23:00,46,26,FALSE,72
3/17/2020 0:00,44,23,FALSE,67
3/17/2020 1:00,44,24,FALSE,68
3/17/2020 2:00,40,24,FALSE,64
3/17/2020 3:00,42,24,FALSE,66
3/17/2020 4:00,45,25,FALSE,70
3/17/2020 5:00,53,33,FALSE,86
3/17/2020 6:00,49,32,FALSE,81
3/17/2020 7:00,45,37,FALSE,82
3/17/2020 8:00,44,38,FALSE,82
3/17/2020 9:00,41,37,FALSE,78
3/17/2020 10:00,41,35,FALSE,76
3/17/2020 11:00,41,31,FALSE,72
3/17/2020 12:00,40,31,FALSE,71
3/17/2020 13:00,41,31,FALSE,72
3/17/2020 14:00,38,30,FALSE,68
3/17/2020 15:00,40,29,FALSE,69
3/17/2020 16:00,39,26,FALSE,65
3/17/2020 17:00,38,25,FALSE,63
3/17/2020 18:00,38,25,FALSE,63
3/17/2020 19:00,40,23,FALSE,63
3/17/2020 20:00,41,25,FALSE,66
3/17/2020 21:00,42,24,FALSE,66
3/17/2020 22:00,41,22,FALSE,63
3/17/2020 23:00,41,21,FALSE,62
3/18/2020 0:00,35,19,FALSE,54
3/18/2020 0:00,69,37,FALSE,106
3/18/2020 1:00,66,39,FALSE,105
3/18/2020 2:00,68,41,FALSE,109
3/18/2020 3:00,64,38,FALSE,102
3/18/2020 4:00,78,45,FALSE,123
3/18/2020 5:00,79,52,FALSE,131
3/18/2020 6:00,78,56,FALSE,134
3/18/2020 7:00,77,64,FALSE,141
3/18/2020 8:00,80,66,FALSE,146
3/18/2020 9:00,70,69,FALSE,139
3/18/2020 10:00,72,63,FALSE,135
3/18/2020 11:00,76,55,FALSE,131
3/18/2020 12:00,69,57,FALSE,126
3/18/2020 13:00,71,57,FALSE,128
3/18/2020 14:00,72,57,FALSE,129
3/18/2020 15:00,67,50,FALSE,117
3/18/2020 16:00,67,48,FALSE,115
3/18/2020 17:00,71,45,FALSE,116
3/18/2020 18:00,77,42,FALSE,119
3/18/2020 19:00,78,46,FALSE,124
3/18/2020 20:00,76,46,FALSE,122
3/18/2020 21:00,78,45,FALSE,123
3/18/2020 22:00,75,42,FALSE,117
3/18/2020 23:00,78,41,FALSE,119
3/19/2020 0:00,69,39,FALSE,108
3/19/2020 1:00,65,38,FALSE,103
3/19/2020 2:00,63,41,FALSE,104
3/19/2020 3:00,66,38,FALSE,104
3/19/2020 4:00,73,42,FALSE,115
3/19/2020 5:00,73,53,FALSE,126
3/19/2020 6:00,74,55,FALSE,129
3/19/2020 7:00,75,62,FALSE,137
3/19/2020 8:00,74,63,FALSE,137
3/19/2020 9:00,73,69,FALSE,142
3/19/2020 10:00,78,66,FALSE,144
3/19/2020 11:00,78,58,FALSE,136
3/19/2020 12:00,85,67,FALSE,152
3/19/2020 13:00,82,62,FALSE,144
3/19/2020 14:00,72,61,FALSE,133
3/19/2020 15:00,76,58,FALSE,134
3/19/2020 16:00,92,59,FALSE,151
3/19/2020 17:00,91,56,FALSE,147
3/19/2020 18:00,88,55,FALSE,143
3/19/2020 19:00,84,51,FALSE,135
3/19/2020 20:00,88,50,FALSE,138
3/19/2020 21:00,90,51,FALSE,141
3/19/2020 22:00,100,53,FALSE,153
3/19/2020 23:00,85,46,FALSE,131
3/20/2020 0:00,79,44,FALSE,123
3/20/2020 1:00,76,43,FALSE,119
3/20/2020 2:00,76,41,FALSE,117
3/20/2020 3:00,69,47,FALSE,116
3/20/2020 4:00,81,43,FALSE,124
3/20/2020 5:00,88,56,FALSE,144
3/20/2020 6:00,87,60,FALSE,147
3/20/2020 7:00,89,66,FALSE,155
3/20/2020 8:00,96,75,FALSE,171
3/20/2020 9:00,97,79,FALSE,176
3/20/2020 10:00,99,74,FALSE,173
3/20/2020 11:00,91,66,FALSE,157
3/20/2020 12:00,84,58,FALSE,142
3/20/2020 13:00,81,58,FALSE,139
3/20/2020 14:00,77,53,FALSE,130
3/20/2020 15:00,77,52,FALSE,129
3/20/2020 16:00,74,48,FALSE,122
3/20/2020 17:00,78,44,FALSE,122
3/20/2020 18:00,80,42,FALSE,122
3/20/2020 19:00,80,44,FALSE,124
3/20/2020 20:00,88,47,FALSE,135
3/20/2020 21:00,81,47,FALSE,128
3/20/2020 22:00,83,40,FALSE,123
3/20/2020 23:00,78,42,FALSE,120
3/21/2020 0:00,67,38,FALSE,105
3/21/2020 1:00,67,40,FALSE,107
3/21/2020 2:00,77,40,FALSE,117
3/21/2020 3:00,65,40,FALSE,105
3/21/2020 4:00,69,43,FALSE,112
3/21/2020 5:00,72,45,FALSE,117
3/21/2020 6:00,78,48,FALSE,126
3/21/2020 7:00,74,53,FALSE,127
3/21/2020 8:00,72,52,FALSE,124
3/21/2020 9:00,78,52,FALSE,130
3/21/2020 10:00,73,54,FALSE,127
3/21/2020 11:00,77,52,FALSE,129
3/21/2020 12:00,71,47,FALSE,118
3/21/2020 13:00,69,48,FALSE,117
3/21/2020 14:00,70,44,FALSE,114
3/21/2020 15:00,66,46,FALSE,112
3/21/2020 16:00,62,39,FALSE,101
3/21/2020 17:00,63,37,FALSE,100
3/21/2020 18:00,66,37,FALSE,103
3/21/2020 19:00,65,39,FALSE,104
3/21/2020 20:00,69,39,FALSE,108
3/21/2020 21:00,70,41,FALSE,111
3/21/2020 22:00,69,35,FALSE,104
3/21/2020 23:00,68,35,FALSE,103
3/22/2020 0:00,64,39,FALSE,103
3/22/2020 1:00,59,38,FALSE,97
3/22/2020 2:00,64,38,FALSE,102
3/22/2020 3:00,61,38,FALSE,99
3/22/2020 4:00,65,43,FALSE,108
3/22/2020 5:00,69,45,FALSE,114
3/22/2020 6:00,65,45,FALSE,110
3/22/2020 7:00,70,49,FALSE,119
3/22/2020 8:00,70,49,FALSE,119
3/22/2020 9:00,64,50,FALSE,114
3/22/2020 10:00,65,48,FALSE,113
3/22/2020 11:00,66,50,FALSE,116
3/22/2020 12:00,66,45,FALSE,111
3/22/2020 13:00,61,46,FALSE,107
3/22/2020 14:00,61,42,FALSE,103
3/22/2020 15:00,63,50,FALSE,113
3/22/2020 16:00,58,41,FALSE,99
3/22/2020 17:00,61,41,FALSE,102
3/22/2020 18:00,65,38,FALSE,103
3/22/2020 19:00,66,40,FALSE,106
3/22/2020 20:00,72,44,FALSE,116
3/22/2020 21:00,70,38,FALSE,108
3/22/2020 22:00,65,42,FALSE,107
3/22/2020 23:00,74,42,FALSE,116
3/23/2020 0:00,65,38,FALSE,103
3/23/2020 1:00,59,31,FALSE,90
3/23/2020 2:00,63,37,FALSE,100
3/23/2020 3:00,56,38,FALSE,94
3/23/2020 4:00,70,44,FALSE,114
3/23/2020 5:00,67,48,FALSE,115
3/23/2020 6:00,67,54,FALSE,121
3/23/2020 7:00,65,58,FALSE,123
3/23/2020 8:00,62,63,FALSE,125
3/23/2020 9:00,67,69,FALSE,136
3/23/2020 10:00,65,58,FALSE,123
3/23/2020 11:00,66,55,FALSE,121
3/23/2020 12:00,67,58,FALSE,125
3/23/2020 13:00,65,53,FALSE,118
3/23/2020 14:00,65,52,FALSE,117
3/23/2020 15:00,63,48,FALSE,111
3/23/2020 16:00,60,45,FALSE,105
3/23/2020 17:00,65,40,FALSE,105
3/23/2020 18:00,63,38,FALSE,101
3/23/2020 19:00,61,42,FALSE,103
3/23/2020 20:00,69,43,FALSE,112
3/23/2020 21:00,71,41,FALSE,112
3/23/2020 22:00,79,38,FALSE,117
3/23/2020 23:00,74,38,FALSE,112
3/24/2020 0:00,69,41,FALSE,110
3/24/2020 1:00,66,36,FALSE,102
3/24/2020 2:00,65,38,FALSE,103
3/24/2020 3:00,62,40,FALSE,102
3/24/2020 4:00,69,41,FALSE,110
3/24/2020 5:00,87,49,FALSE,136
3/24/2020 6:00,76,51,FALSE,127
3/24/2020 7:00,67,65,FALSE,132
3/24/2020 8:00,74,69,FALSE,143
3/24/2020 9:00,71,62,FALSE,133
3/24/2020 10:00,70,59,FALSE,129
3/24/2020 11:00,69,52,FALSE,121
3/24/2020 12:00,69,55,FALSE,124
3/24/2020 13:00,64,52,FALSE,116
3/24/2020 14:00,62,49,FALSE,111
3/24/2020 15:00,67,46,FALSE,113
3/24/2020 16:00,62,43,FALSE,105
3/24/2020 17:00,64,43,FALSE,107
3/24/2020 18:00,64,40,FALSE,104
3/24/2020 19:00,66,40,FALSE,106
3/24/2020 20:00,71,42,FALSE,113
3/24/2020 21:00,70,39,FALSE,109
3/24/2020 22:00,68,38,FALSE,106
3/24/2020 23:00,69,38,FALSE,107
3/25/2020 0:00,62,38,FALSE,100
3/25/2020 0:00,88,53,FALSE,141
3/25/2020 1:00,90,48,FALSE,138
3/25/2020 2:00,85,48,FALSE,133
3/25/2020 3:00,85,50,FALSE,135
3/25/2020 4:00,87,51,FALSE,138
3/25/2020 5:00,97,57,FALSE,154
3/25/2020 6:00,96,70,FALSE,166
3/25/2020 7:00,95,79,FALSE,174
3/25/2020 8:00,93,81,FALSE,174
3/25/2020 9:00,89,84,FALSE,173
3/25/2020 10:00,86,80,FALSE,166
3/25/2020 11:00,86,68,FALSE,154
3/25/2020 12:00,83,75,FALSE,158
3/25/2020 13:00,81,67,FALSE,148
3/25/2020 14:00,81,68,FALSE,149
3/25/2020 15:00,78,63,FALSE,141
3/25/2020 16:00,79,61,FALSE,140
3/25/2020 17:00,81,59,FALSE,140
3/25/2020 18:00,80,59,FALSE,139
3/25/2020 19:00,87,52,FALSE,139
3/25/2020 20:00,85,55,FALSE,140
3/25/2020 21:00,78,58,FALSE,136
3/25/2020 22:00,82,56,FALSE,138
3/25/2020 23:00,90,48,FALSE,138
3/26/2020 0:00,87,46,FALSE,133
3/26/2020 1:00,89,51,FALSE,140
3/26/2020 2:00,93,49,FALSE,142
3/26/2020 3:00,81,53,FALSE,134
3/26/2020 4:00,84,53,FALSE,137
3/26/2020 5:00,93,61,FALSE,154
3/26/2020 6:00,94,68,FALSE,162
3/26/2020 7:00,83,83,FALSE,166
3/26/2020 8:00,84,78,FALSE,162
3/26/2020 9:00,82,82,FALSE,164
3/26/2020 10:00,81,75,FALSE,156
3/26/2020 11:00,86,70,FALSE,156
3/26/2020 12:00,82,67,FALSE,149
3/26/2020 13:00,84,66,FALSE,150
3/26/2020 14:00,81,67,FALSE,148
3/26/2020 15:00,84,67,FALSE,151
3/26/2020 16:00,81,61,FALSE,142
3/26/2020 17:00,80,54,FALSE,134
3/26/2020 18:00,86,58,FALSE,144
3/26/2020 19:00,82,51,FALSE,133
3/26/2020 20:00,87,54,FALSE,141
3/26/2020 21:00,90,55,FALSE,145
3/26/2020 22:00,89,50,FALSE,139
3/26/2020 23:00,93,50,FALSE,143
3/27/2020 0:00,95,54,FALSE,149
3/27/2020 1:00,87,50,FALSE,137
3/27/2020 2:00,88,51,FALSE,139
3/27/2020 3:00,92,50,FALSE,142
3/27/2020 4:00,96,51,FALSE,147
3/27/2020 5:00,92,60,FALSE,152
3/27/2020 6:00,87,64,FALSE,151
3/27/2020 7:00,85,81,FALSE,166
3/27/2020 8:00,83,80,FALSE,163
3/27/2020 9:00,80,76,FALSE,156
3/27/2020 10:00,81,70,FALSE,151
3/27/2020 11:00,79,61,FALSE,140
3/27/2020 12:00,70,62,FALSE,132
3/27/2020 13:00,73,63,FALSE,136
3/27/2020 14:00,74,61,FALSE,135
3/27/2020 15:00,73,60,FALSE,133
3/27/2020 16:00,76,51,FALSE,127
3/27/2020 17:00,74,54,FALSE,128
3/27/2020 18:00,76,50,FALSE,126
3/27/2020 19:00,76,46,FALSE,122
3/27/2020 20:00,81,46,FALSE,127
3/27/2020 21:00,89,54,FALSE,143
3/27/2020 22:00,82,51,FALSE,133
3/27/2020 23:00,83,51,FALSE,134
3/28/2020 0:00,91,49,FALSE,140
3/28/2020 1:00,87,47,FALSE,134
3/28/2020 2:00,85,46,FALSE,131
3/28/2020 3:00,83,59,FALSE,142
3/28/2020 4:00,85,52,FALSE,137
3/28/2020 5:00,82,56,FALSE,138
3/28/2020 6:00,81,63,FALSE,144
3/28/2020 7:00,88,66,FALSE,154
3/28/2020 8:00,92,60,FALSE,152
3/28/2020 9:00,85,66,FALSE,151
3/28/2020 10:00,81,67,FALSE,148
3/28/2020 11:00,78,60,FALSE,138
3/28/2020 12:00,81,56,FALSE,137
3/28/2020 13:00,82,56,FALSE,138
3/28/2020 14:00,80,49,FALSE,129
3/28/2020 15:00,73,56,FALSE,129
3/28/2020 16:00,73,50,FALSE,123
3/28/2020 17:00,74,52,FALSE,126
3/28/2020 18:00,84,51,FALSE,135
3/28/2020 19:00,81,49,FALSE,130
3/28/2020 20:00,81,51,FALSE,132
3/28/2020 21:00,88,48,FALSE,136
3/28/2020 22:00,84,49,FALSE,133
3/28/2020 23:00,80,44,FALSE,124
3/29/2020 0:00,80,43,FALSE,123
3/29/2020 1:00,77,43,FALSE,120
3/29/2020 2:00,72,41,FALSE,113
3/29/2020 3:00,76,50,FALSE,126
3/29/2020 4:00,72,47,FALSE,119
3/29/2020 5:00,79,52,FALSE,131
3/29/2020 6:00,86,54,FALSE,140
3/29/2020 7:00,76,59,FALSE,135
3/29/2020 8:00,83,59,FALSE,142
3/29/2020 9:00,81,65,FALSE,146
3/29/2020 10:00,79,65,FALSE,144
3/29/2020 11:00,81,59,FALSE,140
3/29/2020 12:00,78,58,FALSE,136
3/29/2020 13:00,76,53,FALSE,129
3/29/2020 14:00,75,56,FALSE,131
3/29/2020 15:00,74,56,FALSE,130
3/29/2020 16:00,74,57,FALSE,131
3/29/2020 17:00,72,51,FALSE,123
3/29/2020 18:00,77,52,FALSE,129
3/29/2020 19:00,80,49,FALSE,129
3/29/2020 20:00,92,59,FALSE,151
3/29/2020 21:00,86,52,FALSE,138
3/29/2020 22:00,98,54,FALSE,152
3/29/2020 23:00,85,49,FALSE,134
3/30/2020 0:00,81,48,FALSE,129
3/30/2020 1:00,75,45,FALSE,120
3/30/2020 2:00,75,43,FALSE,118
3/30/2020 3:00,89,47,FALSE,136
3/30/2020 4:00,76,48,FALSE,124
3/30/2020 5:00,81,58,FALSE,139
3/30/2020 6:00,81,79,FALSE,160
3/30/2020 7:00,82,88,FALSE,170
3/30/2020 8:00,79,79,FALSE,158
3/30/2020 9:00,78,80,FALSE,158
3/30/2020 10:00,81,71,FALSE,152
3/30/2020 11:00,80,74,FALSE,154
3/30/2020 12:00,76,69,FALSE,145
3/30/2020 13:00,80,68,FALSE,148
3/30/2020 14:00,76,66,FALSE,142
3/30/2020 15:00,75,64,FALSE,139
3/30/2020 16:00,78,54,FALSE,132
3/30/2020 17:00,73,54,FALSE,127
3/30/2020 18:00,77,56,FALSE,133
3/30/2020 19:00,73,54,FALSE,127
3/30/2020 20:00,86,56,FALSE,142
3/30/2020 21:00,94,53,FALSE,147
3/30/2020 22:00,93,49,FALSE,142
3/30/2020 23:00,81,49,FALSE,130
3/31/2020 0:00,74,48,FALSE,122
3/31/2020 1:00,79,46,FALSE,125
3/31/2020 2:00,78,46,FALSE,124
3/31/2020 3:00,83,50,FALSE,133
3/31/2020 4:00,85,50,FALSE,135
3/31/2020 5:00,100,67,FALSE,167
3/31/2020 6:00,79,75,FALSE,154
3/31/2020 7:00,81,71,FALSE,152
3/31/2020 8:00,79,76,FALSE,155
3/31/2020 9:00,74,78,FALSE,152
3/31/2020 10:00,73,68,FALSE,141
3/31/2020 11:00,76,71,FALSE,147
3/31/2020 12:00,69,68,FALSE,137
3/31/2020 13:00,72,58,FALSE,130
3/31/2020 14:00,70,63,FALSE,133
3/31/2020 15:00,73,59,FALSE,132
3/31/2020 16:00,74,55,FALSE,129
3/31/2020 17:00,70,51,FALSE,121
3/31/2020 18:00,76,52,FALSE,128
3/31/2020 19:00,75,51,FALSE,126
3/31/2020 20:00,77,53,FALSE,130
3/31/2020 21:00,91,52,FALSE,143
3/31/2020 22:00,78,48,FALSE,126
3/31/2020 23:00,73,45,FALSE,118
4/1/2020 0:00,70,41,FALSE,111
4/1/2020 0:00,41,24,FALSE,65
4/1/2020 1:00,41,24,FALSE,65
4/1/2020 2:00,40,27,FALSE,67
4/1/2020 3:00,41,25,FALSE,66
4/1/2020 4:00,44,27,FALSE,71
4/1/2020 5:00,47,32,FALSE,79
4/1/2020 6:00,44,42,FALSE,86
4/1/2020 7:00,45,45,FALSE,90
4/1/2020 8:00,46,49,FALSE,95
4/1/2020 9:00,41,45,FALSE,86
4/1/2020 10:00,40,40,FALSE,80
4/1/2020 11:00,43,40,FALSE,83
4/1/2020 12:00,43,37,FALSE,80
4/1/2020 13:00,40,35,FALSE,75
4/1/2020 14:00,39,35,FALSE,74
4/1/2020 15:00,39,34,FALSE,73
4/1/2020 16:00,38,32,FALSE,70
4/1/2020 17:00,40,30,FALSE,70
4/1/2020 18:00,41,30,FALSE,71
4/1/2020 19:00,40,31,FALSE,71
4/1/2020 20:00,43,30,FALSE,73
4/1/2020 21:00,50,29,FALSE,79
4/1/2020 22:00,44,30,FALSE,74
4/1/2020 23:00,48,26,FALSE,74
4/2/2020 0:00,46,28,FALSE,74
4/2/2020 1:00,45,27,FALSE,72
4/2/2020 2:00,42,26,FALSE,68
4/2/2020 3:00,48,31,FALSE,79
4/2/2020 4:00,45,31,FALSE,76
4/2/2020 5:00,47,36,FALSE,83
4/2/2020 6:00,47,42,FALSE,89
4/2/2020 7:00,48,44,FALSE,92
4/2/2020 8:00,52,47,FALSE,99
4/2/2020 9:00,42,44,FALSE,86
4/2/2020 10:00,44,38,FALSE,82
4/2/2020 11:00,49,41,FALSE,90
4/2/2020 12:00,45,38,FALSE,83
4/2/2020 13:00,44,35,FALSE,79
4/2/2020 14:00,44,37,FALSE,81
4/2/2020 15:00,50,35,FALSE,85
4/2/2020 16:00,55,36,FALSE,91
4/2/2020 17:00,64,43,FALSE,107
4/2/2020 18:00,56,34,FALSE,90
4/2/2020 19:00,53,33,FALSE,86
4/2/2020 20:00,55,32,FALSE,87
4/2/2020 21:00,57,33,FALSE,90
4/2/2020 22:00,58,30,FALSE,88
4/2/2020 23:00,51,29,FALSE,80
4/3/2020 0:00,47,26,FALSE,73
4/3/2020 1:00,46,26,FALSE,72
4/3/2020 2:00,46,29,FALSE,75
4/3/2020 3:00,47,30,FALSE,77
4/3/2020 4:00,51,31,FALSE,82
4/3/2020 5:00,47,35,FALSE,82
4/3/2020 6:00,49,44,FALSE,93
4/3/2020 7:00,51,48,FALSE,99
4/3/2020 8:00,50,48,FALSE,98
4/3/2020 9:00,48,46,FALSE,94
4/3/2020 10:00,52,43,FALSE,95
4/3/2020 11:00,53,45,FALSE,98
4/3/2020 12:00,50,43,FALSE,93
4/3/2020 13:00,45,41,FALSE,86
4/3/2020 14:00,47,36,FALSE,83
4/3/2020 15:00,45,35,FALSE,80
4/3/2020 16:00,45,28,FALSE,73
4/3/2020 17:00,44,28,FALSE,72
4/3/2020 18:00,44,30,FALSE,74
4/3/2020 19:00,46,30,FALSE,76
4/3/2020 20:00,46,31,FALSE,77
4/3/2020 21:00,49,29,FALSE,78
4/3/2020 22:00,51,27,FALSE,78
4/3/2020 23:00,45,26,FALSE,71
4/4/2020 0:00,43,25,FALSE,68
4/4/2020 1:00,40,25,FALSE,65
4/4/2020 2:00,42,25,FALSE,67
4/4/2020 3:00,44,27,FALSE,71
4/4/2020 4:00,38,26,FALSE,64
4/4/2020 5:00,43,27,FALSE,70
4/4/2020 6:00,45,35,FALSE,80
4/4/2020 7:00,45,36,FALSE,81
4/4/2020 8:00,47,36,FALSE,83
4/4/2020 9:00,43,37,FALSE,80
4/4/2020 10:00,47,35,FALSE,82
4/4/2020 11:00,48,36,FALSE,84
4/4/2020 12:00,43,33,FALSE,76
4/4/2020 13:00,46,33,FALSE,79
4/4/2020 14:00,42,31,FALSE,73
4/4/2020 15:00,41,33,FALSE,74
4/4/2020 16:00,43,31,FALSE,74
4/4/2020 17:00,46,27,FALSE,73
4/4/2020 18:00,46,29,FALSE,75
4/4/2020 19:00,46,28,FALSE,74
4/4/2020 20:00,48,27,FALSE,75
4/4/2020 21:00,53,28,FALSE,81
4/4/2020 22:00,53,31,FALSE,84
4/4/2020 23:00,45,27,FALSE,72
4/5/2020 0:00,50,28,FALSE,78
4/5/2020 1:00,47,27,FALSE,74
4/5/2020 2:00,43,27,FALSE,70
4/5/2020 3:00,47,27,FALSE,74
4/5/2020 4:00,41,30,FALSE,71
4/5/2020 5:00,45,31,FALSE,76
4/5/2020 6:00,49,32,FALSE,81
4/5/2020 7:00,49,32,FALSE,81
4/5/2020 8:00,46,33,FALSE,79
4/5/2020 9:00,48,38,FALSE,86
4/5/2020 10:00,46,36,FALSE,82
4/5/2020 11:00,47,38,FALSE,85
4/5/2020 12:00,47,34,FALSE,81
4/5/2020 13:00,43,36,FALSE,79
4/5/2020 14:00,42,33,FALSE,75
4/5/2020 15:00,44,34,FALSE,78
4/5/2020 16:00,43,32,FALSE,75
4/5/2020 17:00,44,31,FALSE,75
4/5/2020 18:00,45,31,FALSE,76
4/5/2020 19:00,45,31,FALSE,76
4/5/2020 20:00,47,31,FALSE,78
4/5/2020 21:00,49,32,FALSE,81
4/5/2020 22:00,53,26,FALSE,79
4/5/2020 23:00,45,26,FALSE,71
4/6/2020 0:00,43,24,FALSE,67
4/6/2020 1:00,42,23,FALSE,65
4/6/2020 2:00,43,28,FALSE,71
4/6/2020 3:00,44,24,FALSE,68
4/6/2020 4:00,47,31,FALSE,78
4/6/2020 5:00,49,40,FALSE,89
4/6/2020 6:00,60,45,FALSE,105
4/6/2020 7:00,55,48,FALSE,103
4/6/2020 8:00,57,54,FALSE,111
4/6/2020 9:00,61,55,FALSE,116
4/6/2020 10:00,67,50,FALSE,117
4/6/2020 11:00,61,51,FALSE,112
4/6/2020 12:00,61,50,FALSE,111
4/6/2020 13:00,63,49,FALSE,112
4/6/2020 14:00,59,47,FALSE,106
4/6/2020 15:00,62,43,FALSE,105
4/6/2020 16:00,83,45,FALSE,128
4/6/2020 17:00,84,44,FALSE,128
4/6/2020 18:00,83,43,FALSE,126
4/6/2020 19:00,86,42,FALSE,128
4/6/2020 20:00,78,43,FALSE,121
4/6/2020 21:00,82,39,FALSE,121
4/6/2020 22:00,83,41,FALSE,124
4/6/2020 23:00,85,44,FALSE,129
4/7/2020 0:00,100,52,FALSE,152
4/7/2020 1:00,86,42,FALSE,128
4/7/2020 2:00,76,43,FALSE,119
4/7/2020 3:00,73,41,FALSE,114
4/7/2020 4:00,75,42,FALSE,117
4/7/2020 5:00,91,51,FALSE,142
4/7/2020 6:00,80,55,FALSE,135
4/7/2020 7:00,79,65,FALSE,144
4/7/2020 8:00,77,61,FALSE,138
4/7/2020 9:00,74,57,FALSE,131
4/7/2020 10:00,81,57,FALSE,138
4/7/2020 11:00,79,55,FALSE,134
4/7/2020 12:00,65,53,FALSE,118
4/7/2020 13:00,69,46,FALSE,115
4/7/2020 14:00,65,45,FALSE,110
4/7/2020 15:00,65,43,FALSE,108
4/7/2020 16:00,62,39,FALSE,101
4/7/2020 17:00,59,37,FALSE,96
4/7/2020 18:00,61,39,FALSE,100
4/7/2020 19:00,63,35,FALSE,98
4/7/2020 20:00,69,38,FALSE,107
4/7/2020 21:00,67,35,FALSE,102
4/7/2020 22:00,69,37,FALSE,106
4/7/2020 23:00,65,33,FALSE,98
4/8/2020 0:00,55,29,FALSE,84
4/8/2020 0:00,85,45,FALSE,130
4/8/2020 1:00,87,48,FALSE,135
4/8/2020 2:00,82,48,FALSE,130
4/8/2020 3:00,85,55,FALSE,140
4/8/2020 4:00,93,58,FALSE,151
4/8/2020 5:00,100,69,FALSE,169
4/8/2020 6:00,98,79,FALSE,177
4/8/2020 7:00,94,83,FALSE,177
4/8/2020 8:00,96,82,FALSE,178
4/8/2020 9:00,93,83,FALSE,176
4/8/2020 10:00,87,73,FALSE,160
4/8/2020 11:00,83,71,FALSE,154
4/8/2020 12:00,81,66,FALSE,147
4/8/2020 13:00,81,63,FALSE,144
4/8/2020 14:00,85,62,FALSE,147
4/8/2020 15:00,83,64,FALSE,147
4/8/2020 16:00,81,60,FALSE,141
4/8/2020 17:00,85,54,FALSE,139
4/8/2020 18:00,91,50,FALSE,141
4/8/2020 19:00,89,50,FALSE,139
4/8/2020 20:00,95,57,FALSE,152
4/8/2020 21:00,99,55,FALSE,154
4/8/2020 22:00,96,53,FALSE,149
4/8/2020 23:00,94,50,FALSE,144
4/9/2020 0:00,89,46,FALSE,135
4/9/2020 1:00,81,47,FALSE,128
4/9/2020 2:00,77,50,FALSE,127
4/9/2020 3:00,80,49,FALSE,129
4/9/2020 4:00,86,55,FALSE,141
4/9/2020 5:00,85,58,FALSE,143
4/9/2020 6:00,89,71,FALSE,160
4/9/2020 7:00,83,73,FALSE,156
4/9/2020 8:00,88,81,FALSE,169
4/9/2020 9:00,84,78,FALSE,162
4/9/2020 10:00,83,68,FALSE,151
4/9/2020 11:00,83,72,FALSE,155
4/9/2020 12:00,83,66,FALSE,149
4/9/2020 13:00,83,66,FALSE,149
4/9/2020 14:00,81,57,FALSE,138
4/9/2020 15:00,78,60,FALSE,138
4/9/2020 16:00,79,53,FALSE,132
4/9/2020 17:00,80,52,FALSE,132
4/9/2020 18:00,81,51,FALSE,132
4/9/2020 19:00,81,50,FALSE,131
4/9/2020 20:00,84,50,FALSE,134
4/9/2020 21:00,93,49,FALSE,142
4/9/2020 22:00,92,52,FALSE,144
4/9/2020 23:00,86,46,FALSE,132
4/10/2020 0:00,80,46,FALSE,126
4/10/2020 1:00,76,46,FALSE,122
4/10/2020 2:00,75,47,FALSE,122
4/10/2020 3:00,77,50,FALSE,127
4/10/2020 4:00,86,57,FALSE,143
4/10/2020 5:00,96,61,FALSE,157
4/10/2020 6:00,98,67,FALSE,165
4/10/2020 7:00,95,69,FALSE,164
4/10/2020 8:00,92,73,FALSE,165
4/10/2020 9:00,90,71,FALSE,161
4/10/2020 10:00,99,72,FALSE,171
4/10/2020 11:00,94,62,FALSE,156
4/10/2020 12:00,88,61,FALSE,149
4/10/2020 13:00,90,60,FALSE,150
4/10/2020 14:00,89,56,FALSE,145
4/10/2020 15:00,94,58,FALSE,152
4/10/2020 16:00,85,51,FALSE,136
4/10/2020 17:00,90,57,FALSE,147
4/10/2020 18:00,89,56,FALSE,145
4/10/2020 19:00,80,56,FALSE,136
4/10/2020 20:00,80,54,FALSE,134
4/10/2020 21:00,89,49,FALSE,138
4/10/2020 22:00,94,50,FALSE,144
4/10/2020 23:00,94,48,FALSE,142
4/11/2020 0:00,78,45,FALSE,123
4/11/2020 1:00,76,43,FALSE,119
4/11/2020 2:00,77,43,FALSE,120
4/11/2020 3:00,75,49,FALSE,124
4/11/2020 4:00,80,51,FALSE,131
4/11/2020 5:00,79,57,FALSE,136
4/11/2020 6:00,88,60,FALSE,148
4/11/2020 7:00,84,62,FALSE,146
4/11/2020 8:00,87,68,FALSE,155
4/11/2020 9:00,77,63,FALSE,140
4/11/2020 10:00,81,64,FALSE,145
4/11/2020 11:00,81,59,FALSE,140
4/11/2020 12:00,75,57,FALSE,132
4/11/2020 13:00,72,56,FALSE,128
4/11/2020 14:00,77,55,FALSE,132
4/11/2020 15:00,78,50,FALSE,128
4/11/2020 16:00,72,51,FALSE,123
4/11/2020 17:00,75,55,FALSE,130
4/11/2020 18:00,82,54,FALSE,136
4/11/2020 19:00,78,51,FALSE,129
4/11/2020 20:00,88,53,FALSE,141
4/11/2020 21:00,92,46,FALSE,138
4/11/2020 22:00,89,56,FALSE,145
4/11/2020 23:00,88,45,FALSE,133
4/12/2020 0:00,78,47,FALSE,125
4/12/2020 1:00,77,46,FALSE,123
4/12/2020 2:00,73,42,FALSE,115
4/12/2020 3:00,73,45,FALSE,118
4/12/2020 4:00,70,50,FALSE,120
4/12/2020 5:00,75,51,FALSE,126
4/12/2020 6:00,83,56,FALSE,139
4/12/2020 7:00,78,59,FALSE,137
4/12/2020 8:00,83,58,FALSE,141
4/12/2020 9:00,83,55,FALSE,138
4/12/2020 10:00,79,63,FALSE,142
4/12/2020 11:00,84,57,FALSE,141
4/12/2020 12:00,77,58,FALSE,135
4/12/2020 13:00,73,52,FALSE,125
4/12/2020 14:00,78,61,FALSE,139
4/12/2020 15:00,81,56,FALSE,137
4/12/2020 16:00,84,54,FALSE,138
4/12/2020 17:00,91,57,FALSE,148
4/12/2020 18:00,89,53,FALSE,142
4/12/2020 19:00,95,51,FALSE,146
4/12/2020 20:00,95,54,FALSE,149
4/12/2020 21:00,90,52,FALSE,142
4/12/2020 22:00,97,54,FALSE,151
4/12/2020 23:00,87,45,FALSE,132
4/13/2020 0:00,88,49,FALSE,137
4/13/2020 1:00,78,48,FALSE,126
4/13/2020 2:00,82,47,FALSE,129
4/13/2020 3:00,76,52,FALSE,128
4/13/2020 4:00,77,56,FALSE,133
4/13/2020 5:00,88,59,FALSE,147
4/13/2020 6:00,86,61,FALSE,147
4/13/2020 7:00,85,71,FALSE,156
4/13/2020 8:00,84,69,FALSE,153
4/13/2020 9:00,89,70,FALSE,159
4/13/2020 10:00,82,64,FALSE,146
4/13/2020 11:00,85,62,FALSE,147
4/13/2020 12:00,78,65,FALSE,143
4/13/2020 13:00,79,59,FALSE,138
4/13/2020 14:00,78,55,FALSE,133
4/13/2020 15:00,77,55,FALSE,132
4/13/2020 16:00,77,54,FALSE,131
4/13/2020 17:00,76,53,FALSE,129
4/13/2020 18:00,79,52,FALSE,131
4/13/2020 19:00,77,50,FALSE,127
4/13/2020 20:00,82,51,FALSE,133
4/13/2020 21:00,85,54,FALSE,139
4/13/2020 22:00,87,52,FALSE,139
4/13/2020 23:00,73,43,FALSE,116
4/14/2020 0:00,78,44,FALSE,122
4/14/2020 1:00,68,40,FALSE,108
4/14/2020 2:00,75,46,FALSE,121
4/14/2020 3:00,70,52,FALSE,122
4/14/2020 4:00,82,50,FALSE,132
4/14/2020 5:00,85,61,FALSE,146
4/14/2020 6:00,84,67,FALSE,151
4/14/2020 7:00,77,80,FALSE,157
4/14/2020 8:00,77,77,FALSE,154
4/14/2020 9:00,82,76,FALSE,158
4/14/2020 10:00,76,63,FALSE,139
4/14/2020 11:00,76,66,FALSE,142
4/14/2020 12:00,77,67,FALSE,144
4/14/2020 13:00,71,66,FALSE,137
4/14/2020 14:00,74,61,FALSE,135
4/14/2020 15:00,75,62,FALSE,137
4/14/2020 16:00,73,55,FALSE,128
4/14/2020 17:00,82,54,FALSE,136
4/14/2020 18:00,77,53,FALSE,130
4/14/2020 19:00,80,49,FALSE,129
4/14/2020 20:00,84,52,FALSE,136
4/14/2020 21:00,81,52,FALSE,133
4/14/2020 22:00,85,45,FALSE,130
4/14/2020 23:00,77,44,FALSE,121
4/15/2020 0:00,71,43,FALSE,114
4/15/2020 0:00,47,28,FALSE,75
4/15/2020 1:00,46,27,FALSE,73
4/15/2020 2:00,49,30,FALSE,79
4/15/2020 3:00,55,31,FALSE,86
4/15/2020 4:00,56,34,FALSE,90
4/15/2020 5:00,53,37,FALSE,90
4/15/2020 6:00,53,48,FALSE,101
4/15/2020 7:00,52,47,FALSE,99
4/15/2020 8:00,49,47,FALSE,96
4/15/2020 9:00,46,49,FALSE,95
4/15/2020 10:00,46,43,FALSE,89
4/15/2020 11:00,47,45,FALSE,92
4/15/2020 12:00,48,42,FALSE,90
4/15/2020 13:00,47,40,FALSE,87
4/15/2020 14:00,51,45,FALSE,96
4/15/2020 15:00,43,38,FALSE,81
4/15/2020 16:00,41,33,FALSE,74
4/15/2020 17:00,47,32,FALSE,79
4/15/2020 18:00,48,32,FALSE,80
4/15/2020 19:00,49,31,FALSE,80
4/15/2020 20:00,53,32,FALSE,85
4/15/2020 21:00,54,31,FALSE,85
4/15/2020 22:00,52,31,FALSE,83
4/15/2020 23:00,52,30,FALSE,82
4/16/2020 0:00,57,33,FALSE,90
4/16/2020 1:00,50,29,FALSE,79
4/16/2020 2:00,49,31,FALSE,80
4/16/2020 3:00,44,32,FALSE,76
4/16/2020 4:00,50,32,FALSE,82
4/16/2020 5:00,54,39,FALSE,93
4/16/2020 6:00,51,42,FALSE,93
4/16/2020 7:00,56,53,FALSE,109
4/16/2020 8:00,72,62,FALSE,134
4/16/2020 9:00,66,57,FALSE,123
4/16/2020 10:00,64,52,FALSE,116
4/16/2020 11:00,64,50,FALSE,114
4/16/2020 12:00,58,45,FALSE,103
4/16/2020 13:00,60,48,FALSE,108
4/16/2020 14:00,58,42,FALSE,100
4/16/2020 15:00,64,44,FALSE,108
4/16/2020 16:00,59,39,FALSE,98
4/16/2020 17:00,61,36,FALSE,97
4/16/2020 18:00,60,39,FALSE,99
4/16/2020 19:00,60,38,FALSE,98
4/16/2020 20:00,68,35,FALSE,103
4/16/2020 21:00,71,37,FALSE,108
4/16/2020 22:00,78,36,FALSE,114
4/16/2020 23:00,68,37,FALSE,105
4/17/2020 0:00,63,35,FALSE,98
4/17/2020 1:00,61,33,FALSE,94
4/17/2020 2:00,61,33,FALSE,94
4/17/2020 3:00,59,35,FALSE,94
4/17/2020 4:00,63,36,FALSE,99
4/17/2020 5:00,61,41,FALSE,102
4/17/2020 6:00,58,47,FALSE,105
4/17/2020 7:00,59,50,FALSE,109
4/17/2020 8:00,57,51,FALSE,108
4/17/2020 9:00,56,49,FALSE,105
4/17/2020 10:00,55,46,FALSE,101
4/17/2020 11:00,56,43,FALSE,99
4/17/2020 12:00,56,42,FALSE,98
4/17/2020 13:00,53,44,FALSE,97
4/17/2020 14:00,53,38,FALSE,91
4/17/2020 15:00,51,37,FALSE,88
4/17/2020 16:00,51,36,FALSE,87
4/17/2020 17:00,50,33,FALSE,83
4/17/2020 18:00,52,34,FALSE,86
4/17/2020 19:00,55,33,FALSE,88
4/17/2020 20:00,57,34,FALSE,91
4/17/2020 21:00,57,33,FALSE,90
4/17/2020 22:00,54,30,FALSE,84
4/17/2020 23:00,56,34,FALSE,90
4/18/2020 0:00,54,33,FALSE,87
4/18/2020 1:00,51,31,FALSE,82
4/18/2020 2:00,54,28,FALSE,82
4/18/2020 3:00,56,35,FALSE,91
4/18/2020 4:00,54,34,FALSE,88
4/18/2020 5:00,60,39,FALSE,99
4/18/2020 6:00,64,40,FALSE,104
4/18/2020 7:00,58,41,FALSE,99
4/18/2020 8:00,64,46,FALSE,110
4/18/2020 9:00,60,44,FALSE,104
4/18/2020 10:00,56,44,FALSE,100
4/18/2020 11:00,60,44,FALSE,104
4/18/2020 12:00,63,43,FALSE,106
4/18/2020 13:00,84,54,FALSE,138
4/18/2020 14:00,81,49,FALSE,130
4/18/2020 15:00,82,51,FALSE,133
4/18/2020 16:00,72,44,FALSE,116
4/18/2020 17:00,75,44,FALSE,119
4/18/2020 18:00,72,43,FALSE,115
4/18/2020 19:00,71,40,FALSE,111
4/18/2020 20:00,76,44,FALSE,120
4/18/2020 21:00,81,43,FALSE,124
4/18/2020 22:00,100,47,FALSE,147
4/18/2020 23:00,100,49,FALSE,149
4/19/2020 0:00,79,41,FALSE,120
4/19/2020 1:00,77,39,FALSE,116
4/19/2020 2:00,72,36,FALSE,108
4/19/2020 3:00,72,44,FALSE,116
4/19/2020 4:00,73,45,FALSE,118
4/19/2020 5:00,81,44,FALSE,125
4/19/2020 6:00,78,48,FALSE,126
4/19/2020 7:00,74,49,FALSE,123
4/19/2020 8:00,75,51,FALSE,126
4/19/2020 9:00,72,51,FALSE,123
4/19/2020 10:00,72,50,FALSE,122
4/19/2020 11:00,73,50,FALSE,123
4/19/2020 12:00,70,46,FALSE,116
4/19/2020 13:00,78,45,FALSE,123
4/19/2020 14:00,70,48,FALSE,118
4/19/2020 15:00,68,44,FALSE,112
4/19/2020 16:00,67,42,FALSE,109
4/19/2020 17:00,67,42,FALSE,109
4/19/2020 18:00,68,40,FALSE,108
4/19/2020 19:00,68,40,FALSE,108
4/19/2020 20:00,72,40,FALSE,112
4/19/2020 21:00,73,41,FALSE,114
4/19/2020 22:00,69,37,FALSE,106
4/19/2020 23:00,66,34,FALSE,100
4/20/2020 0:00,59,36,FALSE,95
4/20/2020 1:00,56,31,FALSE,87
4/20/2020 2:00,56,32,FALSE,88
4/20/2020 3:00,58,34,FALSE,92
4/20/2020 4:00,68,41,FALSE,109
4/20/2020 5:00,67,48,FALSE,115
4/20/2020 6:00,66,55,FALSE,121
4/20/2020 7:00,65,54,FALSE,119
4/20/2020 8:00,59,56,FALSE,115
4/20/2020 9:00,57,55,FALSE,112
4/20/2020 10:00,57,48,FALSE,105
4/20/2020 11:00,59,51,FALSE,110
4/20/2020 12:00,62,47,FALSE,109
4/20/2020 13:00,58,44,FALSE,102
4/20/2020 14:00,57,46,FALSE,103
4/20/2020 15:00,58,39,FALSE,97
4/20/2020 16:00,59,40,FALSE,99
4/20/2020 17:00,57,40,FALSE,97
4/20/2020 18:00,67,41,FALSE,108
4/20/2020 19:00,75,43,FALSE,118
4/20/2020 20:00,77,40,FALSE,117
4/20/2020 21:00,76,40,FALSE,116
4/20/2020 22:00,77,38,FALSE,115
4/20/2020 23:00,66,36,FALSE,102
4/21/2020 0:00,55,35,FALSE,90
4/21/2020 1:00,58,31,FALSE,89
4/21/2020 2:00,56,35,FALSE,91
4/21/2020 3:00,62,33,FALSE,95
4/21/2020 4:00,65,43,FALSE,108
4/21/2020 5:00,68,45,FALSE,113
4/21/2020 6:00,63,54,FALSE,117
4/21/2020 7:00,61,51,FALSE,112
4/21/2020 8:00,58,55,FALSE,113
4/21/2020 9:00,55,56,FALSE,111
4/21/2020 10:00,62,52,FALSE,114
4/21/2020 11:00,62,51,FALSE,113
4/21/2020 12:00,57,50,FALSE,107
4/21/2020 13:00,57,47,FALSE,104
4/21/2020 14:00,52,43,FALSE,95
4/21/2020 15:00,56,41,FALSE,97
4/21/2020 16:00,56,38,FALSE,94
4/21/2020 17:00,56,39,FALSE,95
4/21/2020 18:00,58,38,FALSE,96
4/21/2020 19:00,58,38,FALSE,96
4/21/2020 20:00,62,37,FALSE,99
4/21/2020 21:00,61,36,FALSE,97
4/21/2020 22:00,64,36,FALSE,100
4/21/2020 23:00,58,34,FALSE,92
4/22/2020 0:00,53,31,FALSE,84
4/22/2020 0:00,40,24,FALSE,64
4/22/2020 1:00,37,23,FALSE,60
4/22/2020 2:00,39,22,FALSE,61
4/22/2020 3:00,38,26,FALSE,64
4/22/2020 4:00,41,26,FALSE,67
4/22/2020 5:00,46,31,FALSE,77
4/22/2020 6:00,45,35,FALSE,80
4/22/2020 7:00,41,40,FALSE,81
4/22/2020 8:00,41,42,FALSE,83
4/22/2020 9:00,42,39,FALSE,81
4/22/2020 10:00,41,38,FALSE,79
4/22/2020 11:00,43,37,FALSE,80
4/22/2020 12:00,41,35,FALSE,76
4/22/2020 13:00,46,37,FALSE,83
4/22/2020 14:00,48,35,FALSE,83
4/22/2020 15:00,48,33,FALSE,81
4/22/2020 16:00,49,32,FALSE,81
4/22/2020 17:00,48,31,FALSE,79
4/22/2020 18:00,46,29,FALSE,75
4/22/2020 19:00,46,31,FALSE,77
4/22/2020 20:00,54,31,FALSE,85
4/22/2020 21:00,53,28,FALSE,81
4/22/2020 22:00,54,27,FALSE,81
4/22/2020 23:00,46,28,FALSE,74
4/23/2020 0:00,47,24,FALSE,71
4/23/2020 1:00,48,26,FALSE,74
4/23/2020 2:00,50,26,FALSE,76
4/23/2020 3:00,47,28,FALSE,75
4/23/2020 4:00,49,31,FALSE,80
4/23/2020 5:00,50,33,FALSE,83
4/23/2020 6:00,49,39,FALSE,88
4/23/2020 7:00,46,39,FALSE,85
4/23/2020 8:00,48,39,FALSE,87
4/23/2020 9:00,44,38,FALSE,82
4/23/2020 10:00,46,40,FALSE,86
4/23/2020 11:00,47,38,FALSE,85
4/23/2020 12:00,49,38,FALSE,87
4/23/2020 13:00,51,37,FALSE,88
4/23/2020 14:00,59,39,FALSE,98
4/23/2020 15:00,57,39,FALSE,96
4/23/2020 16:00,56,32,FALSE,88
4/23/2020 17:00,52,32,FALSE,84
4/23/2020 18:00,54,34,FALSE,88
4/23/2020 19:00,54,31,FALSE,85
4/23/2020 20:00,56,33,FALSE,89
4/23/2020 21:00,59,30,FALSE,89
4/23/2020 22:00,57,31,FALSE,88
4/23/2020 23:00,56,27,FALSE,83
4/24/2020 0:00,47,27,FALSE,74
4/24/2020 1:00,47,24,FALSE,71
4/24/2020 2:00,49,25,FALSE,74
4/24/2020 3:00,51,30,FALSE,81
4/24/2020 4:00,52,32,FALSE,84
4/24/2020 5:00,56,34,FALSE,90
4/24/2020 6:00,50,40,FALSE,90
4/24/2020 7:00,52,43,FALSE,95
4/24/2020 8:00,50,42,FALSE,92
4/24/2020 9:00,52,43,FALSE,95
4/24/2020 10:00,50,40,FALSE,90
4/24/2020 11:00,52,40,FALSE,92
4/24/2020 12:00,49,37,FALSE,86
4/24/2020 13:00,48,35,FALSE,83
4/24/2020 14:00,48,33,FALSE,81
4/24/2020 15:00,46,30,FALSE,76
4/24/2020 16:00,49,29,FALSE,78
4/24/2020 17:00,49,27,FALSE,76
4/24/2020 18:00,51,28,FALSE,79
4/24/2020 19:00,50,29,FALSE,79
4/24/2020 20:00,51,30,FALSE,81
4/24/2020 21:00,55,28,FALSE,83
4/24/2020 22:00,52,28,FALSE,80
4/24/2020 23:00,52,28,FALSE,80
4/25/2020 0:00,45,25,FALSE,70
4/25/2020 1:00,45,25,FALSE,70
4/25/2020 2:00,43,26,FALSE,69
4/25/2020 3:00,44,27,FALSE,71
4/25/2020 4:00,50,30,FALSE,80
4/25/2020 5:00,60,37,FALSE,97
4/25/2020 6:00,69,39,FALSE,108
4/25/2020 7:00,67,44,FALSE,111
4/25/2020 8:00,62,47,FALSE,109
4/25/2020 9:00,63,40,FALSE,103
4/25/2020 10:00,64,42,FALSE,106
4/25/2020 11:00,64,41,FALSE,105
4/25/2020 12:00,62,40,FALSE,102
4/25/2020 13:00,61,36,FALSE,97
4/25/2020 14:00,60,38,FALSE,98
4/25/2020 15:00,62,37,FALSE,99
4/25/2020 16:00,58,36,FALSE,94
4/25/2020 17:00,59,33,FALSE,92
4/25/2020 18:00,60,33,FALSE,93
4/25/2020 19:00,59,33,FALSE,92
4/25/2020 20:00,61,34,FALSE,95
4/25/2020 21:00,62,32,FALSE,94
4/25/2020 22:00,62,30,FALSE,92
4/25/2020 23:00,58,30,FALSE,88
4/26/2020 0:00,58,29,FALSE,87
4/26/2020 1:00,56,28,FALSE,84
4/26/2020 2:00,56,27,FALSE,83
4/26/2020 3:00,55,31,FALSE,86
4/26/2020 4:00,56,31,FALSE,87
4/26/2020 5:00,57,35,FALSE,92
4/26/2020 6:00,56,37,FALSE,93
4/26/2020 7:00,56,37,FALSE,93
4/26/2020 8:00,57,39,FALSE,96
4/26/2020 9:00,56,41,FALSE,97
4/26/2020 10:00,59,42,FALSE,101
4/26/2020 11:00,66,41,FALSE,107
4/26/2020 12:00,64,40,FALSE,104
4/26/2020 13:00,64,40,FALSE,104
4/26/2020 14:00,66,41,FALSE,107
4/26/2020 15:00,61,38,FALSE,99
4/26/2020 16:00,57,36,FALSE,93
4/26/2020 17:00,56,33,FALSE,89
4/26/2020 18:00,60,34,FALSE,94
4/26/2020 19:00,61,36,FALSE,97
4/26/2020 20:00,62,34,FALSE,96
4/26/2020 21:00,70,32,FALSE,102
4/26/2020 22:00,69,33,FALSE,102
4/26/2020 23:00,64,29,FALSE,93
4/27/2020 0:00,60,31,FALSE,91
4/27/2020 1:00,58,31,FALSE,89
4/27/2020 2:00,56,30,FALSE,86
4/27/2020 3:00,57,30,FALSE,87
4/27/2020 4:00,56,29,FALSE,85
4/27/2020 5:00,59,40,FALSE,99
4/27/2020 6:00,56,43,FALSE,99
4/27/2020 7:00,54,47,FALSE,101
4/27/2020 8:00,52,48,FALSE,100
4/27/2020 9:00,54,47,FALSE,101
4/27/2020 10:00,56,42,FALSE,98
4/27/2020 11:00,54,42,FALSE,96
4/27/2020 12:00,52,41,FALSE,93
4/27/2020 13:00,53,38,FALSE,91
4/27/2020 14:00,53,40,FALSE,93
4/27/2020 15:00,53,35,FALSE,88
4/27/2020 16:00,53,32,FALSE,85
4/27/2020 17:00,52,32,FALSE,84
4/27/2020 18:00,53,33,FALSE,86
4/27/2020 19:00,100,32,FALSE,132
4/27/2020 20:00,59,34,FALSE,93
4/27/2020 21:00,60,31,FALSE,91
4/27/2020 22:00,60,30,FALSE,90
4/27/2020 23:00,57,28,FALSE,85
4/28/2020 0:00,54,27,FALSE,81
4/28/2020 1:00,54,27,FALSE,81
4/28/2020 2:00,49,29,FALSE,78
4/28/2020 3:00,52,30,FALSE,82
4/28/2020 4:00,49,33,FALSE,82
4/28/2020 5:00,56,38,FALSE,94
4/28/2020 6:00,51,44,FALSE,95
4/28/2020 7:00,51,44,FALSE,95
4/28/2020 8:00,51,44,FALSE,95
4/28/2020 9:00,49,45,FALSE,94
4/28/2020 10:00,52,39,FALSE,91
4/28/2020 11:00,53,39,FALSE,92
4/28/2020 12:00,50,40,FALSE,90
4/28/2020 13:00,63,39,FALSE,102
4/28/2020 14:00,49,36,FALSE,85
4/28/2020 15:00,49,35,FALSE,84
4/28/2020 16:00,50,31,FALSE,81
4/28/2020 17:00,50,32,FALSE,82
4/28/2020 18:00,52,31,FALSE,83
4/28/2020 19:00,53,32,FALSE,85
4/28/2020 20:00,58,33,FALSE,91
4/28/2020 21:00,62,30,FALSE,92
4/28/2020 22:00,60,32,FALSE,92
4/28/2020 23:00,62,30,FALSE,92
4/29/2020 0:00,51,25,FALSE,76
4/29/2020 0:00,48,24,FALSE,72
4/29/2020 1:00,46,23,FALSE,69
4/29/2020 2:00,50,28,FALSE,78
4/29/2020 3:00,51,31,FALSE,82
4/29/2020 4:00,53,32,FALSE,85
4/29/2020 5:00,58,41,FALSE,99
4/29/2020 6:00,67,49,FALSE,116
4/29/2020 7:00,65,49,FALSE,114
4/29/2020 8:00,61,48,FALSE,109
4/29/2020 9:00,60,50,FALSE,110
4/29/2020 10:00,73,53,FALSE,126
4/29/2020 11:00,72,49,FALSE,121
4/29/2020 12:00,67,46,FALSE,113
4/29/2020 13:00,71,47,FALSE,118
4/29/2020 14:00,64,42,FALSE,106
4/29/2020 15:00,64,41,FALSE,105
4/29/2020 16:00,82,48,FALSE,130
4/29/2020 17:00,89,46,FALSE,135
4/29/2020 18:00,83,42,FALSE,125
4/29/2020 19:00,79,43,FALSE,122
4/29/2020 20:00,82,44,FALSE,126
4/29/2020 21:00,89,42,FALSE,131
4/29/2020 22:00,86,36,FALSE,122
4/29/2020 23:00,80,35,FALSE,115
4/30/2020 0:00,70,34,FALSE,104
4/30/2020 1:00,71,32,FALSE,103
4/30/2020 2:00,68,33,FALSE,101
4/30/2020 3:00,83,44,FALSE,127
4/30/2020 4:00,91,49,FALSE,140
4/30/2020 5:00,93,51,FALSE,144
4/30/2020 6:00,100,61,FALSE,161
4/30/2020 7:00,84,59,FALSE,143
4/30/2020 8:00,79,56,FALSE,135
4/30/2020 9:00,74,56,FALSE,130
4/30/2020 10:00,74,52,FALSE,126
4/30/2020 11:00,69,48,FALSE,117
4/30/2020 12:00,66,47,FALSE,113
4/30/2020 13:00,66,42,FALSE,108
4/30/2020 14:00,60,41,FALSE,101
4/30/2020 15:00,61,37,FALSE,98
4/30/2020 16:00,63,35,FALSE,98
4/30/2020 17:00,61,33,FALSE,94
4/30/2020 18:00,62,33,FALSE,95
4/30/2020 19:00,62,33,FALSE,95
4/30/2020 20:00,65,35,FALSE,100
4/30/2020 21:00,64,33,FALSE,97
4/30/2020 22:00,65,32,FALSE,97
4/30/2020 23:00,65,30,FALSE,95
5/1/2020 0:00,58,28,FALSE,86
5/1/2020 1:00,58,26,FALSE,84
5/1/2020 2:00,54,28,FALSE,82
5/1/2020 3:00,52,29,FALSE,81
5/1/2020 4:00,56,33,FALSE,89
5/1/2020 5:00,58,36,FALSE,94
5/1/2020 6:00,62,39,FALSE,101
5/1/2020 7:00,58,40,FALSE,98
5/1/2020 8:00,61,40,FALSE,101
5/1/2020 9:00,58,41,FALSE,99
5/1/2020 10:00,61,38,FALSE,99
5/1/2020 11:00,60,38,FALSE,98
5/1/2020 12:00,61,40,FALSE,101
5/1/2020 13:00,59,35,FALSE,94
5/1/2020 14:00,52,34,FALSE,86
5/1/2020 15:00,55,35,FALSE,90
5/1/2020 16:00,55,31,FALSE,86
5/1/2020 17:00,54,32,FALSE,86
5/1/2020 18:00,55,29,FALSE,84
5/1/2020 19:00,55,31,FALSE,86
5/1/2020 20:00,59,31,FALSE,90
5/1/2020 21:00,61,31,FALSE,92
5/1/2020 22:00,65,30,FALSE,95
5/1/2020 23:00,63,31,FALSE,94
5/2/2020 0:00,55,29,FALSE,84
5/2/2020 1:00,55,28,FALSE,83
5/2/2020 2:00,52,25,FALSE,77
5/2/2020 3:00,52,27,FALSE,79
5/2/2020 4:00,55,31,FALSE,86
5/2/2020 5:00,53,34,FALSE,87
5/2/2020 6:00,57,34,FALSE,91
5/2/2020 7:00,54,37,FALSE,91
5/2/2020 8:00,59,38,FALSE,97
5/2/2020 9:00,54,37,FALSE,91
5/2/2020 10:00,58,36,FALSE,94
5/2/2020 11:00,56,35,FALSE,91
5/2/2020 12:00,56,33,FALSE,89
5/2/2020 13:00,56,32,FALSE,88
5/2/2020 14:00,54,35,FALSE,89
5/2/2020 15:00,56,33,FALSE,89
5/2/2020 16:00,58,32,FALSE,90
5/2/2020 17:00,61,32,FALSE,93
5/2/2020 18:00,59,31,FALSE,90
5/2/2020 19:00,55,28,FALSE,83
5/2/2020 20:00,60,29,FALSE,89
5/2/2020 21:00,67,30,FALSE,97
5/2/2020 22:00,66,31,FALSE,97
5/2/2020 23:00,63,31,FALSE,94
5/3/2020 0:00,63,29,FALSE,92
5/3/2020 1:00,62,31,FALSE,93
5/3/2020 2:00,59,30,FALSE,89
5/3/2020 3:00,53,30,FALSE,83
5/3/2020 4:00,59,31,FALSE,90
5/3/2020 5:00,56,34,FALSE,90
5/3/2020 6:00,57,34,FALSE,91
5/3/2020 7:00,59,38,FALSE,97
5/3/2020 8:00,56,37,FALSE,93
5/3/2020 9:00,57,40,FALSE,97
5/3/2020 10:00,57,38,FALSE,95
5/3/2020 11:00,57,39,FALSE,96
5/3/2020 12:00,58,35,FALSE,93
5/3/2020 13:00,53,34,FALSE,87
5/3/2020 14:00,55,33,FALSE,88
5/3/2020 15:00,57,34,FALSE,91
5/3/2020 16:00,52,33,FALSE,85
5/3/2020 17:00,54,32,FALSE,86
5/3/2020 18:00,57,31,FALSE,88
5/3/2020 19:00,55,30,FALSE,85
5/3/2020 20:00,61,33,FALSE,94
5/3/2020 21:00,62,32,FALSE,94
5/3/2020 22:00,62,29,FALSE,91
5/3/2020 23:00,62,27,FALSE,89
5/4/2020 0:00,57,25,FALSE,82
5/4/2020 1:00,53,27,FALSE,80
5/4/2020 2:00,50,26,FALSE,76
5/4/2020 3:00,49,26,FALSE,75
5/4/2020 4:00,63,35,FALSE,98
5/4/2020 5:00,64,41,FALSE,105
5/4/2020 6:00,61,45,FALSE,106
5/4/2020 7:00,53,46,FALSE,99
5/4/2020 8:00,52,44,FALSE,96
5/4/2020 9:00,49,44,FALSE,93
5/4/2020 10:00,55,42,FALSE,97
5/4/2020 11:00,52,40,FALSE,92
5/4/2020 12:00,48,37,FALSE,85
5/4/2020 13:00,49,36,FALSE,85
5/4/2020 14:00,51,34,FALSE,85
5/4/2020 15:00,51,34,FALSE,85
5/4/2020 16:00,54,30,FALSE,84
5/4/2020 17:00,50,30,FALSE,80
5/4/2020 18:00,49,29,FALSE,78
5/4/2020 19:00,53,31,FALSE,84
5/4/2020 20:00,55,29,FALSE,84
5/4/2020 21:00,62,31,FALSE,93
5/4/2020 22:00,59,29,FALSE,88
5/4/2020 23:00,58,27,FALSE,85
5/5/2020 0:00,53,27,FALSE,80
5/5/2020 1:00,50,25,FALSE,75
5/5/2020 2:00,48,25,FALSE,73
5/5/2020 3:00,54,27,FALSE,81
5/5/2020 4:00,53,29,FALSE,82
5/5/2020 5:00,61,38,FALSE,99
5/5/2020 6:00,53,39,FALSE,92
5/5/2020 7:00,50,43,FALSE,93
5/5/2020 8:00,53,43,FALSE,96
5/5/2020 9:00,51,42,FALSE,93
5/5/2020 10:00,52,40,FALSE,92
5/5/2020 11:00,49,37,FALSE,86
5/5/2020 12:00,49,36,FALSE,85
5/5/2020 13:00,47,34,FALSE,81
5/5/2020 14:00,45,32,FALSE,77
5/5/2020 15:00,47,32,FALSE,79
5/5/2020 16:00,47,29,FALSE,76
5/5/2020 17:00,49,29,FALSE,78
5/5/2020 18:00,48,28,FALSE,76
5/5/2020 19:00,51,30,FALSE,81
5/5/2020 20:00,55,28,FALSE,83
5/5/2020 21:00,59,28,FALSE,87
5/5/2020 22:00,55,28,FALSE,83
5/5/2020 23:00,51,29,FALSE,80
5/6/2020 0:00,48,25,FALSE,73
5/6/2020 0:00,61,32,FALSE,93
5/6/2020 1:00,60,31,FALSE,91
5/6/2020 2:00,62,33,FALSE,95
5/6/2020 3:00,62,35,FALSE,97
5/6/2020 4:00,70,38,FALSE,108
5/6/2020 5:00,74,47,FALSE,121
5/6/2020 6:00,64,53,FALSE,117
5/6/2020 7:00,67,54,FALSE,121
5/6/2020 8:00,65,55,FALSE,120
5/6/2020 9:00,60,54,FALSE,114
5/6/2020 10:00,74,51,FALSE,125
5/6/2020 11:00,72,54,FALSE,126
5/6/2020 12:00,69,48,FALSE,117
5/6/2020 13:00,65,44,FALSE,109
5/6/2020 14:00,64,44,FALSE,108
5/6/2020 15:00,65,40,FALSE,105
5/6/2020 16:00,64,38,FALSE,102
5/6/2020 17:00,65,37,FALSE,102
5/6/2020 18:00,65,38,FALSE,103
5/6/2020 19:00,69,40,FALSE,109
5/6/2020 20:00,74,39,FALSE,113
5/6/2020 21:00,74,42,FALSE,116
5/6/2020 22:00,71,37,FALSE,108
5/6/2020 23:00,75,38,FALSE,113
5/7/2020 0:00,75,35,FALSE,110
5/7/2020 1:00,66,33,FALSE,99
5/7/2020 2:00,66,35,FALSE,101
5/7/2020 3:00,66,41,FALSE,107
5/7/2020 4:00,64,40,FALSE,104
5/7/2020 5:00,66,47,FALSE,113
5/7/2020 6:00,66,52,FALSE,118
5/7/2020 7:00,68,54,FALSE,122
5/7/2020 8:00,68,53,FALSE,121
5/7/2020 9:00,64,53,FALSE,117
5/7/2020 10:00,71,50,FALSE,121
5/7/2020 11:00,64,47,FALSE,111
5/7/2020 12:00,64,48,FALSE,112
5/7/2020 13:00,73,51,FALSE,124
5/7/2020 14:00,69,46,FALSE,115
5/7/2020 15:00,68,43,FALSE,111
5/7/2020 16:00,66,38,FALSE,104
5/7/2020 17:00,81,44,FALSE,125
5/7/2020 18:00,81,45,FALSE,126
5/7/2020 19:00,84,44,FALSE,128
5/7/2020 20:00,86,45,FALSE,131
5/7/2020 21:00,86,42,FALSE,128
5/7/2020 22:00,84,42,FALSE,126
5/7/2020 23:00,89,44,FALSE,133
5/8/2020 0:00,80,40,FALSE,120
5/8/2020 1:00,83,41,FALSE,124
5/8/2020 2:00,75,42,FALSE,117
5/8/2020 3:00,73,40,FALSE,113
5/8/2020 4:00,73,46,FALSE,119
5/8/2020 5:00,79,48,FALSE,127
5/8/2020 6:00,72,55,FALSE,127
5/8/2020 7:00,78,55,FALSE,133
5/8/2020 8:00,69,59,FALSE,128
5/8/2020 9:00,68,56,FALSE,124
5/8/2020 10:00,70,53,FALSE,123
5/8/2020 11:00,76,46,FALSE,122
5/8/2020 12:00,71,48,FALSE,119
5/8/2020 13:00,70,44,FALSE,114
5/8/2020 14:00,69,44,FALSE,113
5/8/2020 15:00,74,44,FALSE,118
5/8/2020 16:00,69,40,FALSE,109
5/8/2020 17:00,73,40,FALSE,113
5/8/2020 18:00,72,39,FALSE,111
5/8/2020 19:00,71,36,FALSE,107
5/8/2020 20:00,76,40,FALSE,116
5/8/2020 21:00,81,39,FALSE,120
5/8/2020 22:00,79,40,FALSE,119
5/8/2020 23:00,81,37,FALSE,118
5/9/2020 0:00,73,35,FALSE,108
5/9/2020 1:00,73,36,FALSE,109
5/9/2020 2:00,68,34,FALSE,102
5/9/2020 3:00,67,36,FALSE,103
5/9/2020 4:00,66,39,FALSE,105
5/9/2020 5:00,74,43,FALSE,117
5/9/2020 6:00,72,47,FALSE,119
5/9/2020 7:00,77,45,FALSE,122
5/9/2020 8:00,73,49,FALSE,122
5/9/2020 9:00,72,46,FALSE,118
5/9/2020 10:00,71,44,FALSE,115
5/9/2020 11:00,72,47,FALSE,119
5/9/2020 12:00,69,43,FALSE,112
5/9/2020 13:00,72,41,FALSE,113
5/9/2020 14:00,65,39,FALSE,104
5/9/2020 15:00,69,36,FALSE,105
5/9/2020 16:00,73,43,FALSE,116
5/9/2020 17:00,67,36,FALSE,103
5/9/2020 18:00,69,37,FALSE,106
5/9/2020 19:00,66,38,FALSE,104
5/9/2020 20:00,70,38,FALSE,108
5/9/2020 21:00,74,39,FALSE,113
5/9/2020 22:00,74,37,FALSE,111
5/9/2020 23:00,77,39,FALSE,116
5/10/2020 0:00,98,50,FALSE,148
5/10/2020 1:00,100,51,FALSE,151
5/10/2020 2:00,95,48,FALSE,143
5/10/2020 3:00,87,48,FALSE,135
5/10/2020 4:00,87,47,FALSE,134
5/10/2020 5:00,80,52,FALSE,132
5/10/2020 6:00,87,55,FALSE,142
5/10/2020 7:00,85,52,FALSE,137
5/10/2020 8:00,80,50,FALSE,130
5/10/2020 9:00,80,52,FALSE,132
5/10/2020 10:00,76,55,FALSE,131
5/10/2020 11:00,81,49,FALSE,130
5/10/2020 12:00,75,47,FALSE,122
5/10/2020 13:00,79,44,FALSE,123
5/10/2020 14:00,72,47,FALSE,119
5/10/2020 15:00,75,44,FALSE,119
5/10/2020 16:00,83,44,FALSE,127
5/10/2020 17:00,84,47,FALSE,131
5/10/2020 18:00,83,45,FALSE,128
5/10/2020 19:00,82,44,FALSE,126
5/10/2020 20:00,86,45,FALSE,131
5/10/2020 21:00,86,41,FALSE,127
5/10/2020 22:00,84,41,FALSE,125
5/10/2020 23:00,83,39,FALSE,122
5/11/2020 0:00,75,34,FALSE,109
5/11/2020 1:00,67,36,FALSE,103
5/11/2020 2:00,69,35,FALSE,104
5/11/2020 3:00,67,37,FALSE,104
5/11/2020 4:00,68,41,FALSE,109
5/11/2020 5:00,79,45,FALSE,124
5/11/2020 6:00,72,54,FALSE,126
5/11/2020 7:00,66,55,FALSE,121
5/11/2020 8:00,69,57,FALSE,126
5/11/2020 9:00,68,52,FALSE,120
5/11/2020 10:00,69,51,FALSE,120
5/11/2020 11:00,68,51,FALSE,119
5/11/2020 12:00,67,53,FALSE,120
5/11/2020 13:00,69,48,FALSE,117
5/11/2020 14:00,65,48,FALSE,113
5/11/2020 15:00,69,44,FALSE,113
5/11/2020 16:00,68,43,FALSE,111
5/11/2020 17:00,70,40,FALSE,110
5/11/2020 18:00,77,44,FALSE,121
5/11/2020 19:00,81,44,FALSE,125
5/11/2020 20:00,81,46,FALSE,127
5/11/2020 21:00,88,43,FALSE,131
5/11/2020 22:00,81,39,FALSE,120
5/11/2020 23:00,78,40,FALSE,118
5/12/2020 0:00,68,35,FALSE,103
5/12/2020 1:00,73,43,FALSE,116
5/12/2020 2:00,66,37,FALSE,103
5/12/2020 3:00,70,37,FALSE,107
5/12/2020 4:00,72,39,FALSE,111
5/12/2020 5:00,77,49,FALSE,126
5/12/2020 6:00,68,52,FALSE,120
5/12/2020 7:00,68,55,FALSE,123
5/12/2020 8:00,65,57,FALSE,122
5/12/2020 9:00,67,52,FALSE,119
5/12/2020 10:00,63,51,FALSE,114
5/12/2020 11:00,65,49,FALSE,114
5/12/2020 12:00,64,47,FALSE,111
5/12/2020 13:00,68,48,FALSE,116
5/12/2020 14:00,64,44,FALSE,108
5/12/2020 15:00,64,40,FALSE,104
5/12/2020 16:00,63,38,FALSE,101
5/12/2020 17:00,67,38,FALSE,105
5/12/2020 18:00,65,39,FALSE,104
5/12/2020 19:00,68,38,FALSE,106
5/12/2020 20:00,70,41,FALSE,111
5/12/2020 21:00,71,38,FALSE,109
5/12/2020 22:00,72,37,FALSE,109
5/12/2020 23:00,70,33,FALSE,103
5/13/2020 0:00,62,31,FALSE,93
5/13/2020 0:00,71,35,FALSE,106
5/13/2020 1:00,73,34,FALSE,107
5/13/2020 2:00,75,38,FALSE,113
5/13/2020 3:00,71,42,FALSE,113
5/13/2020 4:00,71,41,FALSE,112
5/13/2020 5:00,73,49,FALSE,122
5/13/2020 6:00,71,59,FALSE,130
5/13/2020 7:00,69,58,FALSE,127
5/13/2020 8:00,67,60,FALSE,127
5/13/2020 9:00,69,60,FALSE,129
5/13/2020 10:00,68,54,FALSE,122
5/13/2020 11:00,70,52,FALSE,122
5/13/2020 12:00,70,57,FALSE,127
5/13/2020 13:00,72,54,FALSE,126
5/13/2020 14:00,73,52,FALSE,125
5/13/2020 15:00,77,51,FALSE,128
5/13/2020 16:00,74,49,FALSE,123
5/13/2020 17:00,71,43,FALSE,114
5/13/2020 18:00,75,43,FALSE,118
5/13/2020 19:00,81,45,FALSE,126
5/13/2020 20:00,88,51,FALSE,139
5/13/2020 21:00,93,50,FALSE,143
5/13/2020 22:00,97,49,FALSE,146
5/13/2020 23:00,93,48,FALSE,141
5/14/2020 0:00,78,42,FALSE,120
5/14/2020 1:00,74,39,FALSE,113
5/14/2020 2:00,74,40,FALSE,114
5/14/2020 3:00,77,41,FALSE,118
5/14/2020 4:00,73,47,FALSE,120
5/14/2020 5:00,79,52,FALSE,131
5/14/2020 6:00,79,60,FALSE,139
5/14/2020 7:00,76,63,FALSE,139
5/14/2020 8:00,83,64,FALSE,147
5/14/2020 9:00,91,75,FALSE,166
5/14/2020 10:00,89,60,FALSE,149
5/14/2020 11:00,83,58,FALSE,141
5/14/2020 12:00,77,56,FALSE,133
5/14/2020 13:00,79,53,FALSE,132
5/14/2020 14:00,76,55,FALSE,131
5/14/2020 15:00,78,49,FALSE,127
5/14/2020 16:00,74,48,FALSE,122
5/14/2020 17:00,74,42,FALSE,116
5/14/2020 18:00,72,45,FALSE,117
5/14/2020 19:00,77,43,FALSE,120
5/14/2020 20:00,83,48,FALSE,131
5/14/2020 21:00,90,46,FALSE,136
5/14/2020 22:00,93,45,FALSE,138
5/14/2020 23:00,85,44,FALSE,129
5/15/2020 0:00,77,38,FALSE,115
5/15/2020 1:00,74,39,FALSE,113
5/15/2020 2:00,77,38,FALSE,115
5/15/2020 3:00,69,42,FALSE,111
5/15/2020 4:00,76,43,FALSE,119
5/15/2020 5:00,77,46,FALSE,123
5/15/2020 6:00,71,53,FALSE,124
5/15/2020 7:00,71,59,FALSE,130
5/15/2020 8:00,68,56,FALSE,124
5/15/2020 9:00,71,58,FALSE,129
5/15/2020 10:00,70,54,FALSE,124
5/15/2020 11:00,73,53,FALSE,126
5/15/2020 12:00,66,50,FALSE,116
5/15/2020 13:00,70,48,FALSE,118
5/15/2020 14:00,69,45,FALSE,114
5/15/2020 15:00,66,44,FALSE,110
5/15/2020 16:00,65,41,FALSE,106
5/15/2020 17:00,69,38,FALSE,107
5/15/2020 18:00,68,40,FALSE,108
5/15/2020 19:00,72,42,FALSE,114
5/15/2020 20:00,78,44,FALSE,122
5/15/2020 21:00,88,45,FALSE,133
5/15/2020 22:00,79,43,FALSE,122
5/15/2020 23:00,76,38,FALSE,114
5/16/2020 0:00,71,38,FALSE,109
5/16/2020 1:00,72,35,FALSE,107
5/16/2020 2:00,72,36,FALSE,108
5/16/2020 3:00,70,37,FALSE,107
5/16/2020 4:00,72,38,FALSE,110
5/16/2020 5:00,76,44,FALSE,120
5/16/2020 6:00,75,47,FALSE,122
5/16/2020 7:00,71,48,FALSE,119
5/16/2020 8:00,73,49,FALSE,122
5/16/2020 9:00,70,50,FALSE,120
5/16/2020 10:00,69,48,FALSE,117
5/16/2020 11:00,74,49,FALSE,123
5/16/2020 12:00,69,48,FALSE,117
5/16/2020 13:00,78,45,FALSE,123
5/16/2020 14:00,68,44,FALSE,112
5/16/2020 15:00,71,45,FALSE,116
5/16/2020 16:00,69,48,FALSE,117
5/16/2020 17:00,75,42,FALSE,117
5/16/2020 18:00,71,47,FALSE,118
5/16/2020 19:00,71,41,FALSE,112
5/16/2020 20:00,74,44,FALSE,118
5/16/2020 21:00,82,46,FALSE,128
5/16/2020 22:00,81,42,FALSE,123
5/16/2020 23:00,83,38,FALSE,121
5/17/2020 0:00,70,34,FALSE,104
5/17/2020 1:00,68,35,FALSE,103
5/17/2020 2:00,72,35,FALSE,107
5/17/2020 3:00,66,39,FALSE,105
5/17/2020 4:00,68,41,FALSE,109
5/17/2020 5:00,74,48,FALSE,122
5/17/2020 6:00,73,50,FALSE,123
5/17/2020 7:00,75,52,FALSE,127
5/17/2020 8:00,76,51,FALSE,127
5/17/2020 9:00,74,49,FALSE,123
5/17/2020 10:00,69,53,FALSE,122
5/17/2020 11:00,73,50,FALSE,123
5/17/2020 12:00,79,52,FALSE,131
5/17/2020 13:00,81,49,FALSE,130
5/17/2020 14:00,78,48,FALSE,126
5/17/2020 15:00,85,52,FALSE,137
5/17/2020 16:00,84,49,FALSE,133
5/17/2020 17:00,84,46,FALSE,130
5/17/2020 18:00,82,48,FALSE,130
5/17/2020 19:00,85,48,FALSE,133
5/17/2020 20:00,85,49,FALSE,134
5/17/2020 21:00,94,51,FALSE,145
5/17/2020 22:00,92,48,FALSE,140
5/17/2020 23:00,89,44,FALSE,133
5/18/2020 0:00,71,42,FALSE,113
5/18/2020 1:00,85,47,FALSE,132
5/18/2020 2:00,84,45,FALSE,129
5/18/2020 3:00,88,48,FALSE,136
5/18/2020 4:00,88,54,FALSE,142
5/18/2020 5:00,100,62,FALSE,162
5/18/2020 6:00,88,67,FALSE,155
5/18/2020 7:00,85,71,FALSE,156
5/18/2020 8:00,86,70,FALSE,156
5/18/2020 9:00,81,64,FALSE,145
5/18/2020 10:00,80,60,FALSE,140
5/18/2020 11:00,80,60,FALSE,140
5/18/2020 12:00,76,58,FALSE,134
5/18/2020 13:00,79,55,FALSE,134
5/18/2020 14:00,78,55,FALSE,133
5/18/2020 15:00,78,51,FALSE,129
5/18/2020 16:00,75,47,FALSE,122
5/18/2020 17:00,77,46,FALSE,123
5/18/2020 18:00,73,43,FALSE,116
5/18/2020 19:00,80,47,FALSE,127
5/18/2020 20:00,85,47,FALSE,132
5/18/2020 21:00,93,48,FALSE,141
5/18/2020 22:00,87,47,FALSE,134
5/18/2020 23:00,94,47,FALSE,141
5/19/2020 0:00,75,38,FALSE,113
5/19/2020 1:00,76,41,FALSE,117
5/19/2020 2:00,72,40,FALSE,112
5/19/2020 3:00,73,42,FALSE,115
5/19/2020 4:00,78,42,FALSE,120
5/19/2020 5:00,77,54,FALSE,131
5/19/2020 6:00,75,60,FALSE,135
5/19/2020 7:00,72,65,FALSE,137
5/19/2020 8:00,69,66,FALSE,135
5/19/2020 9:00,71,60,FALSE,131
5/19/2020 10:00,75,54,FALSE,129
5/19/2020 11:00,72,56,FALSE,128
5/19/2020 12:00,69,54,FALSE,123
5/19/2020 13:00,70,49,FALSE,119
5/19/2020 14:00,66,50,FALSE,116
5/19/2020 15:00,69,45,FALSE,114
5/19/2020 16:00,66,45,FALSE,111
5/19/2020 17:00,71,43,FALSE,114
5/19/2020 18:00,73,45,FALSE,118
5/19/2020 19:00,73,42,FALSE,115
5/19/2020 20:00,75,46,FALSE,121
5/19/2020 21:00,81,43,FALSE,124
5/19/2020 22:00,80,39,FALSE,119
5/19/2020 23:00,80,43,FALSE,123
5/20/2020 0:00,71,38,FALSE,109
5/20/2020 0:00,88,47,FALSE,135
5/20/2020 1:00,93,44,FALSE,137
5/20/2020 2:00,86,50,FALSE,136
5/20/2020 3:00,88,46,FALSE,134
5/20/2020 4:00,90,59,FALSE,149
5/20/2020 5:00,90,60,FALSE,150
5/20/2020 6:00,91,72,FALSE,163
5/20/2020 7:00,85,75,FALSE,160
5/20/2020 8:00,84,78,FALSE,162
5/20/2020 9:00,84,67,FALSE,151
5/20/2020 10:00,88,68,FALSE,156
5/20/2020 11:00,79,63,FALSE,142
5/20/2020 12:00,83,64,FALSE,147
5/20/2020 13:00,88,65,FALSE,153
5/20/2020 14:00,80,60,FALSE,140
5/20/2020 15:00,88,59,FALSE,147
5/20/2020 16:00,89,54,FALSE,143
5/20/2020 17:00,86,49,FALSE,135
5/20/2020 18:00,89,52,FALSE,141
5/20/2020 19:00,88,49,FALSE,137
5/20/2020 20:00,89,51,FALSE,140
5/20/2020 21:00,98,53,FALSE,151
5/20/2020 22:00,100,51,FALSE,151
5/20/2020 23:00,97,49,FALSE,146
5/21/2020 0:00,81,44,FALSE,125
5/21/2020 1:00,83,43,FALSE,126
5/21/2020 2:00,81,42,FALSE,123
5/21/2020 3:00,85,50,FALSE,135
5/21/2020 4:00,85,51,FALSE,136
5/21/2020 5:00,89,55,FALSE,144
5/21/2020 6:00,82,61,FALSE,143
5/21/2020 7:00,87,64,FALSE,151
5/21/2020 8:00,81,65,FALSE,146
5/21/2020 9:00,82,63,FALSE,145
5/21/2020 10:00,80,65,FALSE,145
5/21/2020 11:00,79,56,FALSE,135
5/21/2020 12:00,82,60,FALSE,142
5/21/2020 13:00,88,55,FALSE,143
5/21/2020 14:00,88,56,FALSE,144
5/21/2020 15:00,91,53,FALSE,144
5/21/2020 16:00,86,50,FALSE,136
5/21/2020 17:00,83,53,FALSE,136
5/21/2020 18:00,96,54,FALSE,150
5/21/2020 19:00,96,54,FALSE,150
5/21/2020 20:00,93,53,FALSE,146
5/21/2020 21:00,97,53,FALSE,150
5/21/2020 22:00,97,57,FALSE,154
5/21/2020 23:00,98,50,FALSE,148
5/22/2020 0:00,86,50,FALSE,136
5/22/2020 1:00,80,45,FALSE,125
5/22/2020 2:00,82,46,FALSE,128
5/22/2020 3:00,81,52,FALSE,133
5/22/2020 4:00,84,54,FALSE,138
5/22/2020 5:00,89,57,FALSE,146
5/22/2020 6:00,90,66,FALSE,156
5/22/2020 7:00,83,71,FALSE,154
5/22/2020 8:00,86,68,FALSE,154
5/22/2020 9:00,78,69,FALSE,147
5/22/2020 10:00,86,65,FALSE,151
5/22/2020 11:00,78,56,FALSE,134
5/22/2020 12:00,80,54,FALSE,134
5/22/2020 13:00,82,55,FALSE,137
5/22/2020 14:00,75,51,FALSE,126
5/22/2020 15:00,73,55,FALSE,128
5/22/2020 16:00,78,49,FALSE,127
5/22/2020 17:00,82,53,FALSE,135
5/22/2020 18:00,85,54,FALSE,139
5/22/2020 19:00,85,50,FALSE,135
5/22/2020 20:00,87,49,FALSE,136
5/22/2020 21:00,93,51,FALSE,144
5/22/2020 22:00,89,49,FALSE,138
5/22/2020 23:00,94,44,FALSE,138
5/23/2020 0:00,76,44,FALSE,120
5/23/2020 1:00,80,43,FALSE,123
5/23/2020 2:00,82,44,FALSE,126
5/23/2020 3:00,87,48,FALSE,135
5/23/2020 4:00,82,48,FALSE,130
5/23/2020 5:00,82,49,FALSE,131
5/23/2020 6:00,82,58,FALSE,140
5/23/2020 7:00,84,60,FALSE,144
5/23/2020 8:00,90,63,FALSE,153
5/23/2020 9:00,82,61,FALSE,143
5/23/2020 10:00,77,57,FALSE,134
5/23/2020 11:00,77,60,FALSE,137
5/23/2020 12:00,81,58,FALSE,139
5/23/2020 13:00,82,57,FALSE,139
5/23/2020 14:00,73,57,FALSE,130
5/23/2020 15:00,76,56,FALSE,132
5/23/2020 16:00,71,58,FALSE,129
5/23/2020 17:00,75,51,FALSE,126
5/23/2020 18:00,79,50,FALSE,129
5/23/2020 19:00,81,48,FALSE,129
5/23/2020 20:00,86,50,FALSE,136
5/23/2020 21:00,91,49,FALSE,140
5/23/2020 22:00,86,50,FALSE,136
5/23/2020 23:00,98,45,FALSE,143
5/24/2020 0:00,79,41,FALSE,120
5/24/2020 1:00,78,42,FALSE,120
5/24/2020 2:00,76,45,FALSE,121
5/24/2020 3:00,78,42,FALSE,120
5/24/2020 4:00,75,47,FALSE,122
5/24/2020 5:00,81,48,FALSE,129
5/24/2020 6:00,90,57,FALSE,147
5/24/2020 7:00,85,59,FALSE,144
5/24/2020 8:00,86,60,FALSE,146
5/24/2020 9:00,82,63,FALSE,145
5/24/2020 10:00,85,61,FALSE,146
5/24/2020 11:00,87,59,FALSE,146
5/24/2020 12:00,77,55,FALSE,132
5/24/2020 13:00,86,57,FALSE,143
5/24/2020 14:00,77,53,FALSE,130
5/24/2020 15:00,83,52,FALSE,135
5/24/2020 16:00,77,55,FALSE,132
5/24/2020 17:00,80,50,FALSE,130
5/24/2020 18:00,80,52,FALSE,132
5/24/2020 19:00,78,51,FALSE,129
5/24/2020 20:00,89,53,FALSE,142
5/24/2020 21:00,98,54,FALSE,152
5/24/2020 22:00,92,46,FALSE,138
5/24/2020 23:00,93,46,FALSE,139
5/25/2020 0:00,84,44,FALSE,128
5/25/2020 1:00,79,43,FALSE,122
5/25/2020 2:00,73,48,FALSE,121
5/25/2020 3:00,78,47,FALSE,125
5/25/2020 4:00,82,48,FALSE,130
5/25/2020 5:00,87,61,FALSE,148
5/25/2020 6:00,80,68,FALSE,148
5/25/2020 7:00,80,80,FALSE,160
5/25/2020 8:00,79,82,FALSE,161
5/25/2020 9:00,79,75,FALSE,154
5/25/2020 10:00,79,69,FALSE,148
5/25/2020 11:00,77,69,FALSE,146
5/25/2020 12:00,78,68,FALSE,146
5/25/2020 13:00,86,64,FALSE,150
5/25/2020 14:00,77,63,FALSE,140
5/25/2020 15:00,79,58,FALSE,137
5/25/2020 16:00,79,54,FALSE,133
5/25/2020 17:00,77,54,FALSE,131
5/25/2020 18:00,80,53,FALSE,133
5/25/2020 19:00,86,53,FALSE,139
5/25/2020 20:00,86,55,FALSE,141
5/25/2020 21:00,94,55,FALSE,149
5/25/2020 22:00,93,49,FALSE,142
5/25/2020 23:00,82,49,FALSE,131
5/26/2020 0:00,76,44,FALSE,120
5/26/2020 1:00,87,54,FALSE,141
5/26/2020 2:00,78,45,FALSE,123
5/26/2020 3:00,82,49,FALSE,131
5/26/2020 4:00,79,57,FALSE,136
5/26/2020 5:00,90,63,FALSE,153
5/26/2020 6:00,76,73,FALSE,149
5/26/2020 7:00,74,74,FALSE,148
5/26/2020 8:00,77,76,FALSE,153
5/26/2020 9:00,71,73,FALSE,144
5/26/2020 10:00,71,64,FALSE,135
5/26/2020 11:00,76,68,FALSE,144
5/26/2020 12:00,78,70,FALSE,148
5/26/2020 13:00,84,60,FALSE,144
5/26/2020 14:00,73,60,FALSE,133
5/26/2020 15:00,78,59,FALSE,137
5/26/2020 16:00,79,54,FALSE,133
5/26/2020 17:00,73,49,FALSE,122
5/26/2020 18:00,79,52,FALSE,131
5/26/2020 19:00,79,53,FALSE,132
5/26/2020 20:00,84,55,FALSE,139
5/26/2020 21:00,89,53,FALSE,142
5/26/2020 22:00,88,47,FALSE,135
5/26/2020 23:00,82,44,FALSE,126
5/27/2020 0:00,72,41,FALSE,113
5/27/2020 0:00,32,18,FALSE,50
5/27/2020 1:00,32,19,FALSE,51
5/27/2020 2:00,37,21,FALSE,58
5/27/2020 3:00,34,21,FALSE,55
5/27/2020 4:00,35,25,FALSE,60
5/27/2020 5:00,37,27,FALSE,64
5/27/2020 6:00,32,33,FALSE,65
5/27/2020 7:00,36,34,FALSE,70
5/27/2020 8:00,34,41,FALSE,75
5/27/2020 9:00,34,37,FALSE,71
5/27/2020 10:00,35,33,FALSE,68
5/27/2020 11:00,36,36,FALSE,72
5/27/2020 12:00,34,33,FALSE,67
5/27/2020 13:00,36,31,FALSE,67
5/27/2020 14:00,33,30,FALSE,63
5/27/2020 15:00,34,27,FALSE,61
5/27/2020 16:00,32,25,FALSE,57
5/27/2020 17:00,32,23,FALSE,55
5/27/2020 18:00,34,24,FALSE,58
5/27/2020 19:00,34,23,FALSE,57
5/27/2020 20:00,37,24,FALSE,61
5/27/2020 21:00,41,22,FALSE,63
5/27/2020 22:00,41,21,FALSE,62
5/27/2020 23:00,37,20,FALSE,57
5/28/2020 0:00,33,20,FALSE,53
5/28/2020 1:00,34,20,FALSE,54
5/28/2020 2:00,34,20,FALSE,54
5/28/2020 3:00,34,22,FALSE,56
5/28/2020 4:00,35,25,FALSE,60
5/28/2020 5:00,34,28,FALSE,62
5/28/2020 6:00,34,32,FALSE,66
5/28/2020 7:00,34,32,FALSE,66
5/28/2020 8:00,32,35,FALSE,67
5/28/2020 9:00,31,32,FALSE,63
5/28/2020 10:00,33,29,FALSE,62
5/28/2020 11:00,32,30,FALSE,62
5/28/2020 12:00,32,30,FALSE,62
5/28/2020 13:00,39,30,FALSE,69
5/28/2020 14:00,35,29,FALSE,64
5/28/2020 15:00,38,27,FALSE,65
5/28/2020 16:00,41,26,FALSE,67
5/28/2020 17:00,37,25,FALSE,62
5/28/2020 18:00,38,26,FALSE,64
5/28/2020 19:00,39,25,FALSE,64
5/28/2020 20:00,41,25,FALSE,66
5/28/2020 21:00,44,24,FALSE,68
5/28/2020 22:00,44,22,FALSE,66
5/28/2020 23:00,46,25,FALSE,71
5/29/2020 0:00,49,26,FALSE,75
5/29/2020 1:00,46,24,FALSE,70
5/29/2020 2:00,44,24,FALSE,68
5/29/2020 3:00,45,28,FALSE,73
5/29/2020 4:00,47,30,FALSE,77
5/29/2020 5:00,46,29,FALSE,75
5/29/2020 6:00,43,33,FALSE,76
5/29/2020 7:00,45,36,FALSE,81
5/29/2020 8:00,46,39,FALSE,85
5/29/2020 9:00,39,33,FALSE,72
5/29/2020 10:00,40,34,FALSE,74
5/29/2020 11:00,39,32,FALSE,71
5/29/2020 12:00,39,29,FALSE,68
5/29/2020 13:00,40,30,FALSE,70
5/29/2020 14:00,35,27,FALSE,62
5/29/2020 15:00,37,27,FALSE,64
5/29/2020 16:00,38,25,FALSE,63
5/29/2020 17:00,39,26,FALSE,65
5/29/2020 18:00,38,24,FALSE,62
5/29/2020 19:00,40,25,FALSE,65
5/29/2020 20:00,41,25,FALSE,66
5/29/2020 21:00,46,24,FALSE,70
5/29/2020 22:00,42,23,FALSE,65
5/29/2020 23:00,45,22,FALSE,67
5/30/2020 0:00,38,20,FALSE,58
5/30/2020 1:00,36,19,FALSE,55
5/30/2020 2:00,33,20,FALSE,53
5/30/2020 3:00,35,22,FALSE,57
5/30/2020 4:00,47,30,FALSE,77
5/30/2020 5:00,54,37,FALSE,91
5/30/2020 6:00,64,40,FALSE,104
5/30/2020 7:00,65,38,FALSE,103
5/30/2020 8:00,63,41,FALSE,104
5/30/2020 9:00,57,40,FALSE,97
5/30/2020 10:00,62,38,FALSE,100
5/30/2020 11:00,71,43,FALSE,114
5/30/2020 12:00,66,36,FALSE,102
5/30/2020 13:00,63,36,FALSE,99
5/30/2020 14:00,63,36,FALSE,99
5/30/2020 15:00,61,35,FALSE,96
5/30/2020 16:00,56,33,FALSE,89
5/30/2020 17:00,55,32,FALSE,87
5/30/2020 18:00,57,31,FALSE,88
5/30/2020 19:00,54,29,FALSE,83
5/30/2020 20:00,57,31,FALSE,88
5/30/2020 21:00,67,31,FALSE,98
5/30/2020 22:00,100,44,FALSE,144
5/30/2020 23:00,88,39,FALSE,127
5/31/2020 0:00,69,33,FALSE,102
5/31/2020 1:00,64,32,FALSE,96
5/31/2020 2:00,58,32,FALSE,90
5/31/2020 3:00,62,34,FALSE,96
5/31/2020 4:00,55,35,FALSE,90
5/31/2020 5:00,58,37,FALSE,95
5/31/2020 6:00,61,38,FALSE,99
5/31/2020 7:00,63,38,FALSE,101
5/31/2020 8:00,67,38,FALSE,105
5/31/2020 9:00,58,41,FALSE,99
5/31/2020 10:00,53,38,FALSE,91
5/31/2020 11:00,58,37,FALSE,95
5/31/2020 12:00,58,35,FALSE,93
5/31/2020 13:00,54,33,FALSE,87
5/31/2020 14:00,51,32,FALSE,83
5/31/2020 15:00,53,32,FALSE,85
5/31/2020 16:00,49,31,FALSE,80
5/31/2020 17:00,50,28,FALSE,78
5/31/2020 18:00,48,31,FALSE,79
5/31/2020 19:00,49,28,FALSE,77
5/31/2020 20:00,53,28,FALSE,81
5/31/2020 21:00,56,29,FALSE,85
5/31/2020 22:00,51,29,FALSE,80
5/31/2020 23:00,53,26,FALSE,79
6/1/2020 0:00,43,25,FALSE,68
6/1/2020 1:00,42,22,FALSE,64
6/1/2020 2:00,43,26,FALSE,69
6/1/2020 3:00,42,25,FALSE,67
6/1/2020 4:00,46,30,FALSE,76
6/1/2020 5:00,48,31,FALSE,79
6/1/2020 6:00,48,35,FALSE,83
6/1/2020 7:00,47,33,FALSE,80
6/1/2020 8:00,50,35,FALSE,85
6/1/2020 9:00,45,32,FALSE,77
6/1/2020 10:00,45,32,FALSE,77
6/1/2020 11:00,44,32,FALSE,76
6/1/2020 12:00,44,32,FALSE,76
6/1/2020 13:00,46,31,FALSE,77
6/1/2020 14:00,44,31,FALSE,75
6/1/2020 15:00,46,30,FALSE,76
6/1/2020 16:00,44,30,FALSE,74
6/1/2020 17:00,46,26,FALSE,72
6/1/2020 18:00,44,27,FALSE,71
6/1/2020 19:00,45,26,FALSE,71
6/1/2020 20:00,51,29,FALSE,80
6/1/2020 21:00,57,29,FALSE,86
6/1/2020 22:00,58,29,FALSE,87
6/1/2020 23:00,76,39,FALSE,115
6/2/2020 0:00,61,32,FALSE,93
6/2/2020 1:00,56,28,FALSE,84
6/2/2020 2:00,52,30,FALSE,82
6/2/2020 3:00,55,32,FALSE,87
6/2/2020 4:00,55,35,FALSE,90
6/2/2020 5:00,60,39,FALSE,99
6/2/2020 6:00,58,43,FALSE,101
6/2/2020 7:00,59,45,FALSE,104
6/2/2020 8:00,60,47,FALSE,107
6/2/2020 9:00,56,44,FALSE,100
6/2/2020 10:00,59,41,FALSE,100
6/2/2020 11:00,62,44,FALSE,106
6/2/2020 12:00,62,41,FALSE,103
6/2/2020 13:00,62,39,FALSE,101
6/2/2020 14:00,63,40,FALSE,103
6/2/2020 15:00,65,39,FALSE,104
6/2/2020 16:00,54,33,FALSE,87
6/2/2020 17:00,52,30,FALSE,82
6/2/2020 18:00,50,29,FALSE,79
6/2/2020 19:00,50,28,FALSE,78
6/2/2020 20:00,53,29,FALSE,82
6/2/2020 21:00,58,28,FALSE,86
6/2/2020 22:00,51,28,FALSE,79
6/2/2020 23:00,51,26,FALSE,77
6/3/2020 0:00,45,25,FALSE,70
6/3/2020 0:00,85,47,FALSE,132
6/3/2020 1:00,80,49,FALSE,129
6/3/2020 2:00,81,49,FALSE,130
6/3/2020 3:00,81,50,FALSE,131
6/3/2020 4:00,87,51,FALSE,138
6/3/2020 5:00,90,63,FALSE,153
6/3/2020 6:00,85,70,FALSE,155
6/3/2020 7:00,81,72,FALSE,153
6/3/2020 8:00,87,75,FALSE,162
6/3/2020 9:00,84,70,FALSE,154
6/3/2020 10:00,88,71,FALSE,159
6/3/2020 11:00,85,65,FALSE,150
6/3/2020 12:00,82,65,FALSE,147
6/3/2020 13:00,85,59,FALSE,144
6/3/2020 14:00,77,61,FALSE,138
6/3/2020 15:00,80,54,FALSE,134
6/3/2020 16:00,82,54,FALSE,136
6/3/2020 17:00,84,50,FALSE,134
6/3/2020 18:00,86,51,FALSE,137
6/3/2020 19:00,90,50,FALSE,140
6/3/2020 20:00,87,49,FALSE,136
6/3/2020 21:00,100,53,FALSE,153
6/3/2020 22:00,88,49,FALSE,137
6/3/2020 23:00,94,46,FALSE,140
6/4/2020 0:00,77,44,FALSE,121
6/4/2020 1:00,78,42,FALSE,120
6/4/2020 2:00,87,46,FALSE,133
6/4/2020 3:00,92,55,FALSE,147
6/4/2020 4:00,86,55,FALSE,141
6/4/2020 5:00,89,65,FALSE,154
6/4/2020 6:00,83,71,FALSE,154
6/4/2020 7:00,87,76,FALSE,163
6/4/2020 8:00,88,73,FALSE,161
6/4/2020 9:00,80,73,FALSE,153
6/4/2020 10:00,81,62,FALSE,143
6/4/2020 11:00,79,64,FALSE,143
6/4/2020 12:00,78,63,FALSE,141
6/4/2020 13:00,85,64,FALSE,149
6/4/2020 14:00,82,59,FALSE,141
6/4/2020 15:00,84,56,FALSE,140
6/4/2020 16:00,83,53,FALSE,136
6/4/2020 17:00,81,49,FALSE,130
6/4/2020 18:00,81,52,FALSE,133
6/4/2020 19:00,88,52,FALSE,140
6/4/2020 20:00,90,50,FALSE,140
6/4/2020 21:00,96,46,FALSE,142
6/4/2020 22:00,91,45,FALSE,136
6/4/2020 23:00,83,42,FALSE,125
6/5/2020 0:00,77,41,FALSE,118
6/5/2020 1:00,79,40,FALSE,119
6/5/2020 2:00,76,44,FALSE,120
6/5/2020 3:00,78,50,FALSE,128
6/5/2020 4:00,82,47,FALSE,129
6/5/2020 5:00,86,58,FALSE,144
6/5/2020 6:00,76,62,FALSE,138
6/5/2020 7:00,79,67,FALSE,146
6/5/2020 8:00,79,69,FALSE,148
6/5/2020 9:00,75,66,FALSE,141
6/5/2020 10:00,77,63,FALSE,140
6/5/2020 11:00,74,63,FALSE,137
6/5/2020 12:00,81,60,FALSE,141
6/5/2020 13:00,80,57,FALSE,137
6/5/2020 14:00,76,57,FALSE,133
6/5/2020 15:00,79,55,FALSE,134
6/5/2020 16:00,72,49,FALSE,121
6/5/2020 17:00,72,49,FALSE,121
6/5/2020 18:00,78,44,FALSE,122
6/5/2020 19:00,75,45,FALSE,120
6/5/2020 20:00,81,44,FALSE,125
6/5/2020 21:00,85,45,FALSE,130
6/5/2020 22:00,81,43,FALSE,124
6/5/2020 23:00,83,45,FALSE,128
6/6/2020 0:00,72,38,FALSE,110
6/6/2020 1:00,66,39,FALSE,105
6/6/2020 2:00,65,39,FALSE,104
6/6/2020 3:00,69,43,FALSE,112
6/6/2020 4:00,73,46,FALSE,119
6/6/2020 5:00,76,49,FALSE,125
6/6/2020 6:00,70,52,FALSE,122
6/6/2020 7:00,79,59,FALSE,138
6/6/2020 8:00,77,60,FALSE,137
6/6/2020 9:00,77,58,FALSE,135
6/6/2020 10:00,75,58,FALSE,133
6/6/2020 11:00,75,51,FALSE,126
6/6/2020 12:00,70,53,FALSE,123
6/6/2020 13:00,77,51,FALSE,128
6/6/2020 14:00,71,48,FALSE,119
6/6/2020 15:00,69,50,FALSE,119
6/6/2020 16:00,73,48,FALSE,121
6/6/2020 17:00,72,43,FALSE,115
6/6/2020 18:00,72,42,FALSE,114
6/6/2020 19:00,75,45,FALSE,120
6/6/2020 20:00,73,39,FALSE,112
6/6/2020 21:00,86,44,FALSE,130
6/6/2020 22:00,82,49,FALSE,131
6/6/2020 23:00,72,43,FALSE,115
6/7/2020 0:00,76,41,FALSE,117
6/7/2020 1:00,66,35,FALSE,101
6/7/2020 2:00,64,37,FALSE,101
6/7/2020 3:00,70,43,FALSE,113
6/7/2020 4:00,71,44,FALSE,115
6/7/2020 5:00,78,50,FALSE,128
6/7/2020 6:00,77,54,FALSE,131
6/7/2020 7:00,72,54,FALSE,126
6/7/2020 8:00,82,56,FALSE,138
6/7/2020 9:00,76,62,FALSE,138
6/7/2020 10:00,73,56,FALSE,129
6/7/2020 11:00,73,55,FALSE,128
6/7/2020 12:00,75,56,FALSE,131
6/7/2020 13:00,88,54,FALSE,142
6/7/2020 14:00,79,53,FALSE,132
6/7/2020 15:00,80,52,FALSE,132
6/7/2020 16:00,78,51,FALSE,129
6/7/2020 17:00,77,50,FALSE,127
6/7/2020 18:00,77,49,FALSE,126
6/7/2020 19:00,84,54,FALSE,138
6/7/2020 20:00,92,52,FALSE,144
6/7/2020 21:00,97,50,FALSE,147
6/7/2020 22:00,84,47,FALSE,131
6/7/2020 23:00,93,47,FALSE,140
6/8/2020 0:00,77,44,FALSE,121
6/8/2020 1:00,72,38,FALSE,110
6/8/2020 2:00,73,40,FALSE,113
6/8/2020 3:00,74,48,FALSE,122
6/8/2020 4:00,75,48,FALSE,123
6/8/2020 5:00,81,58,FALSE,139
6/8/2020 6:00,75,67,FALSE,142
6/8/2020 7:00,77,73,FALSE,150
6/8/2020 8:00,78,76,FALSE,154
6/8/2020 9:00,75,71,FALSE,146
6/8/2020 10:00,76,66,FALSE,142
6/8/2020 11:00,78,66,FALSE,144
6/8/2020 12:00,73,63,FALSE,136
6/8/2020 13:00,83,60,FALSE,143
6/8/2020 14:00,75,60,FALSE,135
6/8/2020 15:00,80,56,FALSE,136
6/8/2020 16:00,77,51,FALSE,128
6/8/2020 17:00,78,50,FALSE,128
6/8/2020 18:00,82,51,FALSE,133
6/8/2020 19:00,80,46,FALSE,126
6/8/2020 20:00,88,50,FALSE,138
6/8/2020 21:00,94,50,FALSE,144
6/8/2020 22:00,93,45,FALSE,138
6/8/2020 23:00,89,43,FALSE,132
6/9/2020 0:00,86,44,FALSE,130
6/9/2020 1:00,81,45,FALSE,126
6/9/2020 2:00,77,43,FALSE,120
6/9/2020 3:00,80,50,FALSE,130
6/9/2020 4:00,84,55,FALSE,139
6/9/2020 5:00,85,60,FALSE,145
6/9/2020 6:00,77,66,FALSE,143
6/9/2020 7:00,78,67,FALSE,145
6/9/2020 8:00,78,75,FALSE,153
6/9/2020 9:00,76,72,FALSE,148
6/9/2020 10:00,76,63,FALSE,139
6/9/2020 11:00,77,62,FALSE,139
6/9/2020 12:00,75,59,FALSE,134
6/9/2020 13:00,82,61,FALSE,143
6/9/2020 14:00,74,59,FALSE,133
6/9/2020 15:00,76,55,FALSE,131
6/9/2020 16:00,79,50,FALSE,129
6/9/2020 17:00,76,48,FALSE,124
6/9/2020 18:00,76,50,FALSE,126
6/9/2020 19:00,81,46,FALSE,127
6/9/2020 20:00,82,52,FALSE,134
6/9/2020 21:00,94,49,FALSE,143
6/9/2020 22:00,86,48,FALSE,134
6/9/2020 23:00,88,44,FALSE,132
6/10/2020 0:00,76,42,FALSE,118
6/10/2020 0:00,76,42,FALSE,118
6/10/2020 1:00,74,43,FALSE,117
6/10/2020 2:00,73,42,FALSE,115
6/10/2020 3:00,74,45,FALSE,119
6/10/2020 4:00,76,54,FALSE,130
6/10/2020 5:00,80,65,FALSE,145
6/10/2020 6:00,73,69,FALSE,142
6/10/2020 7:00,76,77,FALSE,153
6/10/2020 8:00,77,75,FALSE,152
6/10/2020 9:00,74,71,FALSE,145
6/10/2020 10:00,75,66,FALSE,141
6/10/2020 11:00,73,66,FALSE,139
6/10/2020 12:00,73,65,FALSE,138
6/10/2020 13:00,78,62,FALSE,140
6/10/2020 14:00,73,60,FALSE,133
6/10/2020 15:00,74,61,FALSE,135
6/10/2020 16:00,72,51,FALSE,123
6/10/2020 17:00,76,51,FALSE,127
6/10/2020 18:00,82,53,FALSE,135
6/10/2020 19:00,85,56,FALSE,141
6/10/2020 20:00,94,56,FALSE,150
6/10/2020 21:00,96,54,FALSE,150
6/10/2020 22:00,100,52,FALSE,152
6/10/2020 23:00,94,48,FALSE,142
6/11/2020 0:00,86,45,FALSE,131
6/11/2020 1:00,78,46,FALSE,124
6/11/2020 2:00,81,50,FALSE,131
6/11/2020 3:00,79,48,FALSE,127
6/11/2020 4:00,85,55,FALSE,140
6/11/2020 5:00,91,60,FALSE,151
6/11/2020 6:00,85,69,FALSE,154
6/11/2020 7:00,82,74,FALSE,156
6/11/2020 8:00,79,76,FALSE,155
6/11/2020 9:00,79,73,FALSE,152
6/11/2020 10:00,81,66,FALSE,147
6/11/2020 11:00,79,63,FALSE,142
6/11/2020 12:00,77,64,FALSE,141
6/11/2020 13:00,82,60,FALSE,142
6/11/2020 14:00,77,59,FALSE,136
6/11/2020 15:00,79,55,FALSE,134
6/11/2020 16:00,85,55,FALSE,140
6/11/2020 17:00,90,59,FALSE,149
6/11/2020 18:00,81,52,FALSE,133
6/11/2020 19:00,87,53,FALSE,140
6/11/2020 20:00,95,58,FALSE,153
6/11/2020 21:00,89,51,FALSE,140
6/11/2020 22:00,84,46,FALSE,130
6/11/2020 23:00,85,46,FALSE,131
6/12/2020 0:00,78,45,FALSE,123
6/12/2020 1:00,74,44,FALSE,118
6/12/2020 2:00,70,44,FALSE,114
6/12/2020 3:00,73,45,FALSE,118
6/12/2020 4:00,77,48,FALSE,125
6/12/2020 5:00,77,55,FALSE,132
6/12/2020 6:00,76,70,FALSE,146
6/12/2020 7:00,76,68,FALSE,144
6/12/2020 8:00,79,72,FALSE,151
6/12/2020 9:00,74,68,FALSE,142
6/12/2020 10:00,73,62,FALSE,135
6/12/2020 11:00,74,59,FALSE,133
6/12/2020 12:00,72,57,FALSE,129
6/12/2020 13:00,76,55,FALSE,131
6/12/2020 14:00,69,54,FALSE,123
6/12/2020 15:00,71,48,FALSE,119
6/12/2020 16:00,68,48,FALSE,116
6/12/2020 17:00,67,45,FALSE,112
6/12/2020 18:00,66,46,FALSE,112
6/12/2020 19:00,67,43,FALSE,110
6/12/2020 20:00,74,44,FALSE,118
6/12/2020 21:00,81,45,FALSE,126
6/12/2020 22:00,75,44,FALSE,119
6/12/2020 23:00,80,44,FALSE,124
6/13/2020 0:00,70,38,FALSE,108
6/13/2020 1:00,61,34,FALSE,95
6/13/2020 2:00,58,38,FALSE,96
6/13/2020 3:00,63,39,FALSE,102
6/13/2020 4:00,66,42,FALSE,108
6/13/2020 5:00,69,50,FALSE,119
6/13/2020 6:00,67,50,FALSE,117
6/13/2020 7:00,77,54,FALSE,131
6/13/2020 8:00,76,59,FALSE,135
6/13/2020 9:00,71,56,FALSE,127
6/13/2020 10:00,68,55,FALSE,123
6/13/2020 11:00,72,49,FALSE,121
6/13/2020 12:00,72,53,FALSE,125
6/13/2020 13:00,75,48,FALSE,123
6/13/2020 14:00,67,46,FALSE,113
6/13/2020 15:00,69,47,FALSE,116
6/13/2020 16:00,64,46,FALSE,110
6/13/2020 17:00,66,46,FALSE,112
6/13/2020 18:00,61,45,FALSE,106
6/13/2020 19:00,68,44,FALSE,112
6/13/2020 20:00,68,41,FALSE,109
6/13/2020 21:00,77,43,FALSE,120
6/13/2020 22:00,88,43,FALSE,131
6/13/2020 23:00,74,41,FALSE,115
6/14/2020 0:00,64,38,FALSE,102
6/14/2020 1:00,63,37,FALSE,100
6/14/2020 2:00,62,40,FALSE,102
6/14/2020 3:00,60,39,FALSE,99
6/14/2020 4:00,67,42,FALSE,109
6/14/2020 5:00,66,47,FALSE,113
6/14/2020 6:00,67,51,FALSE,118
6/14/2020 7:00,69,56,FALSE,125
6/14/2020 8:00,72,54,FALSE,126
6/14/2020 9:00,63,52,FALSE,115
6/14/2020 10:00,65,50,FALSE,115
6/14/2020 11:00,67,51,FALSE,118
6/14/2020 12:00,67,53,FALSE,120
6/14/2020 13:00,73,55,FALSE,128
6/14/2020 14:00,68,46,FALSE,114
6/14/2020 15:00,84,64,FALSE,148
6/14/2020 16:00,69,45,FALSE,114
6/14/2020 17:00,67,45,FALSE,112
6/14/2020 18:00,66,47,FALSE,113
6/14/2020 19:00,69,48,FALSE,117
6/14/2020 20:00,77,46,FALSE,123
6/14/2020 21:00,81,48,FALSE,129
6/14/2020 22:00,79,47,FALSE,126
6/14/2020 23:00,73,42,FALSE,115
6/15/2020 0:00,70,42,FALSE,112
6/15/2020 1:00,64,40,FALSE,104
6/15/2020 2:00,70,42,FALSE,112
6/15/2020 3:00,77,46,FALSE,123
6/15/2020 4:00,80,55,FALSE,135
6/15/2020 5:00,77,60,FALSE,137
6/15/2020 6:00,87,76,FALSE,163
6/15/2020 7:00,82,74,FALSE,156
6/15/2020 8:00,81,77,FALSE,158
6/15/2020 9:00,73,74,FALSE,147
6/15/2020 10:00,80,66,FALSE,146
6/15/2020 11:00,72,66,FALSE,138
6/15/2020 12:00,72,62,FALSE,134
6/15/2020 13:00,77,64,FALSE,141
6/15/2020 14:00,78,62,FALSE,140
6/15/2020 15:00,76,60,FALSE,136
6/15/2020 16:00,74,51,FALSE,125
6/15/2020 17:00,78,51,FALSE,129
6/15/2020 18:00,73,49,FALSE,122
6/15/2020 19:00,74,48,FALSE,122
6/15/2020 20:00,81,47,FALSE,128
6/15/2020 21:00,87,49,FALSE,136
6/15/2020 22:00,83,49,FALSE,132
6/15/2020 23:00,73,44,FALSE,117
6/16/2020 0:00,67,39,FALSE,106
6/16/2020 1:00,76,54,FALSE,130
6/16/2020 2:00,70,44,FALSE,114
6/16/2020 3:00,76,47,FALSE,123
6/16/2020 4:00,76,49,FALSE,125
6/16/2020 5:00,87,60,FALSE,147
6/16/2020 6:00,81,69,FALSE,150
6/16/2020 7:00,77,67,FALSE,144
6/16/2020 8:00,71,69,FALSE,140
6/16/2020 9:00,68,74,FALSE,142
6/16/2020 10:00,72,65,FALSE,137
6/16/2020 11:00,72,66,FALSE,138
6/16/2020 12:00,66,61,FALSE,127
6/16/2020 13:00,75,60,FALSE,135
6/16/2020 14:00,68,56,FALSE,124
6/16/2020 15:00,65,51,FALSE,116
6/16/2020 16:00,71,47,FALSE,118
6/16/2020 17:00,65,44,FALSE,109
6/16/2020 18:00,72,45,FALSE,117
6/16/2020 19:00,68,45,FALSE,113
6/16/2020 20:00,74,45,FALSE,119
6/16/2020 21:00,81,45,FALSE,126
6/16/2020 22:00,83,43,FALSE,126
6/16/2020 23:00,80,43,FALSE,123
6/17/2020 0:00,73,40,FALSE,113
6/17/2020 0:00,75,41,FALSE,116
6/17/2020 1:00,74,41,FALSE,115
6/17/2020 2:00,77,42,FALSE,119
6/17/2020 3:00,75,47,FALSE,122
6/17/2020 4:00,73,50,FALSE,123
6/17/2020 5:00,81,59,FALSE,140
6/17/2020 6:00,75,64,FALSE,139
6/17/2020 7:00,77,70,FALSE,147
6/17/2020 8:00,73,73,FALSE,146
6/17/2020 9:00,71,71,FALSE,142
6/17/2020 10:00,74,62,FALSE,136
6/17/2020 11:00,76,59,FALSE,135
6/17/2020 12:00,73,61,FALSE,134
6/17/2020 13:00,83,58,FALSE,141
6/17/2020 14:00,74,57,FALSE,131
6/17/2020 15:00,74,53,FALSE,127
6/17/2020 16:00,72,51,FALSE,123
6/17/2020 17:00,72,46,FALSE,118
6/17/2020 18:00,72,43,FALSE,115
6/17/2020 19:00,71,46,FALSE,117
6/17/2020 20:00,80,47,FALSE,127
6/17/2020 21:00,82,48,FALSE,130
6/17/2020 22:00,86,43,FALSE,129
6/17/2020 23:00,83,44,FALSE,127
6/18/2020 0:00,71,36,FALSE,107
6/18/2020 1:00,76,41,FALSE,117
6/18/2020 2:00,70,41,FALSE,111
6/18/2020 3:00,70,46,FALSE,116
6/18/2020 4:00,72,49,FALSE,121
6/18/2020 5:00,73,59,FALSE,132
6/18/2020 6:00,68,59,FALSE,127
6/18/2020 7:00,70,70,FALSE,140
6/18/2020 8:00,73,70,FALSE,143
6/18/2020 9:00,66,60,FALSE,126
6/18/2020 10:00,69,61,FALSE,130
6/18/2020 11:00,72,58,FALSE,130
6/18/2020 12:00,69,57,FALSE,126
6/18/2020 13:00,69,56,FALSE,125
6/18/2020 14:00,64,54,FALSE,118
6/18/2020 15:00,71,52,FALSE,123
6/18/2020 16:00,70,50,FALSE,120
6/18/2020 17:00,71,47,FALSE,118
6/18/2020 18:00,71,43,FALSE,114
6/18/2020 19:00,70,42,FALSE,112
6/18/2020 20:00,77,44,FALSE,121
6/18/2020 21:00,80,45,FALSE,125
6/18/2020 22:00,80,43,FALSE,123
6/18/2020 23:00,73,42,FALSE,115
6/19/2020 0:00,65,40,FALSE,105
6/19/2020 1:00,66,36,FALSE,102
6/19/2020 2:00,64,41,FALSE,105
6/19/2020 3:00,70,43,FALSE,113
6/19/2020 4:00,69,50,FALSE,119
6/19/2020 5:00,73,50,FALSE,123
6/19/2020 6:00,69,63,FALSE,132
6/19/2020 7:00,75,66,FALSE,141
6/19/2020 8:00,69,67,FALSE,136
6/19/2020 9:00,71,75,FALSE,146
6/19/2020 10:00,71,68,FALSE,139
6/19/2020 11:00,63,61,FALSE,124
6/19/2020 12:00,61,54,FALSE,115
6/19/2020 13:00,67,58,FALSE,125
6/19/2020 14:00,64,62,FALSE,126
6/19/2020 15:00,67,52,FALSE,119
6/19/2020 16:00,62,43,FALSE,105
6/19/2020 17:00,62,45,FALSE,107
6/19/2020 18:00,62,46,FALSE,108
6/19/2020 19:00,61,43,FALSE,104
6/19/2020 20:00,65,64,FALSE,129
6/19/2020 21:00,75,47,FALSE,122
6/19/2020 22:00,73,45,FALSE,118
6/19/2020 23:00,65,38,FALSE,103
6/20/2020 0:00,65,39,FALSE,104
6/20/2020 1:00,58,37,FALSE,95
6/20/2020 2:00,62,39,FALSE,101
6/20/2020 3:00,70,42,FALSE,112
6/20/2020 4:00,81,44,FALSE,125
6/20/2020 5:00,72,50,FALSE,122
6/20/2020 6:00,67,53,FALSE,120
6/20/2020 7:00,69,60,FALSE,129
6/20/2020 8:00,72,62,FALSE,134
6/20/2020 9:00,66,56,FALSE,122
6/20/2020 10:00,68,52,FALSE,120
6/20/2020 11:00,66,52,FALSE,118
6/20/2020 12:00,68,50,FALSE,118
6/20/2020 13:00,69,48,FALSE,117
6/20/2020 14:00,68,48,FALSE,116
6/20/2020 15:00,64,48,FALSE,112
6/20/2020 16:00,66,47,FALSE,113
6/20/2020 17:00,62,47,FALSE,109
6/20/2020 18:00,65,43,FALSE,108
6/20/2020 19:00,63,42,FALSE,105
6/20/2020 20:00,62,44,FALSE,106
6/20/2020 21:00,71,43,FALSE,114
6/20/2020 22:00,71,42,FALSE,113
6/20/2020 23:00,72,40,FALSE,112
6/21/2020 0:00,64,33,FALSE,97
6/21/2020 1:00,58,35,FALSE,93
6/21/2020 2:00,59,40,FALSE,99
6/21/2020 3:00,62,41,FALSE,103
6/21/2020 4:00,61,42,FALSE,103
6/21/2020 5:00,69,50,FALSE,119
6/21/2020 6:00,65,54,FALSE,119
6/21/2020 7:00,66,52,FALSE,118
6/21/2020 8:00,70,55,FALSE,125
6/21/2020 9:00,68,53,FALSE,121
6/21/2020 10:00,67,58,FALSE,125
6/21/2020 11:00,68,54,FALSE,122
6/21/2020 12:00,67,53,FALSE,120
6/21/2020 13:00,69,51,FALSE,120
6/21/2020 14:00,67,52,FALSE,119
6/21/2020 15:00,64,48,FALSE,112
6/21/2020 16:00,65,46,FALSE,111
6/21/2020 17:00,64,46,FALSE,110
6/21/2020 18:00,64,47,FALSE,111
6/21/2020 19:00,63,49,FALSE,112
6/21/2020 20:00,67,46,FALSE,113
6/21/2020 21:00,70,47,FALSE,117
6/21/2020 22:00,80,44,FALSE,124
6/21/2020 23:00,74,40,FALSE,114
6/22/2020 0:00,62,36,FALSE,98
6/22/2020 1:00,66,37,FALSE,103
6/22/2020 2:00,68,46,FALSE,114
6/22/2020 3:00,69,43,FALSE,112
6/22/2020 4:00,78,56,FALSE,134
6/22/2020 5:00,83,60,FALSE,143
6/22/2020 6:00,70,67,FALSE,137
6/22/2020 7:00,72,76,FALSE,148
6/22/2020 8:00,72,74,FALSE,146
6/22/2020 9:00,77,77,FALSE,154
6/22/2020 10:00,74,68,FALSE,142
6/22/2020 11:00,75,65,FALSE,140
6/22/2020 12:00,82,67,FALSE,149
6/22/2020 13:00,84,69,FALSE,153
6/22/2020 14:00,83,66,FALSE,149
6/22/2020 15:00,78,56,FALSE,134
6/22/2020 16:00,92,62,FALSE,154
6/22/2020 17:00,93,60,FALSE,153
6/22/2020 18:00,86,56,FALSE,142
6/22/2020 19:00,82,53,FALSE,135
6/22/2020 20:00,91,54,FALSE,145
6/22/2020 21:00,100,56,FALSE,156
6/22/2020 22:00,95,51,FALSE,146
6/22/2020 23:00,93,51,FALSE,144
6/23/2020 0:00,84,49,FALSE,133
6/23/2020 1:00,89,52,FALSE,141
6/23/2020 2:00,77,50,FALSE,127
6/23/2020 3:00,86,55,FALSE,141
6/23/2020 4:00,88,61,FALSE,149
6/23/2020 5:00,96,67,FALSE,163
6/23/2020 6:00,90,75,FALSE,165
6/23/2020 7:00,90,78,FALSE,168
6/23/2020 8:00,86,75,FALSE,161
6/23/2020 9:00,79,77,FALSE,156
6/23/2020 10:00,87,70,FALSE,157
6/23/2020 11:00,83,69,FALSE,152
6/23/2020 12:00,77,67,FALSE,144
6/23/2020 13:00,83,65,FALSE,148
6/23/2020 14:00,79,63,FALSE,142
6/23/2020 15:00,79,60,FALSE,139
6/23/2020 16:00,81,57,FALSE,138
6/23/2020 17:00,77,51,FALSE,128
6/23/2020 18:00,81,50,FALSE,131
6/23/2020 19:00,80,54,FALSE,134
6/23/2020 20:00,83,50,FALSE,133
6/23/2020 21:00,80,52,FALSE,132
6/23/2020 22:00,83,48,FALSE,131
6/23/2020 23:00,90,46,FALSE,136
6/24/2020 0:00,78,42,FALSE,120
6/24/2020 0:00,77,41,FALSE,118
6/24/2020 1:00,72,41,FALSE,113
6/24/2020 2:00,80,49,FALSE,129
6/24/2020 3:00,80,53,FALSE,133
6/24/2020 4:00,83,55,FALSE,138
6/24/2020 5:00,100,71,FALSE,171
6/24/2020 6:00,96,79,FALSE,175
6/24/2020 7:00,96,77,FALSE,173
6/24/2020 8:00,91,83,FALSE,174
6/24/2020 9:00,84,77,FALSE,161
6/24/2020 10:00,79,66,FALSE,145
6/24/2020 11:00,81,70,FALSE,151
6/24/2020 12:00,79,66,FALSE,145
6/24/2020 13:00,83,62,FALSE,145
6/24/2020 14:00,82,62,FALSE,144
6/24/2020 15:00,82,61,FALSE,143
6/24/2020 16:00,74,53,FALSE,127
6/24/2020 17:00,72,51,FALSE,123
6/24/2020 18:00,72,47,FALSE,119
6/24/2020 19:00,69,47,FALSE,116
6/24/2020 20:00,71,47,FALSE,118
6/24/2020 21:00,79,48,FALSE,127
6/24/2020 22:00,75,47,FALSE,122
6/24/2020 23:00,80,42,FALSE,122
6/25/2020 0:00,70,38,FALSE,108
6/25/2020 1:00,72,40,FALSE,112
6/25/2020 2:00,69,42,FALSE,111
6/25/2020 3:00,85,49,FALSE,134
6/25/2020 4:00,82,53,FALSE,135
6/25/2020 5:00,86,59,FALSE,145
6/25/2020 6:00,77,65,FALSE,142
6/25/2020 7:00,80,72,FALSE,152
6/25/2020 8:00,77,74,FALSE,151
6/25/2020 9:00,76,67,FALSE,143
6/25/2020 10:00,73,62,FALSE,135
6/25/2020 11:00,75,67,FALSE,142
6/25/2020 12:00,71,64,FALSE,135
6/25/2020 13:00,76,60,FALSE,136
6/25/2020 14:00,73,58,FALSE,131
6/25/2020 15:00,69,56,FALSE,125
6/25/2020 16:00,69,51,FALSE,120
6/25/2020 17:00,71,46,FALSE,117
6/25/2020 18:00,70,47,FALSE,117
6/25/2020 19:00,68,45,FALSE,113
6/25/2020 20:00,71,43,FALSE,114
6/25/2020 21:00,72,45,FALSE,117
6/25/2020 22:00,72,42,FALSE,114
6/25/2020 23:00,75,39,FALSE,114
6/26/2020 0:00,64,40,FALSE,104
6/26/2020 1:00,70,37,FALSE,107
6/26/2020 2:00,73,42,FALSE,115
6/26/2020 3:00,74,47,FALSE,121
6/26/2020 4:00,72,48,FALSE,120
6/26/2020 5:00,81,55,FALSE,136
6/26/2020 6:00,77,62,FALSE,139
6/26/2020 7:00,78,66,FALSE,144
6/26/2020 8:00,76,72,FALSE,148
6/26/2020 9:00,80,72,FALSE,152
6/26/2020 10:00,76,68,FALSE,144
6/26/2020 11:00,70,60,FALSE,130
6/26/2020 12:00,71,60,FALSE,131
6/26/2020 13:00,72,57,FALSE,129
6/26/2020 14:00,71,59,FALSE,130
6/26/2020 15:00,72,53,FALSE,125
6/26/2020 16:00,71,50,FALSE,121
6/26/2020 17:00,70,47,FALSE,117
6/26/2020 18:00,70,47,FALSE,117
6/26/2020 19:00,62,45,FALSE,107
6/26/2020 20:00,66,42,FALSE,108
6/26/2020 21:00,72,41,FALSE,113
6/26/2020 22:00,70,39,FALSE,109
6/26/2020 23:00,79,41,FALSE,120
6/27/2020 0:00,73,37,FALSE,110
6/27/2020 1:00,65,37,FALSE,102
6/27/2020 2:00,65,39,FALSE,104
6/27/2020 3:00,69,45,FALSE,114
6/27/2020 4:00,77,49,FALSE,126
6/27/2020 5:00,84,52,FALSE,136
6/27/2020 6:00,77,73,FALSE,150
6/27/2020 7:00,75,58,FALSE,133
6/27/2020 8:00,77,58,FALSE,135
6/27/2020 9:00,74,58,FALSE,132
6/27/2020 10:00,70,54,FALSE,124
6/27/2020 11:00,70,54,FALSE,124
6/27/2020 12:00,66,50,FALSE,116
6/27/2020 13:00,76,52,FALSE,128
6/27/2020 14:00,70,49,FALSE,119
6/27/2020 15:00,67,47,FALSE,114
6/27/2020 16:00,71,49,FALSE,120
6/27/2020 17:00,70,51,FALSE,121
6/27/2020 18:00,70,45,FALSE,115
6/27/2020 19:00,74,49,FALSE,123
6/27/2020 20:00,92,48,FALSE,140
6/27/2020 21:00,88,48,FALSE,136
6/27/2020 22:00,79,46,FALSE,125
6/27/2020 23:00,86,48,FALSE,134
6/28/2020 0:00,75,45,FALSE,120
6/28/2020 1:00,80,42,FALSE,122
6/28/2020 2:00,81,48,FALSE,129
6/28/2020 3:00,87,57,FALSE,144
6/28/2020 4:00,85,54,FALSE,139
6/28/2020 5:00,89,57,FALSE,146
6/28/2020 6:00,88,58,FALSE,146
6/28/2020 7:00,83,61,FALSE,144
6/28/2020 8:00,84,61,FALSE,145
6/28/2020 9:00,84,62,FALSE,146
6/28/2020 10:00,84,63,FALSE,147
6/28/2020 11:00,81,58,FALSE,139
6/28/2020 12:00,80,56,FALSE,136
6/28/2020 13:00,83,56,FALSE,139
6/28/2020 14:00,74,55,FALSE,129
6/28/2020 15:00,78,52,FALSE,130
6/28/2020 16:00,71,50,FALSE,121
6/28/2020 17:00,68,47,FALSE,115
6/28/2020 18:00,66,49,FALSE,115
6/28/2020 19:00,73,46,FALSE,119
6/28/2020 20:00,70,46,FALSE,116
6/28/2020 21:00,78,44,FALSE,122
6/28/2020 22:00,78,47,FALSE,125
6/28/2020 23:00,82,41,FALSE,123
6/29/2020 0:00,66,39,FALSE,105
6/29/2020 1:00,78,40,FALSE,118
6/29/2020 2:00,65,44,FALSE,109
6/29/2020 3:00,73,46,FALSE,119
6/29/2020 4:00,79,50,FALSE,129
6/29/2020 5:00,84,58,FALSE,142
6/29/2020 6:00,78,68,FALSE,146
6/29/2020 7:00,80,73,FALSE,153
6/29/2020 8:00,81,74,FALSE,155
6/29/2020 9:00,78,77,FALSE,155
6/29/2020 10:00,74,65,FALSE,139
6/29/2020 11:00,76,67,FALSE,143
6/29/2020 12:00,73,62,FALSE,135
6/29/2020 13:00,74,63,FALSE,137
6/29/2020 14:00,70,60,FALSE,130
6/29/2020 15:00,69,58,FALSE,127
6/29/2020 16:00,67,50,FALSE,117
6/29/2020 17:00,66,51,FALSE,117
6/29/2020 18:00,69,48,FALSE,117
6/29/2020 19:00,64,46,FALSE,110
6/29/2020 20:00,70,48,FALSE,118
6/29/2020 21:00,76,43,FALSE,119
6/29/2020 22:00,82,47,FALSE,129
6/29/2020 23:00,69,42,FALSE,111
6/30/2020 0:00,68,38,FALSE,106
6/30/2020 1:00,78,47,FALSE,125
6/30/2020 2:00,75,44,FALSE,119
6/30/2020 3:00,74,48,FALSE,122
6/30/2020 4:00,80,52,FALSE,132
6/30/2020 5:00,84,58,FALSE,142
6/30/2020 6:00,79,67,FALSE,146
6/30/2020 7:00,78,74,FALSE,152
6/30/2020 8:00,77,78,FALSE,155
6/30/2020 9:00,73,75,FALSE,148
6/30/2020 10:00,69,66,FALSE,135
6/30/2020 11:00,71,63,FALSE,134
6/30/2020 12:00,69,66,FALSE,135
6/30/2020 13:00,75,62,FALSE,137
6/30/2020 14:00,68,54,FALSE,122
6/30/2020 15:00,68,54,FALSE,122
6/30/2020 16:00,70,50,FALSE,120
6/30/2020 17:00,66,49,FALSE,115
6/30/2020 18:00,63,44,FALSE,107
6/30/2020 19:00,65,45,FALSE,110
6/30/2020 20:00,63,45,FALSE,108
6/30/2020 21:00,69,44,FALSE,113
6/30/2020 22:00,76,43,FALSE,119
6/30/2020 23:00,77,39,FALSE,116
7/1/2020 0:00,63,41,FALSE,104
7/1/2020 0:00,68,44,FALSE,112
7/1/2020 1:00,73,42,FALSE,115
7/1/2020 2:00,74,44,FALSE,118
7/1/2020 3:00,74,48,FALSE,122
7/1/2020 4:00,80,52,FALSE,132
7/1/2020 5:00,85,61,FALSE,146
7/1/2020 6:00,77,69,FALSE,146
7/1/2020 7:00,79,77,FALSE,156
7/1/2020 8:00,77,78,FALSE,155
7/1/2020 9:00,76,76,FALSE,152
7/1/2020 10:00,76,72,FALSE,148
7/1/2020 11:00,78,65,FALSE,143
7/1/2020 12:00,74,66,FALSE,140
7/1/2020 13:00,81,67,FALSE,148
7/1/2020 14:00,78,65,FALSE,143
7/1/2020 15:00,78,61,FALSE,139
7/1/2020 16:00,79,59,FALSE,138
7/1/2020 17:00,77,56,FALSE,133
7/1/2020 18:00,77,55,FALSE,132
7/1/2020 19:00,81,52,FALSE,133
7/1/2020 20:00,83,51,FALSE,134
7/1/2020 21:00,87,52,FALSE,139
7/1/2020 22:00,83,51,FALSE,134
7/1/2020 23:00,91,50,FALSE,141
7/2/2020 0:00,78,45,FALSE,123
7/2/2020 1:00,75,46,FALSE,121
7/2/2020 2:00,77,48,FALSE,125
7/2/2020 3:00,86,53,FALSE,139
7/2/2020 4:00,91,58,FALSE,149
7/2/2020 5:00,93,65,FALSE,158
7/2/2020 6:00,87,71,FALSE,158
7/2/2020 7:00,81,79,FALSE,160
7/2/2020 8:00,83,78,FALSE,161
7/2/2020 9:00,79,76,FALSE,155
7/2/2020 10:00,77,67,FALSE,144
7/2/2020 11:00,77,70,FALSE,147
7/2/2020 12:00,77,68,FALSE,145
7/2/2020 13:00,81,65,FALSE,146
7/2/2020 14:00,75,64,FALSE,139
7/2/2020 15:00,80,59,FALSE,139
7/2/2020 16:00,75,56,FALSE,131
7/2/2020 17:00,76,51,FALSE,127
7/2/2020 18:00,74,49,FALSE,123
7/2/2020 19:00,68,46,FALSE,114
7/2/2020 20:00,73,51,FALSE,124
7/2/2020 21:00,73,48,FALSE,121
7/2/2020 22:00,75,44,FALSE,119
7/2/2020 23:00,82,47,FALSE,129
7/3/2020 0:00,71,39,FALSE,110
7/3/2020 1:00,69,40,FALSE,109
7/3/2020 2:00,75,45,FALSE,120
7/3/2020 3:00,77,46,FALSE,123
7/3/2020 4:00,78,50,FALSE,128
7/3/2020 5:00,88,67,FALSE,155
7/3/2020 6:00,79,65,FALSE,144
7/3/2020 7:00,80,73,FALSE,153
7/3/2020 8:00,78,81,FALSE,159
7/3/2020 9:00,80,80,FALSE,160
7/3/2020 10:00,74,67,FALSE,141
7/3/2020 11:00,75,68,FALSE,143
7/3/2020 12:00,72,66,FALSE,138
7/3/2020 13:00,77,63,FALSE,140
7/3/2020 14:00,74,58,FALSE,132
7/3/2020 15:00,74,54,FALSE,128
7/3/2020 16:00,75,55,FALSE,130
7/3/2020 17:00,72,50,FALSE,122
7/3/2020 18:00,75,49,FALSE,124
7/3/2020 19:00,67,48,FALSE,115
7/3/2020 20:00,64,47,FALSE,111
7/3/2020 21:00,80,45,FALSE,125
7/3/2020 22:00,73,47,FALSE,120
7/3/2020 23:00,79,43,FALSE,122
7/4/2020 0:00,71,41,FALSE,112
7/4/2020 1:00,71,38,FALSE,109
7/4/2020 2:00,75,43,FALSE,118
7/4/2020 3:00,76,50,FALSE,126
7/4/2020 4:00,79,47,FALSE,126
7/4/2020 5:00,78,53,FALSE,131
7/4/2020 6:00,75,56,FALSE,131
7/4/2020 7:00,80,63,FALSE,143
7/4/2020 8:00,77,63,FALSE,140
7/4/2020 9:00,77,60,FALSE,137
7/4/2020 10:00,72,57,FALSE,129
7/4/2020 11:00,75,57,FALSE,132
7/4/2020 12:00,73,54,FALSE,127
7/4/2020 13:00,81,53,FALSE,134
7/4/2020 14:00,74,54,FALSE,128
7/4/2020 15:00,71,51,FALSE,122
7/4/2020 16:00,69,50,FALSE,119
7/4/2020 17:00,74,51,FALSE,125
7/4/2020 18:00,72,49,FALSE,121
7/4/2020 19:00,69,49,FALSE,118
7/4/2020 20:00,71,49,FALSE,120
7/4/2020 21:00,71,45,FALSE,116
7/4/2020 22:00,79,47,FALSE,126
7/4/2020 23:00,80,44,FALSE,124
7/5/2020 0:00,66,41,FALSE,107
7/5/2020 1:00,77,40,FALSE,117
7/5/2020 2:00,70,44,FALSE,114
7/5/2020 3:00,79,46,FALSE,125
7/5/2020 4:00,73,51,FALSE,124
7/5/2020 5:00,80,53,FALSE,133
7/5/2020 6:00,76,60,FALSE,136
7/5/2020 7:00,80,57,FALSE,137
7/5/2020 8:00,82,67,FALSE,149
7/5/2020 9:00,77,65,FALSE,142
7/5/2020 10:00,73,58,FALSE,131
7/5/2020 11:00,69,62,FALSE,131
7/5/2020 12:00,77,60,FALSE,137
7/5/2020 13:00,80,54,FALSE,134
7/5/2020 14:00,79,56,FALSE,135
7/5/2020 15:00,73,55,FALSE,128
7/5/2020 16:00,72,55,FALSE,127
7/5/2020 17:00,73,49,FALSE,122
7/5/2020 18:00,70,49,FALSE,119
7/5/2020 19:00,66,46,FALSE,112
7/5/2020 20:00,67,50,FALSE,117
7/5/2020 21:00,71,44,FALSE,115
7/5/2020 22:00,74,44,FALSE,118
7/5/2020 23:00,71,42,FALSE,113
7/6/2020 0:00,67,39,FALSE,106
7/6/2020 1:00,65,41,FALSE,106
7/6/2020 2:00,72,46,FALSE,118
7/6/2020 3:00,74,50,FALSE,124
7/6/2020 4:00,79,53,FALSE,132
7/6/2020 5:00,80,66,FALSE,146
7/6/2020 6:00,81,69,FALSE,150
7/6/2020 7:00,84,78,FALSE,162
7/6/2020 8:00,84,82,FALSE,166
7/6/2020 9:00,79,77,FALSE,156
7/6/2020 10:00,84,72,FALSE,156
7/6/2020 11:00,80,74,FALSE,154
7/6/2020 12:00,80,71,FALSE,151
7/6/2020 13:00,91,73,FALSE,164
7/6/2020 14:00,85,70,FALSE,155
7/6/2020 15:00,86,63,FALSE,149
7/6/2020 16:00,93,62,FALSE,155
7/6/2020 17:00,84,59,FALSE,143
7/6/2020 18:00,86,55,FALSE,141
7/6/2020 19:00,79,55,FALSE,134
7/6/2020 20:00,81,53,FALSE,134
7/6/2020 21:00,90,52,FALSE,142
7/6/2020 22:00,96,51,FALSE,147
7/6/2020 23:00,93,50,FALSE,143
7/7/2020 0:00,90,54,FALSE,144
7/7/2020 1:00,100,63,FALSE,163
7/7/2020 2:00,88,49,FALSE,137
7/7/2020 3:00,89,51,FALSE,140
7/7/2020 4:00,94,62,FALSE,156
7/7/2020 5:00,100,70,FALSE,170
7/7/2020 6:00,92,83,FALSE,175
7/7/2020 7:00,88,81,FALSE,169
7/7/2020 8:00,87,80,FALSE,167
7/7/2020 9:00,88,79,FALSE,167
7/7/2020 10:00,88,72,FALSE,160
7/7/2020 11:00,82,70,FALSE,152
7/7/2020 12:00,81,69,FALSE,150
7/7/2020 13:00,89,69,FALSE,158
7/7/2020 14:00,82,68,FALSE,150
7/7/2020 15:00,83,62,FALSE,145
7/7/2020 16:00,83,59,FALSE,142
7/7/2020 17:00,80,56,FALSE,136
7/7/2020 18:00,74,52,FALSE,126
7/7/2020 19:00,75,51,FALSE,126
7/7/2020 20:00,76,51,FALSE,127
7/7/2020 21:00,78,49,FALSE,127
7/7/2020 22:00,86,51,FALSE,137
7/7/2020 23:00,83,46,FALSE,129
7/8/2020 0:00,75,48,FALSE,123
7/8/2020 0:00,69,44,FALSE,113
7/8/2020 1:00,82,48,FALSE,130
7/8/2020 2:00,84,45,FALSE,129
7/8/2020 3:00,88,54,FALSE,142
7/8/2020 4:00,100,56,FALSE,156
7/8/2020 5:00,86,65,FALSE,151
7/8/2020 6:00,87,65,FALSE,152
7/8/2020 7:00,89,75,FALSE,164
7/8/2020 8:00,93,82,FALSE,175
7/8/2020 9:00,88,76,FALSE,164
7/8/2020 10:00,93,71,FALSE,164
7/8/2020 11:00,93,71,FALSE,164
7/8/2020 12:00,88,70,FALSE,158
7/8/2020 13:00,92,67,FALSE,159
7/8/2020 14:00,93,72,FALSE,165
7/8/2020 15:00,92,63,FALSE,155
7/8/2020 16:00,92,59,FALSE,151
7/8/2020 17:00,87,57,FALSE,144
7/8/2020 18:00,88,54,FALSE,142
7/8/2020 19:00,85,55,FALSE,140
7/8/2020 20:00,90,54,FALSE,144
7/8/2020 21:00,90,53,FALSE,143
7/8/2020 22:00,92,52,FALSE,144
7/8/2020 23:00,92,52,FALSE,144
7/9/2020 0:00,83,47,FALSE,130
7/9/2020 1:00,82,49,FALSE,131
7/9/2020 2:00,87,52,FALSE,139
7/9/2020 3:00,89,52,FALSE,141
7/9/2020 4:00,94,55,FALSE,149
7/9/2020 5:00,100,62,FALSE,162
7/9/2020 6:00,93,71,FALSE,164
7/9/2020 7:00,91,78,FALSE,169
7/9/2020 8:00,95,81,FALSE,176
7/9/2020 9:00,85,75,FALSE,160
7/9/2020 10:00,86,68,FALSE,154
7/9/2020 11:00,86,67,FALSE,153
7/9/2020 12:00,81,68,FALSE,149
7/9/2020 13:00,88,69,FALSE,157
7/9/2020 14:00,80,62,FALSE,142
7/9/2020 15:00,80,64,FALSE,144
7/9/2020 16:00,84,57,FALSE,141
7/9/2020 17:00,81,53,FALSE,134
7/9/2020 18:00,72,49,FALSE,121
7/9/2020 19:00,75,46,FALSE,121
7/9/2020 20:00,75,49,FALSE,124
7/9/2020 21:00,79,46,FALSE,125
7/9/2020 22:00,86,49,FALSE,135
7/9/2020 23:00,73,46,FALSE,119
7/10/2020 0:00,74,39,FALSE,113
7/10/2020 1:00,75,43,FALSE,118
7/10/2020 2:00,75,47,FALSE,122
7/10/2020 3:00,80,51,FALSE,131
7/10/2020 4:00,85,56,FALSE,141
7/10/2020 5:00,93,63,FALSE,156
7/10/2020 6:00,93,67,FALSE,160
7/10/2020 7:00,85,71,FALSE,156
7/10/2020 8:00,86,77,FALSE,163
7/10/2020 9:00,85,75,FALSE,160
7/10/2020 10:00,82,68,FALSE,150
7/10/2020 11:00,78,60,FALSE,138
7/10/2020 12:00,74,59,FALSE,133
7/10/2020 13:00,76,59,FALSE,135
7/10/2020 14:00,78,59,FALSE,137
7/10/2020 15:00,75,54,FALSE,129
7/10/2020 16:00,74,49,FALSE,123
7/10/2020 17:00,72,48,FALSE,120
7/10/2020 18:00,67,45,FALSE,112
7/10/2020 19:00,63,45,FALSE,108
7/10/2020 20:00,68,45,FALSE,113
7/10/2020 21:00,69,43,FALSE,112
7/10/2020 22:00,72,40,FALSE,112
7/10/2020 23:00,67,38,FALSE,105
7/11/2020 0:00,64,41,FALSE,105
7/11/2020 1:00,66,36,FALSE,102
7/11/2020 2:00,70,43,FALSE,113
7/11/2020 3:00,70,44,FALSE,114
7/11/2020 4:00,80,49,FALSE,129
7/11/2020 5:00,79,50,FALSE,129
7/11/2020 6:00,84,59,FALSE,143
7/11/2020 7:00,83,59,FALSE,142
7/11/2020 8:00,85,60,FALSE,145
7/11/2020 9:00,79,64,FALSE,143
7/11/2020 10:00,78,62,FALSE,140
7/11/2020 11:00,75,57,FALSE,132
7/11/2020 12:00,76,55,FALSE,131
7/11/2020 13:00,76,55,FALSE,131
7/11/2020 14:00,70,52,FALSE,122
7/11/2020 15:00,74,49,FALSE,123
7/11/2020 16:00,68,44,FALSE,112
7/11/2020 17:00,69,47,FALSE,116
7/11/2020 18:00,62,41,FALSE,103
7/11/2020 19:00,58,43,FALSE,101
7/11/2020 20:00,66,44,FALSE,110
7/11/2020 21:00,69,43,FALSE,112
7/11/2020 22:00,82,43,FALSE,125
7/11/2020 23:00,60,39,FALSE,99
7/12/2020 0:00,64,34,FALSE,98
7/12/2020 1:00,64,35,FALSE,99
7/12/2020 2:00,65,38,FALSE,103
7/12/2020 3:00,69,42,FALSE,111
7/12/2020 4:00,76,49,FALSE,125
7/12/2020 5:00,80,53,FALSE,133
7/12/2020 6:00,82,58,FALSE,140
7/12/2020 7:00,83,58,FALSE,141
7/12/2020 8:00,77,61,FALSE,138
7/12/2020 9:00,75,61,FALSE,136
7/12/2020 10:00,71,56,FALSE,127
7/12/2020 11:00,74,58,FALSE,132
7/12/2020 12:00,74,57,FALSE,131
7/12/2020 13:00,83,56,FALSE,139
7/12/2020 14:00,77,57,FALSE,134
7/12/2020 15:00,77,52,FALSE,129
7/12/2020 16:00,70,51,FALSE,121
7/12/2020 17:00,70,49,FALSE,119
7/12/2020 18:00,67,47,FALSE,114
7/12/2020 19:00,60,46,FALSE,106
7/12/2020 20:00,66,44,FALSE,110
7/12/2020 21:00,75,52,FALSE,127
7/12/2020 22:00,85,50,FALSE,135
7/12/2020 23:00,71,46,FALSE,117
7/13/2020 0:00,71,41,FALSE,112
7/13/2020 1:00,68,47,FALSE,115
7/13/2020 2:00,73,46,FALSE,119
7/13/2020 3:00,80,46,FALSE,126
7/13/2020 4:00,78,54,FALSE,132
7/13/2020 5:00,83,63,FALSE,146
7/13/2020 6:00,81,70,FALSE,151
7/13/2020 7:00,83,75,FALSE,158
7/13/2020 8:00,82,77,FALSE,159
7/13/2020 9:00,80,78,FALSE,158
7/13/2020 10:00,78,68,FALSE,146
7/13/2020 11:00,80,69,FALSE,149
7/13/2020 12:00,79,69,FALSE,148
7/13/2020 13:00,84,70,FALSE,154
7/13/2020 14:00,81,66,FALSE,147
7/13/2020 15:00,77,60,FALSE,137
7/13/2020 16:00,75,56,FALSE,131
7/13/2020 17:00,74,55,FALSE,129
7/13/2020 18:00,67,50,FALSE,117
7/13/2020 19:00,68,48,FALSE,116
7/13/2020 20:00,66,47,FALSE,113
7/13/2020 21:00,70,47,FALSE,117
7/13/2020 22:00,86,51,FALSE,137
7/13/2020 23:00,74,42,FALSE,116
7/14/2020 0:00,66,35,FALSE,101
7/14/2020 1:00,79,52,FALSE,131
7/14/2020 2:00,72,42,FALSE,114
7/14/2020 3:00,76,44,FALSE,120
7/14/2020 4:00,81,54,FALSE,135
7/14/2020 5:00,90,61,FALSE,151
7/14/2020 6:00,80,71,FALSE,151
7/14/2020 7:00,74,71,FALSE,145
7/14/2020 8:00,78,77,FALSE,155
7/14/2020 9:00,76,73,FALSE,149
7/14/2020 10:00,73,66,FALSE,139
7/14/2020 11:00,71,63,FALSE,134
7/14/2020 12:00,74,62,FALSE,136
7/14/2020 13:00,75,63,FALSE,138
7/14/2020 14:00,77,60,FALSE,137
7/14/2020 15:00,72,59,FALSE,131
7/14/2020 16:00,75,55,FALSE,130
7/14/2020 17:00,75,51,FALSE,126
7/14/2020 18:00,70,48,FALSE,118
7/14/2020 19:00,66,49,FALSE,115
7/14/2020 20:00,69,48,FALSE,117
7/14/2020 21:00,76,46,FALSE,122
7/14/2020 22:00,85,47,FALSE,132
7/14/2020 23:00,65,41,FALSE,106
7/15/2020 0:00,67,40,FALSE,107
7/15/2020 0:00,77,46,FALSE,123
7/15/2020 1:00,74,45,FALSE,119
7/15/2020 2:00,77,52,FALSE,129
7/15/2020 3:00,85,55,FALSE,140
7/15/2020 4:00,89,56,FALSE,145
7/15/2020 5:00,90,65,FALSE,155
7/15/2020 6:00,83,81,FALSE,164
7/15/2020 7:00,82,83,FALSE,165
7/15/2020 8:00,89,85,FALSE,174
7/15/2020 9:00,83,85,FALSE,168
7/15/2020 10:00,83,74,FALSE,157
7/15/2020 11:00,81,77,FALSE,158
7/15/2020 12:00,79,74,FALSE,153
7/15/2020 13:00,86,74,FALSE,160
7/15/2020 14:00,81,72,FALSE,153
7/15/2020 15:00,86,65,FALSE,151
7/15/2020 16:00,83,59,FALSE,142
7/15/2020 17:00,78,59,FALSE,137
7/15/2020 18:00,75,59,FALSE,134
7/15/2020 19:00,73,58,FALSE,131
7/15/2020 20:00,76,57,FALSE,133
7/15/2020 21:00,88,52,FALSE,140
7/15/2020 22:00,100,58,FALSE,158
7/15/2020 23:00,81,49,FALSE,130
7/16/2020 0:00,79,47,FALSE,126
7/16/2020 1:00,79,46,FALSE,125
7/16/2020 2:00,77,55,FALSE,132
7/16/2020 3:00,84,57,FALSE,141
7/16/2020 4:00,88,58,FALSE,146
7/16/2020 5:00,96,67,FALSE,163
7/16/2020 6:00,91,77,FALSE,168
7/16/2020 7:00,96,87,FALSE,183
7/16/2020 8:00,96,86,FALSE,182
7/16/2020 9:00,91,85,FALSE,176
7/16/2020 10:00,94,81,FALSE,175
7/16/2020 11:00,83,73,FALSE,156
7/16/2020 12:00,83,73,FALSE,156
7/16/2020 13:00,84,70,FALSE,154
7/16/2020 14:00,87,70,FALSE,157
7/16/2020 15:00,84,68,FALSE,152
7/16/2020 16:00,82,60,FALSE,142
7/16/2020 17:00,79,61,FALSE,140
7/16/2020 18:00,77,56,FALSE,133
7/16/2020 19:00,75,54,FALSE,129
7/16/2020 20:00,76,53,FALSE,129
7/16/2020 21:00,83,54,FALSE,137
7/16/2020 22:00,84,51,FALSE,135
7/16/2020 23:00,76,50,FALSE,126
7/17/2020 0:00,72,46,FALSE,118
7/17/2020 1:00,76,47,FALSE,123
7/17/2020 2:00,78,46,FALSE,124
7/17/2020 3:00,84,58,FALSE,142
7/17/2020 4:00,83,58,FALSE,141
7/17/2020 5:00,90,63,FALSE,153
7/17/2020 6:00,88,76,FALSE,164
7/17/2020 7:00,85,85,FALSE,170
7/17/2020 8:00,83,81,FALSE,164
7/17/2020 9:00,86,96,FALSE,182
7/17/2020 10:00,82,84,FALSE,166
7/17/2020 11:00,81,78,FALSE,159
7/17/2020 12:00,77,72,FALSE,149
7/17/2020 13:00,85,67,FALSE,152
7/17/2020 14:00,77,63,FALSE,140
7/17/2020 15:00,80,62,FALSE,142
7/17/2020 16:00,75,56,FALSE,131
7/17/2020 17:00,76,56,FALSE,132
7/17/2020 18:00,77,56,FALSE,133
7/17/2020 19:00,71,53,FALSE,124
7/17/2020 20:00,72,54,FALSE,126
7/17/2020 21:00,81,54,FALSE,135
7/17/2020 22:00,84,53,FALSE,137
7/17/2020 23:00,76,50,FALSE,126
7/18/2020 0:00,73,45,FALSE,118
7/18/2020 1:00,71,46,FALSE,117
7/18/2020 2:00,75,44,FALSE,119
7/18/2020 3:00,75,52,FALSE,127
7/18/2020 4:00,77,54,FALSE,131
7/18/2020 5:00,90,59,FALSE,149
7/18/2020 6:00,85,62,FALSE,147
7/18/2020 7:00,79,69,FALSE,148
7/18/2020 8:00,85,68,FALSE,153
7/18/2020 9:00,81,68,FALSE,149
7/18/2020 10:00,81,67,FALSE,148
7/18/2020 11:00,82,67,FALSE,149
7/18/2020 12:00,78,62,FALSE,140
7/18/2020 13:00,86,60,FALSE,146
7/18/2020 14:00,77,63,FALSE,140
7/18/2020 15:00,79,60,FALSE,139
7/18/2020 16:00,77,60,FALSE,137
7/18/2020 17:00,77,61,FALSE,138
7/18/2020 18:00,75,56,FALSE,131
7/18/2020 19:00,77,58,FALSE,135
7/18/2020 20:00,69,54,FALSE,123
7/18/2020 21:00,78,54,FALSE,132
7/18/2020 22:00,90,53,FALSE,143
7/18/2020 23:00,71,51,FALSE,122
7/19/2020 0:00,66,45,FALSE,111
7/19/2020 1:00,74,46,FALSE,120
7/19/2020 2:00,76,47,FALSE,123
7/19/2020 3:00,77,50,FALSE,127
7/19/2020 4:00,77,58,FALSE,135
7/19/2020 5:00,85,60,FALSE,145
7/19/2020 6:00,86,68,FALSE,154
7/19/2020 7:00,88,66,FALSE,154
7/19/2020 8:00,88,72,FALSE,160
7/19/2020 9:00,81,71,FALSE,152
7/19/2020 10:00,83,71,FALSE,154
7/19/2020 11:00,83,69,FALSE,152
7/19/2020 12:00,78,66,FALSE,144
7/19/2020 13:00,85,65,FALSE,150
7/19/2020 14:00,74,62,FALSE,136
7/19/2020 15:00,80,62,FALSE,142
7/19/2020 16:00,79,61,FALSE,140
7/19/2020 17:00,77,60,FALSE,137
7/19/2020 18:00,72,55,FALSE,127
7/19/2020 19:00,67,50,FALSE,117
7/19/2020 20:00,76,52,FALSE,128
7/19/2020 21:00,80,53,FALSE,133
7/19/2020 22:00,81,62,FALSE,143
7/19/2020 23:00,80,50,FALSE,130
7/20/2020 0:00,80,46,FALSE,126
7/20/2020 1:00,71,48,FALSE,119
7/20/2020 2:00,74,48,FALSE,122
7/20/2020 3:00,76,57,FALSE,133
7/20/2020 4:00,81,58,FALSE,139
7/20/2020 5:00,85,70,FALSE,155
7/20/2020 6:00,79,79,FALSE,158
7/20/2020 7:00,88,86,FALSE,174
7/20/2020 8:00,88,89,FALSE,177
7/20/2020 9:00,76,88,FALSE,164
7/20/2020 10:00,80,85,FALSE,165
7/20/2020 11:00,79,79,FALSE,158
7/20/2020 12:00,76,75,FALSE,151
7/20/2020 13:00,81,73,FALSE,154
7/20/2020 14:00,78,70,FALSE,148
7/20/2020 15:00,77,66,FALSE,143
7/20/2020 16:00,75,62,FALSE,137
7/20/2020 17:00,74,60,FALSE,134
7/20/2020 18:00,72,58,FALSE,130
7/20/2020 19:00,73,56,FALSE,129
7/20/2020 20:00,75,54,FALSE,129
7/20/2020 21:00,82,55,FALSE,137
7/20/2020 22:00,81,57,FALSE,138
7/20/2020 23:00,88,52,FALSE,140
7/21/2020 0:00,72,49,FALSE,121
7/21/2020 1:00,81,53,FALSE,134
7/21/2020 2:00,70,50,FALSE,120
7/21/2020 3:00,74,56,FALSE,130
7/21/2020 4:00,86,62,FALSE,148
7/21/2020 5:00,94,74,FALSE,168
7/21/2020 6:00,88,77,FALSE,165
7/21/2020 7:00,88,87,FALSE,175
7/21/2020 8:00,94,97,FALSE,191
7/21/2020 9:00,87,89,FALSE,176
7/21/2020 10:00,92,83,FALSE,175
7/21/2020 11:00,89,81,FALSE,170
7/21/2020 12:00,87,81,FALSE,168
7/21/2020 13:00,97,79,FALSE,176
7/21/2020 14:00,89,81,FALSE,170
7/21/2020 15:00,86,72,FALSE,158
7/21/2020 16:00,85,65,FALSE,150
7/21/2020 17:00,83,59,FALSE,142
7/21/2020 18:00,89,66,FALSE,155
7/21/2020 19:00,86,62,FALSE,148
7/21/2020 20:00,84,60,FALSE,144
7/21/2020 21:00,92,60,FALSE,152
7/21/2020 22:00,89,57,FALSE,146
7/21/2020 23:00,91,53,FALSE,144
7/22/2020 0:00,82,48,FALSE,130
7/22/2020 0:00,22,13,FALSE,35
7/22/2020 1:00,23,14,FALSE,37
7/22/2020 2:00,22,14,FALSE,36
7/22/2020 3:00,23,15,FALSE,38
7/22/2020 4:00,26,17,FALSE,43
7/22/2020 5:00,27,19,FALSE,46
7/22/2020 6:00,26,22,FALSE,48
7/22/2020 7:00,26,24,FALSE,50
7/22/2020 8:00,24,25,FALSE,49
7/22/2020 9:00,23,23,FALSE,46
7/22/2020 10:00,23,21,FALSE,44
7/22/2020 11:00,23,21,FALSE,44
7/22/2020 12:00,22,21,FALSE,43
7/22/2020 13:00,26,20,FALSE,46
7/22/2020 14:00,22,21,FALSE,43
7/22/2020 15:00,22,17,FALSE,39
7/22/2020 16:00,23,16,FALSE,39
7/22/2020 17:00,23,17,FALSE,40
7/22/2020 18:00,21,16,FALSE,37
7/22/2020 19:00,21,16,FALSE,37
7/22/2020 20:00,21,16,FALSE,37
7/22/2020 21:00,25,16,FALSE,41
7/22/2020 22:00,47,29,FALSE,76
7/22/2020 23:00,52,29,FALSE,81
7/23/2020 0:00,41,25,FALSE,66
7/23/2020 1:00,40,24,FALSE,64
7/23/2020 2:00,40,24,FALSE,64
7/23/2020 3:00,42,25,FALSE,67
7/23/2020 4:00,43,27,FALSE,70
7/23/2020 5:00,46,28,FALSE,74
7/23/2020 6:00,43,30,FALSE,73
7/23/2020 7:00,42,32,FALSE,74
7/23/2020 8:00,42,31,FALSE,73
7/23/2020 9:00,41,30,FALSE,71
7/23/2020 10:00,39,27,FALSE,66
7/23/2020 11:00,38,27,FALSE,65
7/23/2020 12:00,38,26,FALSE,64
7/23/2020 13:00,38,26,FALSE,64
7/23/2020 14:00,37,27,FALSE,64
7/23/2020 15:00,39,27,FALSE,66
7/23/2020 16:00,63,37,FALSE,100
7/23/2020 17:00,64,34,FALSE,98
7/23/2020 18:00,50,30,FALSE,80
7/23/2020 19:00,48,26,FALSE,74
7/23/2020 20:00,45,26,FALSE,71
7/23/2020 21:00,47,26,FALSE,73
7/23/2020 22:00,46,24,FALSE,70
7/23/2020 23:00,40,22,FALSE,62
7/24/2020 0:00,38,23,FALSE,61
7/24/2020 1:00,38,21,FALSE,59
7/24/2020 2:00,38,23,FALSE,61
7/24/2020 3:00,41,25,FALSE,66
7/24/2020 4:00,43,26,FALSE,69
7/24/2020 5:00,44,27,FALSE,71
7/24/2020 6:00,43,32,FALSE,75
7/24/2020 7:00,42,31,FALSE,73
7/24/2020 8:00,40,31,FALSE,71
7/24/2020 9:00,38,32,FALSE,70
7/24/2020 10:00,41,33,FALSE,74
7/24/2020 11:00,41,30,FALSE,71
7/24/2020 12:00,39,26,FALSE,65
7/24/2020 13:00,39,25,FALSE,64
7/24/2020 14:00,37,25,FALSE,62
7/24/2020 15:00,37,24,FALSE,61
7/24/2020 16:00,38,24,FALSE,62
7/24/2020 17:00,38,24,FALSE,62
7/24/2020 18:00,46,26,FALSE,72
7/24/2020 19:00,45,25,FALSE,70
7/24/2020 20:00,47,27,FALSE,74
7/24/2020 21:00,54,30,FALSE,84
7/24/2020 22:00,47,28,FALSE,75
7/24/2020 23:00,43,25,FALSE,68
7/25/2020 0:00,39,21,FALSE,60
7/25/2020 1:00,39,22,FALSE,61
7/25/2020 2:00,41,25,FALSE,66
7/25/2020 3:00,47,28,FALSE,75
7/25/2020 4:00,48,29,FALSE,77
7/25/2020 5:00,49,30,FALSE,79
7/25/2020 6:00,54,33,FALSE,87
7/25/2020 7:00,52,32,FALSE,84
7/25/2020 8:00,49,32,FALSE,81
7/25/2020 9:00,47,30,FALSE,77
7/25/2020 10:00,44,30,FALSE,74
7/25/2020 11:00,46,28,FALSE,74
7/25/2020 12:00,43,26,FALSE,69
7/25/2020 13:00,45,27,FALSE,72
7/25/2020 14:00,43,26,FALSE,69
7/25/2020 15:00,42,27,FALSE,69
7/25/2020 16:00,45,26,FALSE,71
7/25/2020 17:00,63,35,FALSE,98
7/25/2020 18:00,62,34,FALSE,96
7/25/2020 19:00,54,31,FALSE,85
7/25/2020 20:00,76,41,FALSE,117
7/25/2020 21:00,86,42,FALSE,128
7/25/2020 22:00,76,40,FALSE,116
7/25/2020 23:00,73,39,FALSE,112
7/26/2020 0:00,61,33,FALSE,94
7/26/2020 1:00,60,31,FALSE,91
7/26/2020 2:00,61,34,FALSE,95
7/26/2020 3:00,63,36,FALSE,99
7/26/2020 4:00,67,38,FALSE,105
7/26/2020 5:00,72,39,FALSE,111
7/26/2020 6:00,75,43,FALSE,118
7/26/2020 7:00,80,46,FALSE,126
7/26/2020 8:00,100,57,FALSE,157
7/26/2020 9:00,95,55,FALSE,150
7/26/2020 10:00,89,53,FALSE,142
7/26/2020 11:00,77,45,FALSE,122
7/26/2020 12:00,75,40,FALSE,115
7/26/2020 13:00,68,38,FALSE,106
7/26/2020 14:00,67,38,FALSE,105
7/26/2020 15:00,67,37,FALSE,104
7/26/2020 16:00,64,36,FALSE,100
7/26/2020 17:00,61,32,FALSE,93
7/26/2020 18:00,57,31,FALSE,88
7/26/2020 19:00,56,30,FALSE,86
7/26/2020 20:00,56,29,FALSE,85
7/26/2020 21:00,59,29,FALSE,88
7/26/2020 22:00,61,29,FALSE,90
7/26/2020 23:00,53,28,FALSE,81
7/27/2020 0:00,56,30,FALSE,86
7/27/2020 1:00,71,38,FALSE,109
7/27/2020 2:00,78,44,FALSE,122
7/27/2020 3:00,88,48,FALSE,136
7/27/2020 4:00,85,45,FALSE,130
7/27/2020 5:00,87,48,FALSE,135
7/27/2020 6:00,83,50,FALSE,133
7/27/2020 7:00,79,48,FALSE,127
7/27/2020 8:00,72,47,FALSE,119
7/27/2020 9:00,68,43,FALSE,111
7/27/2020 10:00,69,42,FALSE,111
7/27/2020 11:00,68,40,FALSE,108
7/27/2020 12:00,68,41,FALSE,109
7/27/2020 13:00,70,39,FALSE,109
7/27/2020 14:00,68,39,FALSE,107
7/27/2020 15:00,64,38,FALSE,102
7/27/2020 16:00,65,34,FALSE,99
7/27/2020 17:00,67,36,FALSE,103
7/27/2020 18:00,66,34,FALSE,100
7/27/2020 19:00,62,31,FALSE,93
7/27/2020 20:00,63,31,FALSE,94
7/27/2020 21:00,65,32,FALSE,97
7/27/2020 22:00,80,41,FALSE,121
7/27/2020 23:00,66,34,FALSE,100
7/28/2020 0:00,63,31,FALSE,94
7/28/2020 1:00,64,36,FALSE,100
7/28/2020 2:00,64,34,FALSE,98
7/28/2020 3:00,62,34,FALSE,96
7/28/2020 4:00,67,37,FALSE,104
7/28/2020 5:00,72,38,FALSE,110
7/28/2020 6:00,67,42,FALSE,109
7/28/2020 7:00,62,41,FALSE,103
7/28/2020 8:00,59,39,FALSE,98
7/28/2020 9:00,59,39,FALSE,98
7/28/2020 10:00,57,34,FALSE,91
7/28/2020 11:00,54,36,FALSE,90
7/28/2020 12:00,54,34,FALSE,88
7/28/2020 13:00,52,34,FALSE,86
7/28/2020 14:00,53,32,FALSE,85
7/28/2020 15:00,55,32,FALSE,87
7/28/2020 16:00,52,29,FALSE,81
7/28/2020 17:00,51,28,FALSE,79
7/28/2020 18:00,48,26,FALSE,74
7/28/2020 19:00,47,25,FALSE,72
7/28/2020 20:00,48,24,FALSE,72
7/28/2020 21:00,52,26,FALSE,78
7/28/2020 22:00,50,25,FALSE,75
7/28/2020 23:00,44,23,FALSE,67
7/29/2020 0:00,41,23,FALSE,64
7/29/2020 0:00,25,14,FALSE,39
7/29/2020 1:00,26,14,FALSE,40
7/29/2020 2:00,26,15,FALSE,41
7/29/2020 3:00,27,16,FALSE,43
7/29/2020 4:00,31,18,FALSE,49
7/29/2020 5:00,32,20,FALSE,52
7/29/2020 6:00,33,21,FALSE,54
7/29/2020 7:00,32,21,FALSE,53
7/29/2020 8:00,32,23,FALSE,55
7/29/2020 9:00,30,21,FALSE,51
7/29/2020 10:00,30,20,FALSE,50
7/29/2020 11:00,30,20,FALSE,50
7/29/2020 12:00,29,19,FALSE,48
7/29/2020 13:00,29,19,FALSE,48
7/29/2020 14:00,29,19,FALSE,48
7/29/2020 15:00,28,17,FALSE,45
7/29/2020 16:00,29,17,FALSE,46
7/29/2020 17:00,27,15,FALSE,42
7/29/2020 18:00,26,14,FALSE,40
7/29/2020 19:00,26,14,FALSE,40
7/29/2020 20:00,27,15,FALSE,42
7/29/2020 21:00,28,14,FALSE,42
7/29/2020 22:00,29,15,FALSE,44
7/29/2020 23:00,23,13,FALSE,36
7/30/2020 0:00,23,13,FALSE,36
7/30/2020 1:00,22,13,FALSE,35
7/30/2020 2:00,25,14,FALSE,39
7/30/2020 3:00,25,14,FALSE,39
7/30/2020 4:00,27,16,FALSE,43
7/30/2020 5:00,28,17,FALSE,45
7/30/2020 6:00,27,18,FALSE,45
7/30/2020 7:00,27,20,FALSE,47
7/30/2020 8:00,27,20,FALSE,47
7/30/2020 9:00,25,19,FALSE,44
7/30/2020 10:00,25,17,FALSE,42
7/30/2020 11:00,24,17,FALSE,41
7/30/2020 12:00,24,16,FALSE,40
7/30/2020 13:00,24,16,FALSE,40
7/30/2020 14:00,23,15,FALSE,38
7/30/2020 15:00,23,15,FALSE,38
7/30/2020 16:00,24,14,FALSE,38
7/30/2020 17:00,25,14,FALSE,39
7/30/2020 18:00,27,15,FALSE,42
7/30/2020 19:00,31,17,FALSE,48
7/30/2020 20:00,37,19,FALSE,56
7/30/2020 21:00,34,19,FALSE,53
7/30/2020 22:00,33,16,FALSE,49
7/30/2020 23:00,27,16,FALSE,43
7/31/2020 0:00,28,16,FALSE,44
7/31/2020 1:00,28,15,FALSE,43
7/31/2020 2:00,30,17,FALSE,47
7/31/2020 3:00,31,17,FALSE,48
7/31/2020 4:00,32,18,FALSE,50
7/31/2020 5:00,33,20,FALSE,53
7/31/2020 6:00,34,22,FALSE,56
7/31/2020 7:00,35,23,FALSE,58
7/31/2020 8:00,34,24,FALSE,58
7/31/2020 9:00,33,23,FALSE,56
7/31/2020 10:00,34,23,FALSE,57
7/31/2020 11:00,39,23,FALSE,62
7/31/2020 12:00,37,24,FALSE,61
7/31/2020 13:00,37,21,FALSE,58
7/31/2020 14:00,36,22,FALSE,58
7/31/2020 15:00,37,22,FALSE,59
7/31/2020 16:00,35,20,FALSE,55
7/31/2020 17:00,33,18,FALSE,51
7/31/2020 18:00,32,17,FALSE,49
7/31/2020 19:00,30,17,FALSE,47
7/31/2020 20:00,32,17,FALSE,49
7/31/2020 21:00,35,17,FALSE,52
7/31/2020 22:00,35,17,FALSE,52
7/31/2020 23:00,30,15,FALSE,45
8/1/2020 0:00,29,16,FALSE,45
8/1/2020 1:00,30,15,FALSE,45
8/1/2020 2:00,33,17,FALSE,50
8/1/2020 3:00,37,20,FALSE,57
8/1/2020 4:00,44,23,FALSE,67
8/1/2020 5:00,52,28,FALSE,80
8/1/2020 6:00,52,28,FALSE,80
8/1/2020 7:00,47,25,FALSE,72
8/1/2020 8:00,44,25,FALSE,69
8/1/2020 9:00,43,26,FALSE,69
8/1/2020 10:00,43,24,FALSE,67
8/1/2020 11:00,39,22,FALSE,61
8/1/2020 12:00,39,21,FALSE,60
8/1/2020 13:00,39,20,FALSE,59
8/1/2020 14:00,38,21,FALSE,59
8/1/2020 15:00,37,19,FALSE,56
8/1/2020 16:00,39,20,FALSE,59
8/1/2020 17:00,48,24,FALSE,72
8/1/2020 18:00,50,24,FALSE,74
8/1/2020 19:00,63,31,FALSE,94
8/1/2020 20:00,61,29,FALSE,90
8/1/2020 21:00,65,29,FALSE,94
8/1/2020 22:00,57,27,FALSE,84
8/1/2020 23:00,50,24,FALSE,74
8/2/2020 0:00,52,26,FALSE,78
8/2/2020 1:00,61,31,FALSE,92
8/2/2020 2:00,68,34,FALSE,102
8/2/2020 3:00,72,37,FALSE,109
8/2/2020 4:00,100,52,FALSE,152
8/2/2020 5:00,82,45,FALSE,127
8/2/2020 6:00,68,36,FALSE,104
8/2/2020 7:00,64,33,FALSE,97
8/2/2020 8:00,59,33,FALSE,92
8/2/2020 9:00,56,29,FALSE,85
8/2/2020 10:00,53,29,FALSE,82
8/2/2020 11:00,54,29,FALSE,83
8/2/2020 12:00,53,27,FALSE,80
8/2/2020 13:00,50,26,FALSE,76
8/2/2020 14:00,47,25,FALSE,72
8/2/2020 15:00,46,24,FALSE,70
8/2/2020 16:00,45,22,FALSE,67
8/2/2020 17:00,47,25,FALSE,72
8/2/2020 18:00,42,22,FALSE,64
8/2/2020 19:00,41,21,FALSE,62
8/2/2020 20:00,40,20,FALSE,60
8/2/2020 21:00,40,20,FALSE,60
8/2/2020 22:00,40,18,FALSE,58
8/2/2020 23:00,35,17,FALSE,52
8/3/2020 0:00,34,18,FALSE,52
8/3/2020 1:00,37,19,FALSE,56
8/3/2020 2:00,38,20,FALSE,58
8/3/2020 3:00,40,22,FALSE,62
8/3/2020 4:00,42,23,FALSE,65
8/3/2020 5:00,44,25,FALSE,69
8/3/2020 6:00,43,27,FALSE,70
8/3/2020 7:00,42,26,FALSE,68
8/3/2020 8:00,41,27,FALSE,68
8/3/2020 9:00,39,26,FALSE,65
8/3/2020 10:00,39,24,FALSE,63
8/3/2020 11:00,40,25,FALSE,65
8/3/2020 12:00,39,25,FALSE,64
8/3/2020 13:00,44,26,FALSE,70
8/3/2020 14:00,46,28,FALSE,74
8/3/2020 15:00,44,24,FALSE,68
8/3/2020 16:00,43,23,FALSE,66
8/3/2020 17:00,41,21,FALSE,62
8/3/2020 18:00,40,20,FALSE,60
8/3/2020 19:00,38,19,FALSE,57
8/3/2020 20:00,41,19,FALSE,60
8/3/2020 21:00,41,19,FALSE,60
8/3/2020 22:00,39,20,FALSE,59
8/3/2020 23:00,35,19,FALSE,54
8/4/2020 0:00,38,19,FALSE,57
8/4/2020 1:00,42,23,FALSE,65
8/4/2020 2:00,41,22,FALSE,63
8/4/2020 3:00,41,21,FALSE,62
8/4/2020 4:00,44,23,FALSE,67
8/4/2020 5:00,46,26,FALSE,72
8/4/2020 6:00,43,26,FALSE,69
8/4/2020 7:00,41,27,FALSE,68
8/4/2020 8:00,41,26,FALSE,67
8/4/2020 9:00,39,25,FALSE,64
8/4/2020 10:00,40,24,FALSE,64
8/4/2020 11:00,38,24,FALSE,62
8/4/2020 12:00,38,23,FALSE,61
8/4/2020 13:00,38,23,FALSE,61
8/4/2020 14:00,36,21,FALSE,57
8/4/2020 15:00,36,20,FALSE,56
8/4/2020 16:00,35,19,FALSE,54
8/4/2020 17:00,33,17,FALSE,50
8/4/2020 18:00,32,17,FALSE,49
8/4/2020 19:00,32,17,FALSE,49
8/4/2020 20:00,31,16,FALSE,47
8/4/2020 21:00,32,16,FALSE,48
8/4/2020 22:00,33,17,FALSE,50
8/4/2020 23:00,30,16,FALSE,46
8/5/2020 0:00,29,15,FALSE,44
8/5/2020 0:00,71,38,FALSE,109
8/5/2020 1:00,72,39,FALSE,111
8/5/2020 2:00,77,41,FALSE,118
8/5/2020 3:00,80,42,FALSE,122
8/5/2020 4:00,85,46,FALSE,131
8/5/2020 5:00,91,52,FALSE,143
8/5/2020 6:00,90,58,FALSE,148
8/5/2020 7:00,84,60,FALSE,144
8/5/2020 8:00,85,59,FALSE,144
8/5/2020 9:00,81,57,FALSE,138
8/5/2020 10:00,85,54,FALSE,139
8/5/2020 11:00,86,54,FALSE,140
8/5/2020 12:00,86,54,FALSE,140
8/5/2020 13:00,94,55,FALSE,149
8/5/2020 14:00,88,52,FALSE,140
8/5/2020 15:00,84,51,FALSE,135
8/5/2020 16:00,83,48,FALSE,131
8/5/2020 17:00,81,43,FALSE,124
8/5/2020 18:00,80,43,FALSE,123
8/5/2020 19:00,86,42,FALSE,128
8/5/2020 20:00,91,44,FALSE,135
8/5/2020 21:00,100,49,FALSE,149
8/5/2020 22:00,95,47,FALSE,142
8/5/2020 23:00,84,40,FALSE,124
8/6/2020 0:00,85,42,FALSE,127
8/6/2020 1:00,79,39,FALSE,118
8/6/2020 2:00,82,43,FALSE,125
8/6/2020 3:00,85,43,FALSE,128
8/6/2020 4:00,91,50,FALSE,141
8/6/2020 5:00,92,52,FALSE,144
8/6/2020 6:00,86,54,FALSE,140
8/6/2020 7:00,88,61,FALSE,149
8/6/2020 8:00,86,58,FALSE,144
8/6/2020 9:00,90,59,FALSE,149
8/6/2020 10:00,87,52,FALSE,139
8/6/2020 11:00,83,54,FALSE,137
8/6/2020 12:00,81,52,FALSE,133
8/6/2020 13:00,89,48,FALSE,137
8/6/2020 14:00,91,50,FALSE,141
8/6/2020 15:00,85,47,FALSE,132
8/6/2020 16:00,88,46,FALSE,134
8/6/2020 17:00,80,43,FALSE,123
8/6/2020 18:00,78,37,FALSE,115
8/6/2020 19:00,81,40,FALSE,121
8/6/2020 20:00,82,41,FALSE,123
8/6/2020 21:00,83,41,FALSE,124
8/6/2020 22:00,79,39,FALSE,118
8/6/2020 23:00,79,40,FALSE,119
8/7/2020 0:00,69,35,FALSE,104
8/7/2020 1:00,74,38,FALSE,112
8/7/2020 2:00,74,38,FALSE,112
8/7/2020 3:00,77,40,FALSE,117
8/7/2020 4:00,84,45,FALSE,129
8/7/2020 5:00,86,50,FALSE,136
8/7/2020 6:00,83,53,FALSE,136
8/7/2020 7:00,83,55,FALSE,138
8/7/2020 8:00,80,53,FALSE,133
8/7/2020 9:00,81,54,FALSE,135
8/7/2020 10:00,77,49,FALSE,126
8/7/2020 11:00,74,49,FALSE,123
8/7/2020 12:00,72,47,FALSE,119
8/7/2020 13:00,75,45,FALSE,120
8/7/2020 14:00,79,47,FALSE,126
8/7/2020 15:00,74,44,FALSE,118
8/7/2020 16:00,75,42,FALSE,117
8/7/2020 17:00,87,48,FALSE,135
8/7/2020 18:00,85,45,FALSE,130
8/7/2020 19:00,69,37,FALSE,106
8/7/2020 20:00,66,36,FALSE,102
8/7/2020 21:00,69,35,FALSE,104
8/7/2020 22:00,72,38,FALSE,110
8/7/2020 23:00,70,37,FALSE,107
8/8/2020 0:00,63,33,FALSE,96
8/8/2020 1:00,63,33,FALSE,96
8/8/2020 2:00,68,35,FALSE,103
8/8/2020 3:00,69,38,FALSE,107
8/8/2020 4:00,75,41,FALSE,116
8/8/2020 5:00,80,45,FALSE,125
8/8/2020 6:00,79,48,FALSE,127
8/8/2020 7:00,78,49,FALSE,127
8/8/2020 8:00,76,45,FALSE,121
8/8/2020 9:00,76,48,FALSE,124
8/8/2020 10:00,73,45,FALSE,118
8/8/2020 11:00,75,44,FALSE,119
8/8/2020 12:00,75,42,FALSE,117
8/8/2020 13:00,75,42,FALSE,117
8/8/2020 14:00,69,40,FALSE,109
8/8/2020 15:00,69,43,FALSE,112
8/8/2020 16:00,68,41,FALSE,109
8/8/2020 17:00,69,39,FALSE,108
8/8/2020 18:00,65,35,FALSE,100
8/8/2020 19:00,60,35,FALSE,95
8/8/2020 20:00,61,35,FALSE,96
8/8/2020 21:00,62,34,FALSE,96
8/8/2020 22:00,68,35,FALSE,103
8/8/2020 23:00,60,34,FALSE,94
8/9/2020 0:00,66,38,FALSE,104
8/9/2020 1:00,63,37,FALSE,100
8/9/2020 2:00,67,38,FALSE,105
8/9/2020 3:00,70,39,FALSE,109
8/9/2020 4:00,74,42,FALSE,116
8/9/2020 5:00,72,41,FALSE,113
8/9/2020 6:00,76,46,FALSE,122
8/9/2020 7:00,74,47,FALSE,121
8/9/2020 8:00,75,45,FALSE,120
8/9/2020 9:00,67,45,FALSE,112
8/9/2020 10:00,70,43,FALSE,113
8/9/2020 11:00,67,43,FALSE,110
8/9/2020 12:00,67,43,FALSE,110
8/9/2020 13:00,68,41,FALSE,109
8/9/2020 14:00,69,41,FALSE,110
8/9/2020 15:00,67,40,FALSE,107
8/9/2020 16:00,63,41,FALSE,104
8/9/2020 17:00,65,37,FALSE,102
8/9/2020 18:00,63,36,FALSE,99
8/9/2020 19:00,61,37,FALSE,98
8/9/2020 20:00,62,36,FALSE,98
8/9/2020 21:00,61,35,FALSE,96
8/9/2020 22:00,67,35,FALSE,102
8/9/2020 23:00,55,32,FALSE,87
8/10/2020 0:00,57,31,FALSE,88
8/10/2020 1:00,58,33,FALSE,91
8/10/2020 2:00,67,39,FALSE,106
8/10/2020 3:00,72,43,FALSE,115
8/10/2020 4:00,77,45,FALSE,122
8/10/2020 5:00,75,49,FALSE,124
8/10/2020 6:00,71,50,FALSE,121
8/10/2020 7:00,73,53,FALSE,126
8/10/2020 8:00,70,56,FALSE,126
8/10/2020 9:00,68,52,FALSE,120
8/10/2020 10:00,69,48,FALSE,117
8/10/2020 11:00,68,45,FALSE,113
8/10/2020 12:00,65,43,FALSE,108
8/10/2020 13:00,67,46,FALSE,113
8/10/2020 14:00,66,44,FALSE,110
8/10/2020 15:00,67,41,FALSE,108
8/10/2020 16:00,66,41,FALSE,107
8/10/2020 17:00,65,39,FALSE,104
8/10/2020 18:00,63,38,FALSE,101
8/10/2020 19:00,61,37,FALSE,98
8/10/2020 20:00,66,37,FALSE,103
8/10/2020 21:00,66,36,FALSE,102
8/10/2020 22:00,72,37,FALSE,109
8/10/2020 23:00,60,33,FALSE,93
8/11/2020 0:00,55,32,FALSE,87
8/11/2020 1:00,64,36,FALSE,100
8/11/2020 2:00,62,36,FALSE,98
8/11/2020 3:00,62,38,FALSE,100
8/11/2020 4:00,69,42,FALSE,111
8/11/2020 5:00,72,46,FALSE,118
8/11/2020 6:00,66,51,FALSE,117
8/11/2020 7:00,67,51,FALSE,118
8/11/2020 8:00,68,52,FALSE,120
8/11/2020 9:00,61,49,FALSE,110
8/11/2020 10:00,66,46,FALSE,112
8/11/2020 11:00,59,42,FALSE,101
8/11/2020 12:00,60,43,FALSE,103
8/11/2020 13:00,65,43,FALSE,108
8/11/2020 14:00,61,43,FALSE,104
8/11/2020 15:00,60,42,FALSE,102
8/11/2020 16:00,62,40,FALSE,102
8/11/2020 17:00,59,36,FALSE,95
8/11/2020 18:00,60,35,FALSE,95
8/11/2020 19:00,58,35,FALSE,93
8/11/2020 20:00,64,37,FALSE,101
8/11/2020 21:00,67,37,FALSE,104
8/11/2020 22:00,64,34,FALSE,98
8/11/2020 23:00,57,33,FALSE,90
8/12/2020 0:00,53,32,FALSE,85
8/12/2020 0:00,37,22,FALSE,59
8/12/2020 1:00,38,23,FALSE,61
8/12/2020 2:00,43,26,FALSE,69
8/12/2020 3:00,45,28,FALSE,73
8/12/2020 4:00,46,29,FALSE,75
8/12/2020 5:00,51,32,FALSE,83
8/12/2020 6:00,53,35,FALSE,88
8/12/2020 7:00,46,38,FALSE,84
8/12/2020 8:00,45,38,FALSE,83
8/12/2020 9:00,42,36,FALSE,78
8/12/2020 10:00,43,31,FALSE,74
8/12/2020 11:00,42,32,FALSE,74
8/12/2020 12:00,39,29,FALSE,68
8/12/2020 13:00,40,30,FALSE,70
8/12/2020 14:00,42,30,FALSE,72
8/12/2020 15:00,42,28,FALSE,70
8/12/2020 16:00,40,28,FALSE,68
8/12/2020 17:00,39,26,FALSE,65
8/12/2020 18:00,39,26,FALSE,65
8/12/2020 19:00,38,25,FALSE,63
8/12/2020 20:00,39,25,FALSE,64
8/12/2020 21:00,41,27,FALSE,68
8/12/2020 22:00,39,25,FALSE,64
8/12/2020 23:00,36,23,FALSE,59
8/13/2020 0:00,36,23,FALSE,59
8/13/2020 1:00,39,27,FALSE,66
8/13/2020 2:00,40,27,FALSE,67
8/13/2020 3:00,43,27,FALSE,70
8/13/2020 4:00,47,34,FALSE,81
8/13/2020 5:00,49,34,FALSE,83
8/13/2020 6:00,48,38,FALSE,86
8/13/2020 7:00,45,36,FALSE,81
8/13/2020 8:00,44,38,FALSE,82
8/13/2020 9:00,43,37,FALSE,80
8/13/2020 10:00,42,34,FALSE,76
8/13/2020 11:00,44,34,FALSE,78
8/13/2020 12:00,41,33,FALSE,74
8/13/2020 13:00,40,29,FALSE,69
8/13/2020 14:00,41,29,FALSE,70
8/13/2020 15:00,40,29,FALSE,69
8/13/2020 16:00,39,28,FALSE,67
8/13/2020 17:00,40,26,FALSE,66
8/13/2020 18:00,38,25,FALSE,63
8/13/2020 19:00,40,26,FALSE,66
8/13/2020 20:00,45,29,FALSE,74
8/13/2020 21:00,91,54,FALSE,145
8/13/2020 22:00,100,56,FALSE,156
8/13/2020 23:00,76,43,FALSE,119
8/14/2020 0:00,69,40,FALSE,109
8/14/2020 1:00,61,39,FALSE,100
8/14/2020 2:00,65,37,FALSE,102
8/14/2020 3:00,65,36,FALSE,101
8/14/2020 4:00,73,43,FALSE,116
8/14/2020 5:00,75,46,FALSE,121
8/14/2020 6:00,73,44,FALSE,117
8/14/2020 7:00,66,48,FALSE,114
8/14/2020 8:00,70,49,FALSE,119
8/14/2020 9:00,65,47,FALSE,112
8/14/2020 10:00,63,43,FALSE,106
8/14/2020 11:00,63,41,FALSE,104
8/14/2020 12:00,63,39,FALSE,102
8/14/2020 13:00,60,39,FALSE,99
8/14/2020 14:00,59,37,FALSE,96
8/14/2020 15:00,61,37,FALSE,98
8/14/2020 16:00,83,47,FALSE,130
8/14/2020 17:00,75,41,FALSE,116
8/14/2020 18:00,73,38,FALSE,111
8/14/2020 19:00,61,33,FALSE,94
8/14/2020 20:00,63,34,FALSE,97
8/14/2020 21:00,66,33,FALSE,99
8/14/2020 22:00,62,34,FALSE,96
8/14/2020 23:00,62,33,FALSE,95
8/15/2020 0:00,60,32,FALSE,92
8/15/2020 1:00,59,31,FALSE,90
8/15/2020 2:00,60,34,FALSE,94
8/15/2020 3:00,62,36,FALSE,98
8/15/2020 4:00,69,38,FALSE,107
8/15/2020 5:00,69,40,FALSE,109
8/15/2020 6:00,70,43,FALSE,113
8/15/2020 7:00,69,41,FALSE,110
8/15/2020 8:00,68,41,FALSE,109
8/15/2020 9:00,61,39,FALSE,100
8/15/2020 10:00,62,39,FALSE,101
8/15/2020 11:00,61,37,FALSE,98
8/15/2020 12:00,57,35,FALSE,92
8/15/2020 13:00,59,34,FALSE,93
8/15/2020 14:00,56,34,FALSE,90
8/15/2020 15:00,54,32,FALSE,86
8/15/2020 16:00,56,33,FALSE,89
8/15/2020 17:00,53,30,FALSE,83
8/15/2020 18:00,53,29,FALSE,82
8/15/2020 19:00,50,29,FALSE,79
8/15/2020 20:00,49,27,FALSE,76
8/15/2020 21:00,55,28,FALSE,83
8/15/2020 22:00,52,28,FALSE,80
8/15/2020 23:00,48,27,FALSE,75
8/16/2020 0:00,47,25,FALSE,72
8/16/2020 1:00,49,27,FALSE,76
8/16/2020 2:00,50,29,FALSE,79
8/16/2020 3:00,51,31,FALSE,82
8/16/2020 4:00,53,31,FALSE,84
8/16/2020 5:00,57,34,FALSE,91
8/16/2020 6:00,56,34,FALSE,90
8/16/2020 7:00,57,36,FALSE,93
8/16/2020 8:00,54,37,FALSE,91
8/16/2020 9:00,52,35,FALSE,87
8/16/2020 10:00,54,36,FALSE,90
8/16/2020 11:00,54,35,FALSE,89
8/16/2020 12:00,57,35,FALSE,92
8/16/2020 13:00,52,32,FALSE,84
8/16/2020 14:00,50,31,FALSE,81
8/16/2020 15:00,51,31,FALSE,82
8/16/2020 16:00,53,32,FALSE,85
8/16/2020 17:00,50,31,FALSE,81
8/16/2020 18:00,48,27,FALSE,75
8/16/2020 19:00,47,27,FALSE,74
8/16/2020 20:00,47,28,FALSE,75
8/16/2020 21:00,51,28,FALSE,79
8/16/2020 22:00,49,27,FALSE,76
8/16/2020 23:00,46,27,FALSE,73
8/17/2020 0:00,44,25,FALSE,69
8/17/2020 1:00,44,26,FALSE,70
8/17/2020 2:00,47,29,FALSE,76
8/17/2020 3:00,49,29,FALSE,78
8/17/2020 4:00,53,31,FALSE,84
8/17/2020 5:00,52,35,FALSE,87
8/17/2020 6:00,50,37,FALSE,87
8/17/2020 7:00,49,39,FALSE,88
8/17/2020 8:00,49,38,FALSE,87
8/17/2020 9:00,48,38,FALSE,86
8/17/2020 10:00,48,36,FALSE,84
8/17/2020 11:00,47,34,FALSE,81
8/17/2020 12:00,48,34,FALSE,82
8/17/2020 13:00,49,35,FALSE,84
8/17/2020 14:00,53,35,FALSE,88
8/17/2020 15:00,53,33,FALSE,86
8/17/2020 16:00,58,35,FALSE,93
8/17/2020 17:00,57,32,FALSE,89
8/17/2020 18:00,58,31,FALSE,89
8/17/2020 19:00,54,29,FALSE,83
8/17/2020 20:00,54,30,FALSE,84
8/17/2020 21:00,56,31,FALSE,87
8/17/2020 22:00,54,28,FALSE,82
8/17/2020 23:00,50,28,FALSE,78
8/18/2020 0:00,45,26,FALSE,71
8/18/2020 1:00,47,26,FALSE,73
8/18/2020 2:00,50,30,FALSE,80
8/18/2020 3:00,51,29,FALSE,80
8/18/2020 4:00,55,32,FALSE,87
8/18/2020 5:00,56,36,FALSE,92
8/18/2020 6:00,53,38,FALSE,91
8/18/2020 7:00,52,37,FALSE,89
8/18/2020 8:00,49,39,FALSE,88
8/18/2020 9:00,47,36,FALSE,83
8/18/2020 10:00,48,35,FALSE,83
8/18/2020 11:00,47,35,FALSE,82
8/18/2020 12:00,46,34,FALSE,80
8/18/2020 13:00,46,30,FALSE,76
8/18/2020 14:00,46,32,FALSE,78
8/18/2020 15:00,46,29,FALSE,75
8/18/2020 16:00,45,28,FALSE,73
8/18/2020 17:00,42,26,FALSE,68
8/18/2020 18:00,42,24,FALSE,66
8/18/2020 19:00,41,24,FALSE,65
8/18/2020 20:00,42,26,FALSE,68
8/18/2020 21:00,47,26,FALSE,73
8/18/2020 22:00,43,25,FALSE,68
8/18/2020 23:00,40,21,FALSE,61
8/19/2020 0:00,38,22,FALSE,60
8/19/2020 0:00,70,40,FALSE,110
8/19/2020 1:00,67,39,FALSE,106
8/19/2020 2:00,74,46,FALSE,120
8/19/2020 3:00,81,46,FALSE,127
8/19/2020 4:00,91,54,FALSE,145
8/19/2020 5:00,96,61,FALSE,157
8/19/2020 6:00,100,70,FALSE,170
8/19/2020 7:00,86,71,FALSE,157
8/19/2020 8:00,85,67,FALSE,152
8/19/2020 9:00,82,63,FALSE,145
8/19/2020 10:00,83,63,FALSE,146
8/19/2020 11:00,79,60,FALSE,139
8/19/2020 12:00,78,58,FALSE,136
8/19/2020 13:00,78,55,FALSE,133
8/19/2020 14:00,79,52,FALSE,131
8/19/2020 15:00,81,51,FALSE,132
8/19/2020 16:00,79,50,FALSE,129
8/19/2020 17:00,77,48,FALSE,125
8/19/2020 18:00,78,47,FALSE,125
8/19/2020 19:00,80,47,FALSE,127
8/19/2020 20:00,85,48,FALSE,133
8/19/2020 21:00,81,46,FALSE,127
8/19/2020 22:00,73,42,FALSE,115
8/19/2020 23:00,71,41,FALSE,112
8/20/2020 0:00,69,40,FALSE,109
8/20/2020 1:00,68,39,FALSE,107
8/20/2020 2:00,69,41,FALSE,110
8/20/2020 3:00,78,48,FALSE,126
8/20/2020 4:00,83,48,FALSE,131
8/20/2020 5:00,80,58,FALSE,138
8/20/2020 6:00,80,59,FALSE,139
8/20/2020 7:00,81,63,FALSE,144
8/20/2020 8:00,75,62,FALSE,137
8/20/2020 9:00,75,60,FALSE,135
8/20/2020 10:00,75,57,FALSE,132
8/20/2020 11:00,72,56,FALSE,128
8/20/2020 12:00,72,51,FALSE,123
8/20/2020 13:00,73,51,FALSE,124
8/20/2020 14:00,71,51,FALSE,122
8/20/2020 15:00,71,51,FALSE,122
8/20/2020 16:00,74,49,FALSE,123
8/20/2020 17:00,71,42,FALSE,113
8/20/2020 18:00,70,43,FALSE,113
8/20/2020 19:00,73,44,FALSE,117
8/20/2020 20:00,73,45,FALSE,118
8/20/2020 21:00,79,42,FALSE,121
8/20/2020 22:00,70,41,FALSE,111
8/20/2020 23:00,67,39,FALSE,106
8/21/2020 0:00,65,38,FALSE,103
8/21/2020 1:00,65,40,FALSE,105
8/21/2020 2:00,70,40,FALSE,110
8/21/2020 3:00,74,46,FALSE,120
8/21/2020 4:00,81,53,FALSE,134
8/21/2020 5:00,86,54,FALSE,140
8/21/2020 6:00,82,59,FALSE,141
8/21/2020 7:00,80,59,FALSE,139
8/21/2020 8:00,74,64,FALSE,138
8/21/2020 9:00,74,61,FALSE,135
8/21/2020 10:00,75,57,FALSE,132
8/21/2020 11:00,71,54,FALSE,125
8/21/2020 12:00,71,55,FALSE,126
8/21/2020 13:00,67,48,FALSE,115
8/21/2020 14:00,68,49,FALSE,117
8/21/2020 15:00,68,48,FALSE,116
8/21/2020 16:00,65,44,FALSE,109
8/21/2020 17:00,64,42,FALSE,106
8/21/2020 18:00,68,40,FALSE,108
8/21/2020 19:00,66,42,FALSE,108
8/21/2020 20:00,67,40,FALSE,107
8/21/2020 21:00,87,49,FALSE,136
8/21/2020 22:00,83,47,FALSE,130
8/21/2020 23:00,76,44,FALSE,120
8/22/2020 0:00,86,45,FALSE,131
8/22/2020 1:00,75,46,FALSE,121
8/22/2020 2:00,74,46,FALSE,120
8/22/2020 3:00,79,49,FALSE,128
8/22/2020 4:00,85,53,FALSE,138
8/22/2020 5:00,86,56,FALSE,142
8/22/2020 6:00,83,56,FALSE,139
8/22/2020 7:00,81,55,FALSE,136
8/22/2020 8:00,78,57,FALSE,135
8/22/2020 9:00,76,56,FALSE,132
8/22/2020 10:00,75,54,FALSE,129
8/22/2020 11:00,74,51,FALSE,125
8/22/2020 12:00,71,50,FALSE,121
8/22/2020 13:00,73,47,FALSE,120
8/22/2020 14:00,70,49,FALSE,119
8/22/2020 15:00,71,45,FALSE,116
8/22/2020 16:00,70,44,FALSE,114
8/22/2020 17:00,67,44,FALSE,111
8/22/2020 18:00,60,40,FALSE,100
8/22/2020 19:00,65,40,FALSE,105
8/22/2020 20:00,68,42,FALSE,110
8/22/2020 21:00,72,41,FALSE,113
8/22/2020 22:00,65,41,FALSE,106
8/22/2020 23:00,60,37,FALSE,97
8/23/2020 0:00,65,37,FALSE,102
8/23/2020 1:00,64,36,FALSE,100
8/23/2020 2:00,66,41,FALSE,107
8/23/2020 3:00,63,41,FALSE,104
8/23/2020 4:00,69,44,FALSE,113
8/23/2020 5:00,77,48,FALSE,125
8/23/2020 6:00,78,50,FALSE,128
8/23/2020 7:00,76,49,FALSE,125
8/23/2020 8:00,73,51,FALSE,124
8/23/2020 9:00,70,53,FALSE,123
8/23/2020 10:00,70,50,FALSE,120
8/23/2020 11:00,72,50,FALSE,122
8/23/2020 12:00,71,48,FALSE,119
8/23/2020 13:00,68,47,FALSE,115
8/23/2020 14:00,67,47,FALSE,114
8/23/2020 15:00,66,41,FALSE,107
8/23/2020 16:00,65,44,FALSE,109
8/23/2020 17:00,64,42,FALSE,106
8/23/2020 18:00,61,39,FALSE,100
8/23/2020 19:00,56,36,FALSE,92
8/23/2020 20:00,57,35,FALSE,92
8/23/2020 21:00,67,39,FALSE,106
8/23/2020 22:00,62,37,FALSE,99
8/23/2020 23:00,58,36,FALSE,94
8/24/2020 0:00,58,34,FALSE,92
8/24/2020 1:00,59,37,FALSE,96
8/24/2020 2:00,59,40,FALSE,99
8/24/2020 3:00,61,38,FALSE,99
8/24/2020 4:00,67,42,FALSE,109
8/24/2020 5:00,66,48,FALSE,114
8/24/2020 6:00,66,58,FALSE,124
8/24/2020 7:00,72,59,FALSE,131
8/24/2020 8:00,74,66,FALSE,140
8/24/2020 9:00,74,60,FALSE,134
8/24/2020 10:00,72,57,FALSE,129
8/24/2020 11:00,71,55,FALSE,126
8/24/2020 12:00,68,53,FALSE,121
8/24/2020 13:00,68,52,FALSE,120
8/24/2020 14:00,65,50,FALSE,115
8/24/2020 15:00,64,45,FALSE,109
8/24/2020 16:00,64,42,FALSE,106
8/24/2020 17:00,66,39,FALSE,105
8/24/2020 18:00,60,40,FALSE,100
8/24/2020 19:00,57,39,FALSE,96
8/24/2020 20:00,68,39,FALSE,107
8/24/2020 21:00,70,41,FALSE,111
8/24/2020 22:00,65,40,FALSE,105
8/24/2020 23:00,62,37,FALSE,99
8/25/2020 0:00,58,37,FALSE,95
8/25/2020 1:00,61,34,FALSE,95
8/25/2020 2:00,60,39,FALSE,99
8/25/2020 3:00,64,36,FALSE,100
8/25/2020 4:00,67,46,FALSE,113
8/25/2020 5:00,73,51,FALSE,124
8/25/2020 6:00,69,55,FALSE,124
8/25/2020 7:00,69,59,FALSE,128
8/25/2020 8:00,67,58,FALSE,125
8/25/2020 9:00,61,56,FALSE,117
8/25/2020 10:00,63,52,FALSE,115
8/25/2020 11:00,61,50,FALSE,111
8/25/2020 12:00,62,48,FALSE,110
8/25/2020 13:00,67,50,FALSE,117
8/25/2020 14:00,67,48,FALSE,115
8/25/2020 15:00,65,47,FALSE,112
8/25/2020 16:00,65,44,FALSE,109
8/25/2020 17:00,80,48,FALSE,128
8/25/2020 18:00,71,46,FALSE,117
8/25/2020 19:00,67,41,FALSE,108
8/25/2020 20:00,71,41,FALSE,112
8/25/2020 21:00,71,39,FALSE,110
8/25/2020 22:00,65,38,FALSE,103
8/25/2020 23:00,60,35,FALSE,95
8/26/2020 0:00,58,35,FALSE,93
8/26/2020 0:00,41,25,FALSE,66
8/26/2020 1:00,40,23,FALSE,63
8/26/2020 2:00,42,27,FALSE,69
8/26/2020 3:00,43,29,FALSE,72
8/26/2020 4:00,50,31,FALSE,81
8/26/2020 5:00,52,36,FALSE,88
8/26/2020 6:00,50,38,FALSE,88
8/26/2020 7:00,52,42,FALSE,94
8/26/2020 8:00,47,41,FALSE,88
8/26/2020 9:00,45,41,FALSE,86
8/26/2020 10:00,45,37,FALSE,82
8/26/2020 11:00,45,36,FALSE,81
8/26/2020 12:00,44,34,FALSE,78
8/26/2020 13:00,46,33,FALSE,79
8/26/2020 14:00,41,35,FALSE,76
8/26/2020 15:00,40,30,FALSE,70
8/26/2020 16:00,42,30,FALSE,72
8/26/2020 17:00,42,28,FALSE,70
8/26/2020 18:00,41,27,FALSE,68
8/26/2020 19:00,41,26,FALSE,67
8/26/2020 20:00,41,27,FALSE,68
8/26/2020 21:00,45,26,FALSE,71
8/26/2020 22:00,39,24,FALSE,63
8/26/2020 23:00,39,22,FALSE,61
8/27/2020 0:00,37,21,FALSE,58
8/27/2020 1:00,39,25,FALSE,64
8/27/2020 2:00,39,24,FALSE,63
8/27/2020 3:00,39,25,FALSE,64
8/27/2020 4:00,44,29,FALSE,73
8/27/2020 5:00,46,33,FALSE,79
8/27/2020 6:00,45,37,FALSE,82
8/27/2020 7:00,44,38,FALSE,82
8/27/2020 8:00,43,39,FALSE,82
8/27/2020 9:00,43,40,FALSE,83
8/27/2020 10:00,40,33,FALSE,73
8/27/2020 11:00,40,32,FALSE,72
8/27/2020 12:00,38,34,FALSE,72
8/27/2020 13:00,42,31,FALSE,73
8/27/2020 14:00,39,30,FALSE,69
8/27/2020 15:00,38,28,FALSE,66
8/27/2020 16:00,39,26,FALSE,65
8/27/2020 17:00,41,26,FALSE,67
8/27/2020 18:00,41,28,FALSE,69
8/27/2020 19:00,40,26,FALSE,66
8/27/2020 20:00,41,27,FALSE,68
8/27/2020 21:00,43,25,FALSE,68
8/27/2020 22:00,38,24,FALSE,62
8/27/2020 23:00,36,22,FALSE,58
8/28/2020 0:00,36,22,FALSE,58
8/28/2020 1:00,35,21,FALSE,56
8/28/2020 2:00,41,22,FALSE,63
8/28/2020 3:00,39,25,FALSE,64
8/28/2020 4:00,40,30,FALSE,70
8/28/2020 5:00,44,31,FALSE,75
8/28/2020 6:00,42,36,FALSE,78
8/28/2020 7:00,40,38,FALSE,78
8/28/2020 8:00,41,38,FALSE,79
8/28/2020 9:00,42,39,FALSE,81
8/28/2020 10:00,43,35,FALSE,78
8/28/2020 11:00,41,34,FALSE,75
8/28/2020 12:00,40,35,FALSE,75
8/28/2020 13:00,40,30,FALSE,70
8/28/2020 14:00,39,31,FALSE,70
8/28/2020 15:00,39,30,FALSE,69
8/28/2020 16:00,39,26,FALSE,65
8/28/2020 17:00,36,27,FALSE,63
8/28/2020 18:00,37,26,FALSE,63
8/28/2020 19:00,38,27,FALSE,65
8/28/2020 20:00,40,24,FALSE,64
8/28/2020 21:00,40,25,FALSE,65
8/28/2020 22:00,38,24,FALSE,62
8/28/2020 23:00,37,23,FALSE,60
8/29/2020 0:00,36,23,FALSE,59
8/29/2020 1:00,36,21,FALSE,57
8/29/2020 2:00,33,21,FALSE,54
8/29/2020 3:00,34,24,FALSE,58
8/29/2020 4:00,39,24,FALSE,63
8/29/2020 5:00,39,26,FALSE,65
8/29/2020 6:00,44,31,FALSE,75
8/29/2020 7:00,44,32,FALSE,76
8/29/2020 8:00,44,35,FALSE,79
8/29/2020 9:00,44,34,FALSE,78
8/29/2020 10:00,41,32,FALSE,73
8/29/2020 11:00,41,29,FALSE,70
8/29/2020 12:00,39,29,FALSE,68
8/29/2020 13:00,41,28,FALSE,69
8/29/2020 14:00,39,27,FALSE,66
8/29/2020 15:00,37,27,FALSE,64
8/29/2020 16:00,39,28,FALSE,67
8/29/2020 17:00,39,27,FALSE,66
8/29/2020 18:00,38,26,FALSE,64
8/29/2020 19:00,40,28,FALSE,68
8/29/2020 20:00,40,25,FALSE,65
8/29/2020 21:00,45,27,FALSE,72
8/29/2020 22:00,40,25,FALSE,65
8/29/2020 23:00,36,25,FALSE,61
8/30/2020 0:00,36,24,FALSE,60
8/30/2020 1:00,40,26,FALSE,66
8/30/2020 2:00,39,25,FALSE,64
8/30/2020 3:00,43,28,FALSE,71
8/30/2020 4:00,43,32,FALSE,75
8/30/2020 5:00,44,34,FALSE,78
8/30/2020 6:00,47,35,FALSE,82
8/30/2020 7:00,47,32,FALSE,79
8/30/2020 8:00,44,35,FALSE,79
8/30/2020 9:00,45,38,FALSE,83
8/30/2020 10:00,45,36,FALSE,81
8/30/2020 11:00,44,33,FALSE,77
8/30/2020 12:00,45,33,FALSE,78
8/30/2020 13:00,46,35,FALSE,81
8/30/2020 14:00,48,35,FALSE,83
8/30/2020 15:00,48,37,FALSE,85
8/30/2020 16:00,52,37,FALSE,89
8/30/2020 17:00,55,38,FALSE,93
8/30/2020 18:00,54,35,FALSE,89
8/30/2020 19:00,54,35,FALSE,89
8/30/2020 20:00,53,35,FALSE,88
8/30/2020 21:00,54,34,FALSE,88
8/30/2020 22:00,49,33,FALSE,82
8/30/2020 23:00,51,33,FALSE,84
8/31/2020 0:00,49,30,FALSE,79
8/31/2020 1:00,48,30,FALSE,78
8/31/2020 2:00,51,32,FALSE,83
8/31/2020 3:00,52,33,FALSE,85
8/31/2020 4:00,52,36,FALSE,88
8/31/2020 5:00,56,40,FALSE,96
8/31/2020 6:00,52,44,FALSE,96
8/31/2020 7:00,53,44,FALSE,97
8/31/2020 8:00,47,45,FALSE,92
8/31/2020 9:00,48,44,FALSE,92
8/31/2020 10:00,49,42,FALSE,91
8/31/2020 11:00,54,43,FALSE,97
8/31/2020 12:00,52,42,FALSE,94
8/31/2020 13:00,56,44,FALSE,100
8/31/2020 14:00,52,41,FALSE,93
8/31/2020 15:00,52,38,FALSE,90
8/31/2020 16:00,51,36,FALSE,87
8/31/2020 17:00,49,36,FALSE,85
8/31/2020 18:00,51,36,FALSE,87
8/31/2020 19:00,53,34,FALSE,87
8/31/2020 20:00,56,36,FALSE,92
8/31/2020 21:00,56,33,FALSE,89
8/31/2020 22:00,52,34,FALSE,86
8/31/2020 23:00,46,30,FALSE,76
9/1/2020 0:00,44,30,FALSE,74
9/1/2020 1:00,47,30,FALSE,77
9/1/2020 2:00,49,32,FALSE,81
9/1/2020 3:00,55,38,FALSE,93
9/1/2020 4:00,66,44,FALSE,110
9/1/2020 5:00,73,52,FALSE,125
9/1/2020 6:00,95,69,FALSE,164
9/1/2020 7:00,90,69,FALSE,159
9/1/2020 8:00,79,66,FALSE,145
9/1/2020 9:00,83,63,FALSE,146
9/1/2020 10:00,94,66,FALSE,160
9/1/2020 11:00,85,63,FALSE,148
9/1/2020 12:00,80,58,FALSE,138
9/1/2020 13:00,79,55,FALSE,134
9/1/2020 14:00,76,54,FALSE,130
9/1/2020 15:00,100,60,FALSE,160
9/1/2020 16:00,95,58,FALSE,153
9/1/2020 17:00,86,51,FALSE,137
9/1/2020 18:00,83,50,FALSE,133
9/1/2020 19:00,83,51,FALSE,134
9/1/2020 20:00,87,50,FALSE,137
9/1/2020 21:00,100,55,FALSE,155
9/1/2020 22:00,91,55,FALSE,146
9/1/2020 23:00,80,49,FALSE,129
9/2/2020 0:00,75,45,FALSE,120
9/2/2020 0:00,76,46,FALSE,122
9/2/2020 1:00,74,46,FALSE,120
9/2/2020 2:00,78,45,FALSE,123
9/2/2020 3:00,76,47,FALSE,123
9/2/2020 4:00,87,51,FALSE,138
9/2/2020 5:00,89,58,FALSE,147
9/2/2020 6:00,82,61,FALSE,143
9/2/2020 7:00,77,61,FALSE,138
9/2/2020 8:00,76,60,FALSE,136
9/2/2020 9:00,73,60,FALSE,133
9/2/2020 10:00,74,54,FALSE,128
9/2/2020 11:00,81,59,FALSE,140
9/2/2020 12:00,72,51,FALSE,123
9/2/2020 13:00,67,49,FALSE,116
9/2/2020 14:00,68,48,FALSE,116
9/2/2020 15:00,69,46,FALSE,115
9/2/2020 16:00,72,42,FALSE,114
9/2/2020 17:00,65,41,FALSE,106
9/2/2020 18:00,62,39,FALSE,101
9/2/2020 19:00,62,38,FALSE,100
9/2/2020 20:00,65,41,FALSE,106
9/2/2020 21:00,69,41,FALSE,110
9/2/2020 22:00,62,39,FALSE,101
9/2/2020 23:00,53,35,FALSE,88
9/3/2020 0:00,52,33,FALSE,85
9/3/2020 1:00,53,32,FALSE,85
9/3/2020 2:00,58,36,FALSE,94
9/3/2020 3:00,60,38,FALSE,98
9/3/2020 4:00,63,42,FALSE,105
9/3/2020 5:00,70,47,FALSE,117
9/3/2020 6:00,62,49,FALSE,111
9/3/2020 7:00,61,51,FALSE,112
9/3/2020 8:00,58,53,FALSE,111
9/3/2020 9:00,59,51,FALSE,110
9/3/2020 10:00,60,47,FALSE,107
9/3/2020 11:00,60,46,FALSE,106
9/3/2020 12:00,66,49,FALSE,115
9/3/2020 13:00,64,45,FALSE,109
9/3/2020 14:00,61,43,FALSE,104
9/3/2020 15:00,65,44,FALSE,109
9/3/2020 16:00,63,41,FALSE,104
9/3/2020 17:00,62,40,FALSE,102
9/3/2020 18:00,59,37,FALSE,96
9/3/2020 19:00,60,38,FALSE,98
9/3/2020 20:00,59,38,FALSE,97
9/3/2020 21:00,64,39,FALSE,103
9/3/2020 22:00,66,38,FALSE,104
9/3/2020 23:00,71,41,FALSE,112
9/4/2020 0:00,68,41,FALSE,109
9/4/2020 1:00,59,37,FALSE,96
9/4/2020 2:00,67,39,FALSE,106
9/4/2020 3:00,66,39,FALSE,105
9/4/2020 4:00,70,44,FALSE,114
9/4/2020 5:00,75,47,FALSE,122
9/4/2020 6:00,70,50,FALSE,120
9/4/2020 7:00,71,52,FALSE,123
9/4/2020 8:00,65,53,FALSE,118
9/4/2020 9:00,63,51,FALSE,114
9/4/2020 10:00,61,46,FALSE,107
9/4/2020 11:00,56,42,FALSE,98
9/4/2020 12:00,56,41,FALSE,97
9/4/2020 13:00,56,38,FALSE,94
9/4/2020 14:00,59,41,FALSE,100
9/4/2020 15:00,59,39,FALSE,98
9/4/2020 16:00,54,34,FALSE,88
9/4/2020 17:00,53,33,FALSE,86
9/4/2020 18:00,51,31,FALSE,82
9/4/2020 19:00,52,30,FALSE,82
9/4/2020 20:00,52,32,FALSE,84
9/4/2020 21:00,57,33,FALSE,90
9/4/2020 22:00,52,31,FALSE,83
9/4/2020 23:00,51,31,FALSE,82
9/5/2020 0:00,48,28,FALSE,76
9/5/2020 1:00,44,28,FALSE,72
9/5/2020 2:00,49,30,FALSE,79
9/5/2020 3:00,50,30,FALSE,80
9/5/2020 4:00,54,32,FALSE,86
9/5/2020 5:00,55,35,FALSE,90
9/5/2020 6:00,56,36,FALSE,92
9/5/2020 7:00,58,39,FALSE,97
9/5/2020 8:00,58,40,FALSE,98
9/5/2020 9:00,59,42,FALSE,101
9/5/2020 10:00,65,42,FALSE,107
9/5/2020 11:00,77,46,FALSE,123
9/5/2020 12:00,82,51,FALSE,133
9/5/2020 13:00,80,48,FALSE,128
9/5/2020 14:00,66,41,FALSE,107
9/5/2020 15:00,59,38,FALSE,97
9/5/2020 16:00,63,36,FALSE,99
9/5/2020 17:00,68,39,FALSE,107
9/5/2020 18:00,81,45,FALSE,126
9/5/2020 19:00,100,52,FALSE,152
9/5/2020 20:00,85,46,FALSE,131
9/5/2020 21:00,80,41,FALSE,121
9/5/2020 22:00,68,39,FALSE,107
9/5/2020 23:00,65,39,FALSE,104
9/6/2020 0:00,63,34,FALSE,97
9/6/2020 1:00,61,34,FALSE,95
9/6/2020 2:00,66,37,FALSE,103
9/6/2020 3:00,67,41,FALSE,108
9/6/2020 4:00,74,43,FALSE,117
9/6/2020 5:00,81,49,FALSE,130
9/6/2020 6:00,79,48,FALSE,127
9/6/2020 7:00,75,44,FALSE,119
9/6/2020 8:00,69,48,FALSE,117
9/6/2020 9:00,67,44,FALSE,111
9/6/2020 10:00,64,43,FALSE,107
9/6/2020 11:00,64,40,FALSE,104
9/6/2020 12:00,63,42,FALSE,105
9/6/2020 13:00,63,40,FALSE,103
9/6/2020 14:00,58,38,FALSE,96
9/6/2020 15:00,58,37,FALSE,95
9/6/2020 16:00,58,36,FALSE,94
9/6/2020 17:00,55,39,FALSE,94
9/6/2020 18:00,54,34,FALSE,88
9/6/2020 19:00,54,33,FALSE,87
9/6/2020 20:00,59,36,FALSE,95
9/6/2020 21:00,57,35,FALSE,92
9/6/2020 22:00,56,33,FALSE,89
9/6/2020 23:00,48,32,FALSE,80
9/7/2020 0:00,47,27,FALSE,74
9/7/2020 1:00,47,28,FALSE,75
9/7/2020 2:00,48,30,FALSE,78
9/7/2020 3:00,50,33,FALSE,83
9/7/2020 4:00,56,35,FALSE,91
9/7/2020 5:00,58,38,FALSE,96
9/7/2020 6:00,58,44,FALSE,102
9/7/2020 7:00,54,46,FALSE,100
9/7/2020 8:00,54,47,FALSE,101
9/7/2020 9:00,54,47,FALSE,101
9/7/2020 10:00,54,43,FALSE,97
9/7/2020 11:00,55,45,FALSE,100
9/7/2020 12:00,58,44,FALSE,102
9/7/2020 13:00,58,43,FALSE,101
9/7/2020 14:00,54,40,FALSE,94
9/7/2020 15:00,52,36,FALSE,88
9/7/2020 16:00,52,36,FALSE,88
9/7/2020 17:00,48,32,FALSE,80
9/7/2020 18:00,50,31,FALSE,81
9/7/2020 19:00,47,31,FALSE,78
9/7/2020 20:00,49,32,FALSE,81
9/7/2020 21:00,53,29,FALSE,82
9/7/2020 22:00,51,29,FALSE,80
9/7/2020 23:00,46,27,FALSE,73
9/8/2020 0:00,44,26,FALSE,70
9/8/2020 1:00,44,25,FALSE,69
9/8/2020 2:00,45,28,FALSE,73
9/8/2020 3:00,48,31,FALSE,79
9/8/2020 4:00,51,34,FALSE,85
9/8/2020 5:00,54,40,FALSE,94
9/8/2020 6:00,52,39,FALSE,91
9/8/2020 7:00,51,46,FALSE,97
9/8/2020 8:00,48,44,FALSE,92
9/8/2020 9:00,48,44,FALSE,92
9/8/2020 10:00,50,39,FALSE,89
9/8/2020 11:00,50,39,FALSE,89
9/8/2020 12:00,46,38,FALSE,84
9/8/2020 13:00,46,36,FALSE,82
9/8/2020 14:00,46,35,FALSE,81
9/8/2020 15:00,43,31,FALSE,74
9/8/2020 16:00,42,30,FALSE,72
9/8/2020 17:00,43,27,FALSE,70
9/8/2020 18:00,43,28,FALSE,71
9/8/2020 19:00,45,31,FALSE,76
9/8/2020 20:00,47,28,FALSE,75
9/8/2020 21:00,47,29,FALSE,76
9/8/2020 22:00,48,27,FALSE,75
9/8/2020 23:00,42,26,FALSE,68
9/9/2020 0:00,40,25,FALSE,65
9/9/2020 0:00,69,43,FALSE,112
9/9/2020 1:00,67,40,FALSE,107
9/9/2020 2:00,72,42,FALSE,114
9/9/2020 3:00,78,44,FALSE,122
9/9/2020 4:00,87,53,FALSE,140
9/9/2020 5:00,86,62,FALSE,148
9/9/2020 6:00,85,65,FALSE,150
9/9/2020 7:00,83,69,FALSE,152
9/9/2020 8:00,76,75,FALSE,151
9/9/2020 9:00,79,72,FALSE,151
9/9/2020 10:00,81,65,FALSE,146
9/9/2020 11:00,87,64,FALSE,151
9/9/2020 12:00,78,61,FALSE,139
9/9/2020 13:00,81,60,FALSE,141
9/9/2020 14:00,75,58,FALSE,133
9/9/2020 15:00,77,54,FALSE,131
9/9/2020 16:00,76,50,FALSE,126
9/9/2020 17:00,76,49,FALSE,125
9/9/2020 18:00,82,51,FALSE,133
9/9/2020 19:00,81,52,FALSE,133
9/9/2020 20:00,80,52,FALSE,132
9/9/2020 21:00,89,50,FALSE,139
9/9/2020 22:00,79,46,FALSE,125
9/9/2020 23:00,70,39,FALSE,109
9/10/2020 0:00,68,39,FALSE,107
9/10/2020 1:00,72,44,FALSE,116
9/10/2020 2:00,86,53,FALSE,139
9/10/2020 3:00,89,56,FALSE,145
9/10/2020 4:00,97,64,FALSE,161
9/10/2020 5:00,100,67,FALSE,167
9/10/2020 6:00,93,72,FALSE,165
9/10/2020 7:00,89,76,FALSE,165
9/10/2020 8:00,83,74,FALSE,157
9/10/2020 9:00,83,75,FALSE,158
9/10/2020 10:00,83,70,FALSE,153
9/10/2020 11:00,84,65,FALSE,149
9/10/2020 12:00,81,62,FALSE,143
9/10/2020 13:00,79,59,FALSE,138
9/10/2020 14:00,79,63,FALSE,142
9/10/2020 15:00,75,54,FALSE,129
9/10/2020 16:00,74,54,FALSE,128
9/10/2020 17:00,72,50,FALSE,122
9/10/2020 18:00,70,49,FALSE,119
9/10/2020 19:00,73,49,FALSE,122
9/10/2020 20:00,75,52,FALSE,127
9/10/2020 21:00,83,49,FALSE,132
9/10/2020 22:00,70,45,FALSE,115
9/10/2020 23:00,68,37,FALSE,105
9/11/2020 0:00,68,38,FALSE,106
9/11/2020 1:00,79,39,FALSE,118
9/11/2020 2:00,71,42,FALSE,113
9/11/2020 3:00,73,45,FALSE,118
9/11/2020 4:00,82,50,FALSE,132
9/11/2020 5:00,83,59,FALSE,142
9/11/2020 6:00,77,63,FALSE,140
9/11/2020 7:00,75,70,FALSE,145
9/11/2020 8:00,75,70,FALSE,145
9/11/2020 9:00,75,70,FALSE,145
9/11/2020 10:00,73,61,FALSE,134
9/11/2020 11:00,72,61,FALSE,133
9/11/2020 12:00,67,58,FALSE,125
9/11/2020 13:00,73,54,FALSE,127
9/11/2020 14:00,67,55,FALSE,122
9/11/2020 15:00,68,52,FALSE,120
9/11/2020 16:00,67,50,FALSE,117
9/11/2020 17:00,63,45,FALSE,108
9/11/2020 18:00,65,44,FALSE,109
9/11/2020 19:00,68,45,FALSE,113
9/11/2020 20:00,69,46,FALSE,115
9/11/2020 21:00,79,44,FALSE,123
9/11/2020 22:00,72,43,FALSE,115
9/11/2020 23:00,69,41,FALSE,110
9/12/2020 0:00,64,38,FALSE,102
9/12/2020 1:00,61,39,FALSE,100
9/12/2020 2:00,61,35,FALSE,96
9/12/2020 3:00,81,42,FALSE,123
9/12/2020 4:00,71,47,FALSE,118
9/12/2020 5:00,77,54,FALSE,131
9/12/2020 6:00,75,54,FALSE,129
9/12/2020 7:00,73,56,FALSE,129
9/12/2020 8:00,67,63,FALSE,130
9/12/2020 9:00,65,60,FALSE,125
9/12/2020 10:00,72,55,FALSE,127
9/12/2020 11:00,67,51,FALSE,118
9/12/2020 12:00,67,51,FALSE,118
9/12/2020 13:00,71,52,FALSE,123
9/12/2020 14:00,65,48,FALSE,113
9/12/2020 15:00,68,48,FALSE,116
9/12/2020 16:00,67,47,FALSE,114
9/12/2020 17:00,65,47,FALSE,112
9/12/2020 18:00,74,50,FALSE,124
9/12/2020 19:00,77,54,FALSE,131
9/12/2020 20:00,82,53,FALSE,135
9/12/2020 21:00,80,50,FALSE,130
9/12/2020 22:00,75,49,FALSE,124
9/12/2020 23:00,76,48,FALSE,124
9/13/2020 0:00,67,46,FALSE,113
9/13/2020 1:00,73,42,FALSE,115
9/13/2020 2:00,72,38,FALSE,110
9/13/2020 3:00,75,46,FALSE,121
9/13/2020 4:00,79,52,FALSE,131
9/13/2020 5:00,83,57,FALSE,140
9/13/2020 6:00,87,57,FALSE,144
9/13/2020 7:00,88,60,FALSE,148
9/13/2020 8:00,85,62,FALSE,147
9/13/2020 9:00,95,62,FALSE,157
9/13/2020 10:00,78,63,FALSE,141
9/13/2020 11:00,76,58,FALSE,134
9/13/2020 12:00,78,56,FALSE,134
9/13/2020 13:00,72,55,FALSE,127
9/13/2020 14:00,71,54,FALSE,125
9/13/2020 15:00,68,52,FALSE,120
9/13/2020 16:00,75,56,FALSE,131
9/13/2020 17:00,73,54,FALSE,127
9/13/2020 18:00,70,52,FALSE,122
9/13/2020 19:00,69,53,FALSE,122
9/13/2020 20:00,69,53,FALSE,122
9/13/2020 21:00,77,52,FALSE,129
9/13/2020 22:00,69,47,FALSE,116
9/13/2020 23:00,64,40,FALSE,104
9/14/2020 0:00,61,40,FALSE,101
9/14/2020 1:00,64,37,FALSE,101
9/14/2020 2:00,66,44,FALSE,110
9/14/2020 3:00,66,46,FALSE,112
9/14/2020 4:00,85,52,FALSE,137
9/14/2020 5:00,78,63,FALSE,141
9/14/2020 6:00,76,73,FALSE,149
9/14/2020 7:00,73,83,FALSE,156
9/14/2020 8:00,69,82,FALSE,151
9/14/2020 9:00,70,77,FALSE,147
9/14/2020 10:00,69,75,FALSE,144
9/14/2020 11:00,69,71,FALSE,140
9/14/2020 12:00,66,68,FALSE,134
9/14/2020 13:00,67,66,FALSE,133
9/14/2020 14:00,69,63,FALSE,132
9/14/2020 15:00,74,63,FALSE,137
9/14/2020 16:00,72,58,FALSE,130
9/14/2020 17:00,68,56,FALSE,124
9/14/2020 18:00,72,52,FALSE,124
9/14/2020 19:00,70,55,FALSE,125
9/14/2020 20:00,76,55,FALSE,131
9/14/2020 21:00,78,53,FALSE,131
9/14/2020 22:00,79,47,FALSE,126
9/14/2020 23:00,68,43,FALSE,111
9/15/2020 0:00,62,38,FALSE,100
9/15/2020 1:00,64,40,FALSE,104
9/15/2020 2:00,82,44,FALSE,126
9/15/2020 3:00,74,47,FALSE,121
9/15/2020 4:00,80,51,FALSE,131
9/15/2020 5:00,81,71,FALSE,152
9/15/2020 6:00,76,86,FALSE,162
9/15/2020 7:00,73,88,FALSE,161
9/15/2020 8:00,71,88,FALSE,159
9/15/2020 9:00,68,85,FALSE,153
9/15/2020 10:00,74,75,FALSE,149
9/15/2020 11:00,70,77,FALSE,147
9/15/2020 12:00,71,73,FALSE,144
9/15/2020 13:00,69,63,FALSE,132
9/15/2020 14:00,67,63,FALSE,130
9/15/2020 15:00,69,58,FALSE,127
9/15/2020 16:00,68,52,FALSE,120
9/15/2020 17:00,65,48,FALSE,113
9/15/2020 18:00,68,52,FALSE,120
9/15/2020 19:00,66,51,FALSE,117
9/15/2020 20:00,71,52,FALSE,123
9/15/2020 21:00,73,50,FALSE,123
9/15/2020 22:00,71,44,FALSE,115
9/15/2020 23:00,64,42,FALSE,106
9/16/2020 0:00,64,40,FALSE,104
9/16/2020 0:00,62,39,FALSE,101
9/16/2020 1:00,59,37,FALSE,96
9/16/2020 2:00,65,39,FALSE,104
9/16/2020 3:00,64,43,FALSE,107
9/16/2020 4:00,73,49,FALSE,122
9/16/2020 5:00,84,59,FALSE,143
9/16/2020 6:00,70,72,FALSE,142
9/16/2020 7:00,72,80,FALSE,152
9/16/2020 8:00,65,80,FALSE,145
9/16/2020 9:00,66,72,FALSE,138
9/16/2020 10:00,65,64,FALSE,129
9/16/2020 11:00,67,67,FALSE,134
9/16/2020 12:00,58,67,FALSE,125
9/16/2020 13:00,62,60,FALSE,122
9/16/2020 14:00,61,60,FALSE,121
9/16/2020 15:00,62,55,FALSE,117
9/16/2020 16:00,63,51,FALSE,114
9/16/2020 17:00,62,46,FALSE,108
9/16/2020 18:00,62,48,FALSE,110
9/16/2020 19:00,63,46,FALSE,109
9/16/2020 20:00,67,48,FALSE,115
9/16/2020 21:00,66,44,FALSE,110
9/16/2020 22:00,67,42,FALSE,109
9/16/2020 23:00,61,36,FALSE,97
9/17/2020 0:00,57,36,FALSE,93
9/17/2020 1:00,64,46,FALSE,110
9/17/2020 2:00,73,59,FALSE,132
9/17/2020 3:00,77,66,FALSE,143
9/17/2020 4:00,87,65,FALSE,152
9/17/2020 5:00,83,80,FALSE,163
9/17/2020 6:00,76,90,FALSE,166
9/17/2020 7:00,79,97,FALSE,176
9/17/2020 8:00,72,100,FALSE,172
9/17/2020 9:00,74,94,FALSE,168
9/17/2020 10:00,74,82,FALSE,156
9/17/2020 11:00,72,79,FALSE,151
9/17/2020 12:00,72,76,FALSE,148
9/17/2020 13:00,65,75,FALSE,140
9/17/2020 14:00,67,71,FALSE,138
9/17/2020 15:00,66,67,FALSE,133
9/17/2020 16:00,65,60,FALSE,125
9/17/2020 17:00,67,60,FALSE,127
9/17/2020 18:00,70,61,FALSE,131
9/17/2020 19:00,74,61,FALSE,135
9/17/2020 20:00,85,67,FALSE,152
9/17/2020 21:00,86,67,FALSE,153
9/17/2020 22:00,79,64,FALSE,143
9/17/2020 23:00,73,55,FALSE,128
9/18/2020 0:00,61,50,FALSE,111
9/18/2020 1:00,59,46,FALSE,105
9/18/2020 2:00,69,48,FALSE,117
9/18/2020 3:00,82,53,FALSE,135
9/18/2020 4:00,73,63,FALSE,136
9/18/2020 5:00,75,71,FALSE,146
9/18/2020 6:00,75,84,FALSE,159
9/18/2020 7:00,74,90,FALSE,164
9/18/2020 8:00,71,88,FALSE,159
9/18/2020 9:00,71,83,FALSE,154
9/18/2020 10:00,73,73,FALSE,146
9/18/2020 11:00,70,70,FALSE,140
9/18/2020 12:00,64,63,FALSE,127
9/18/2020 13:00,66,63,FALSE,129
9/18/2020 14:00,62,59,FALSE,121
9/18/2020 15:00,66,57,FALSE,123
9/18/2020 16:00,61,55,FALSE,116
9/18/2020 17:00,64,53,FALSE,117
9/18/2020 18:00,66,52,FALSE,118
9/18/2020 19:00,65,49,FALSE,114
9/18/2020 20:00,65,52,FALSE,117
9/18/2020 21:00,67,54,FALSE,121
9/18/2020 22:00,67,48,FALSE,115
9/18/2020 23:00,59,45,FALSE,104
9/19/2020 0:00,59,41,FALSE,100
9/19/2020 1:00,54,42,FALSE,96
9/19/2020 2:00,59,42,FALSE,101
9/19/2020 3:00,61,43,FALSE,104
9/19/2020 4:00,63,44,FALSE,107
9/19/2020 5:00,65,49,FALSE,114
9/19/2020 6:00,68,54,FALSE,122
9/19/2020 7:00,66,55,FALSE,121
9/19/2020 8:00,62,58,FALSE,120
9/19/2020 9:00,68,57,FALSE,125
9/19/2020 10:00,65,53,FALSE,118
9/19/2020 11:00,60,50,FALSE,110
9/19/2020 12:00,65,53,FALSE,118
9/19/2020 13:00,62,50,FALSE,112
9/19/2020 14:00,58,50,FALSE,108
9/19/2020 15:00,56,45,FALSE,101
9/19/2020 16:00,62,48,FALSE,110
9/19/2020 17:00,61,47,FALSE,108
9/19/2020 18:00,65,46,FALSE,111
9/19/2020 19:00,66,43,FALSE,109
9/19/2020 20:00,62,43,FALSE,105
9/19/2020 21:00,69,48,FALSE,117
9/19/2020 22:00,67,46,FALSE,113
9/19/2020 23:00,61,43,FALSE,104
9/20/2020 0:00,57,36,FALSE,93
9/20/2020 1:00,55,36,FALSE,91
9/20/2020 2:00,59,39,FALSE,98
9/20/2020 3:00,59,41,FALSE,100
9/20/2020 4:00,62,43,FALSE,105
9/20/2020 5:00,64,48,FALSE,112
9/20/2020 6:00,65,49,FALSE,114
9/20/2020 7:00,66,51,FALSE,117
9/20/2020 8:00,64,56,FALSE,120
9/20/2020 9:00,73,54,FALSE,127
9/20/2020 10:00,60,55,FALSE,115
9/20/2020 11:00,59,48,FALSE,107
9/20/2020 12:00,61,50,FALSE,111
9/20/2020 13:00,64,47,FALSE,111
9/20/2020 14:00,59,48,FALSE,107
9/20/2020 15:00,53,45,FALSE,98
9/20/2020 16:00,76,52,FALSE,128
9/20/2020 17:00,63,48,FALSE,111
9/20/2020 18:00,60,45,FALSE,105
9/20/2020 19:00,62,51,FALSE,113
9/20/2020 20:00,69,53,FALSE,122
9/20/2020 21:00,72,47,FALSE,119
9/20/2020 22:00,64,47,FALSE,111
9/20/2020 23:00,58,39,FALSE,97
9/21/2020 0:00,56,38,FALSE,94
9/21/2020 1:00,56,39,FALSE,95
9/21/2020 2:00,59,43,FALSE,102
9/21/2020 3:00,58,42,FALSE,100
9/21/2020 4:00,61,50,FALSE,111
9/21/2020 5:00,75,58,FALSE,133
9/21/2020 6:00,63,65,FALSE,128
9/21/2020 7:00,62,76,FALSE,138
9/21/2020 8:00,63,80,FALSE,143
9/21/2020 9:00,69,78,FALSE,147
9/21/2020 10:00,70,72,FALSE,142
9/21/2020 11:00,68,70,FALSE,138
9/21/2020 12:00,75,70,FALSE,145
9/21/2020 13:00,68,67,FALSE,135
9/21/2020 14:00,76,65,FALSE,141
9/21/2020 15:00,71,56,FALSE,127
9/21/2020 16:00,66,51,FALSE,117
9/21/2020 17:00,67,48,FALSE,115
9/21/2020 18:00,65,45,FALSE,110
9/21/2020 19:00,66,48,FALSE,114
9/21/2020 20:00,69,46,FALSE,115
9/21/2020 21:00,70,46,FALSE,116
9/21/2020 22:00,72,48,FALSE,120
9/21/2020 23:00,63,39,FALSE,102
9/22/2020 0:00,59,39,FALSE,98
9/22/2020 1:00,58,36,FALSE,94
9/22/2020 2:00,61,40,FALSE,101
9/22/2020 3:00,62,41,FALSE,103
9/22/2020 4:00,79,46,FALSE,125
9/22/2020 5:00,65,55,FALSE,120
9/22/2020 6:00,68,63,FALSE,131
9/22/2020 7:00,68,71,FALSE,139
9/22/2020 8:00,67,71,FALSE,138
9/22/2020 9:00,64,69,FALSE,133
9/22/2020 10:00,64,63,FALSE,127
9/22/2020 11:00,63,63,FALSE,126
9/22/2020 12:00,58,60,FALSE,118
9/22/2020 13:00,60,55,FALSE,115
9/22/2020 14:00,54,54,FALSE,108
9/22/2020 15:00,58,49,FALSE,107
9/22/2020 16:00,56,45,FALSE,101
9/22/2020 17:00,55,43,FALSE,98
9/22/2020 18:00,58,45,FALSE,103
9/22/2020 19:00,58,47,FALSE,105
9/22/2020 20:00,61,45,FALSE,106
9/22/2020 21:00,61,47,FALSE,108
9/22/2020 22:00,64,43,FALSE,107
9/22/2020 23:00,56,40,FALSE,96
9/23/2020 0:00,50,35,FALSE,85
9/23/2020 0:00,63,43,FALSE,106
9/23/2020 1:00,65,42,FALSE,107
9/23/2020 2:00,67,46,FALSE,113
9/23/2020 3:00,66,48,FALSE,114
9/23/2020 4:00,95,54,FALSE,149
9/23/2020 5:00,80,72,FALSE,152
9/23/2020 6:00,81,78,FALSE,159
9/23/2020 7:00,82,88,FALSE,170
9/23/2020 8:00,78,90,FALSE,168
9/23/2020 9:00,82,86,FALSE,168
9/23/2020 10:00,73,79,FALSE,152
9/23/2020 11:00,73,75,FALSE,148
9/23/2020 12:00,72,71,FALSE,143
9/23/2020 13:00,66,67,FALSE,133
9/23/2020 14:00,67,66,FALSE,133
9/23/2020 15:00,67,60,FALSE,127
9/23/2020 16:00,66,54,FALSE,120
9/23/2020 17:00,67,52,FALSE,119
9/23/2020 18:00,70,56,FALSE,126
9/23/2020 19:00,79,62,FALSE,141
9/23/2020 20:00,92,63,FALSE,155
9/23/2020 21:00,91,64,FALSE,155
9/23/2020 22:00,83,56,FALSE,139
9/23/2020 23:00,86,53,FALSE,139
9/24/2020 0:00,77,42,FALSE,119
9/24/2020 1:00,70,46,FALSE,116
9/24/2020 2:00,74,48,FALSE,122
9/24/2020 3:00,73,53,FALSE,126
9/24/2020 4:00,100,63,FALSE,163
9/24/2020 5:00,81,73,FALSE,154
9/24/2020 6:00,87,87,FALSE,174
9/24/2020 7:00,80,86,FALSE,166
9/24/2020 8:00,77,90,FALSE,167
9/24/2020 9:00,76,86,FALSE,162
9/24/2020 10:00,74,75,FALSE,149
9/24/2020 11:00,79,76,FALSE,155
9/24/2020 12:00,71,70,FALSE,141
9/24/2020 13:00,68,67,FALSE,135
9/24/2020 14:00,66,63,FALSE,129
9/24/2020 15:00,70,64,FALSE,134
9/24/2020 16:00,71,60,FALSE,131
9/24/2020 17:00,70,55,FALSE,125
9/24/2020 18:00,70,56,FALSE,126
9/24/2020 19:00,69,56,FALSE,125
9/24/2020 20:00,77,59,FALSE,136
9/24/2020 21:00,80,57,FALSE,137
9/24/2020 22:00,83,55,FALSE,138
9/24/2020 23:00,80,53,FALSE,133
9/25/2020 0:00,69,46,FALSE,115
9/25/2020 1:00,65,44,FALSE,109
9/25/2020 2:00,73,48,FALSE,121
9/25/2020 3:00,71,49,FALSE,120
9/25/2020 4:00,80,54,FALSE,134
9/25/2020 5:00,96,66,FALSE,162
9/25/2020 6:00,78,80,FALSE,158
9/25/2020 7:00,79,79,FALSE,158
9/25/2020 8:00,73,86,FALSE,159
9/25/2020 9:00,77,82,FALSE,159
9/25/2020 10:00,75,74,FALSE,149
9/25/2020 11:00,71,69,FALSE,140
9/25/2020 12:00,64,67,FALSE,131
9/25/2020 13:00,69,62,FALSE,131
9/25/2020 14:00,67,59,FALSE,126
9/25/2020 15:00,67,52,FALSE,119
9/25/2020 16:00,63,50,FALSE,113
9/25/2020 17:00,67,49,FALSE,116
9/25/2020 18:00,71,52,FALSE,123
9/25/2020 19:00,68,50,FALSE,118
9/25/2020 20:00,79,51,FALSE,130
9/25/2020 21:00,78,53,FALSE,131
9/25/2020 22:00,79,48,FALSE,127
9/25/2020 23:00,71,46,FALSE,117
9/26/2020 0:00,67,43,FALSE,110
9/26/2020 1:00,62,40,FALSE,102
9/26/2020 2:00,70,43,FALSE,113
9/26/2020 3:00,71,47,FALSE,118
9/26/2020 4:00,70,50,FALSE,120
9/26/2020 5:00,79,58,FALSE,137
9/26/2020 6:00,93,58,FALSE,151
9/26/2020 7:00,86,61,FALSE,147
9/26/2020 8:00,74,61,FALSE,135
9/26/2020 9:00,70,59,FALSE,129
9/26/2020 10:00,72,58,FALSE,130
9/26/2020 11:00,67,60,FALSE,127
9/26/2020 12:00,67,52,FALSE,119
9/26/2020 13:00,63,51,FALSE,114
9/26/2020 14:00,64,50,FALSE,114
9/26/2020 15:00,61,50,FALSE,111
9/26/2020 16:00,64,49,FALSE,113
9/26/2020 17:00,69,47,FALSE,116
9/26/2020 18:00,65,45,FALSE,110
9/26/2020 19:00,68,44,FALSE,112
9/26/2020 20:00,72,49,FALSE,121
9/26/2020 21:00,79,49,FALSE,128
9/26/2020 22:00,76,48,FALSE,124
9/26/2020 23:00,70,45,FALSE,115
9/27/2020 0:00,66,46,FALSE,112
9/27/2020 1:00,77,52,FALSE,129
9/27/2020 2:00,68,43,FALSE,111
9/27/2020 3:00,65,49,FALSE,114
9/27/2020 4:00,99,52,FALSE,151
9/27/2020 5:00,78,57,FALSE,135
9/27/2020 6:00,79,58,FALSE,137
9/27/2020 7:00,75,58,FALSE,133
9/27/2020 8:00,69,62,FALSE,131
9/27/2020 9:00,74,61,FALSE,135
9/27/2020 10:00,66,58,FALSE,124
9/27/2020 11:00,65,59,FALSE,124
9/27/2020 12:00,67,54,FALSE,121
9/27/2020 13:00,65,52,FALSE,117
9/27/2020 14:00,61,54,FALSE,115
9/27/2020 15:00,61,51,FALSE,112
9/27/2020 16:00,61,49,FALSE,110
9/27/2020 17:00,59,51,FALSE,110
9/27/2020 18:00,63,51,FALSE,114
9/27/2020 19:00,63,49,FALSE,112
9/27/2020 20:00,66,52,FALSE,118
9/27/2020 21:00,72,49,FALSE,121
9/27/2020 22:00,71,47,FALSE,118
9/27/2020 23:00,61,45,FALSE,106
9/28/2020 0:00,64,40,FALSE,104
9/28/2020 1:00,66,42,FALSE,108
9/28/2020 2:00,66,43,FALSE,109
9/28/2020 3:00,82,44,FALSE,126
9/28/2020 4:00,71,54,FALSE,125
9/28/2020 5:00,73,64,FALSE,137
9/28/2020 6:00,73,73,FALSE,146
9/28/2020 7:00,70,80,FALSE,150
9/28/2020 8:00,69,84,FALSE,153
9/28/2020 9:00,71,80,FALSE,151
9/28/2020 10:00,70,72,FALSE,142
9/28/2020 11:00,73,74,FALSE,147
9/28/2020 12:00,71,71,FALSE,142
9/28/2020 13:00,73,67,FALSE,140
9/28/2020 14:00,70,64,FALSE,134
9/28/2020 15:00,70,59,FALSE,129
9/28/2020 16:00,68,52,FALSE,120
9/28/2020 17:00,67,50,FALSE,117
9/28/2020 18:00,64,50,FALSE,114
9/28/2020 19:00,71,54,FALSE,125
9/28/2020 20:00,74,55,FALSE,129
9/28/2020 21:00,78,57,FALSE,135
9/28/2020 22:00,81,52,FALSE,133
9/28/2020 23:00,70,49,FALSE,119
9/29/2020 0:00,64,44,FALSE,108
9/29/2020 1:00,65,40,FALSE,105
9/29/2020 2:00,64,44,FALSE,108
9/29/2020 3:00,64,46,FALSE,110
9/29/2020 4:00,87,55,FALSE,142
9/29/2020 5:00,76,62,FALSE,138
9/29/2020 6:00,74,70,FALSE,144
9/29/2020 7:00,73,77,FALSE,150
9/29/2020 8:00,65,81,FALSE,146
9/29/2020 9:00,70,77,FALSE,147
9/29/2020 10:00,68,68,FALSE,136
9/29/2020 11:00,65,69,FALSE,134
9/29/2020 12:00,62,65,FALSE,127
9/29/2020 13:00,64,61,FALSE,125
9/29/2020 14:00,60,62,FALSE,122
9/29/2020 15:00,61,56,FALSE,117
9/29/2020 16:00,62,51,FALSE,113
9/29/2020 17:00,62,50,FALSE,112
9/29/2020 18:00,62,48,FALSE,110
9/29/2020 19:00,64,51,FALSE,115
9/29/2020 20:00,68,48,FALSE,116
9/29/2020 21:00,76,46,FALSE,122
9/29/2020 22:00,67,46,FALSE,113
9/29/2020 23:00,62,44,FALSE,106
9/30/2020 0:00,57,40,FALSE,97
9/30/2020 0:00,72,50,FALSE,122
9/30/2020 1:00,72,50,FALSE,122
9/30/2020 2:00,70,51,FALSE,121
9/30/2020 3:00,88,58,FALSE,146
9/30/2020 4:00,81,62,FALSE,143
9/30/2020 5:00,87,72,FALSE,159
9/30/2020 6:00,81,81,FALSE,162
9/30/2020 7:00,83,92,FALSE,175
9/30/2020 8:00,77,96,FALSE,173
9/30/2020 9:00,80,91,FALSE,171
9/30/2020 10:00,76,86,FALSE,162
9/30/2020 11:00,78,83,FALSE,161
9/30/2020 12:00,71,79,FALSE,150
9/30/2020 13:00,73,71,FALSE,144
9/30/2020 14:00,71,72,FALSE,143
9/30/2020 15:00,73,68,FALSE,141
9/30/2020 16:00,68,59,FALSE,127
9/30/2020 17:00,71,55,FALSE,126
9/30/2020 18:00,71,57,FALSE,128
9/30/2020 19:00,73,55,FALSE,128
9/30/2020 20:00,74,58,FALSE,132
9/30/2020 21:00,82,62,FALSE,144
9/30/2020 22:00,81,56,FALSE,137
9/30/2020 23:00,76,49,FALSE,125
10/1/2020 0:00,69,46,FALSE,115
10/1/2020 1:00,71,48,FALSE,119
10/1/2020 2:00,91,50,FALSE,141
10/1/2020 3:00,70,51,FALSE,121
10/1/2020 4:00,85,65,FALSE,150
10/1/2020 5:00,84,75,FALSE,159
10/1/2020 6:00,80,81,FALSE,161
10/1/2020 7:00,76,91,FALSE,167
10/1/2020 8:00,81,91,FALSE,172
10/1/2020 9:00,84,97,FALSE,181
10/1/2020 10:00,82,83,FALSE,165
10/1/2020 11:00,84,82,FALSE,166
10/1/2020 12:00,81,81,FALSE,162
10/1/2020 13:00,77,74,FALSE,151
10/1/2020 14:00,72,74,FALSE,146
10/1/2020 15:00,75,67,FALSE,142
10/1/2020 16:00,80,66,FALSE,146
10/1/2020 17:00,81,59,FALSE,140
10/1/2020 18:00,79,55,FALSE,134
10/1/2020 19:00,76,61,FALSE,137
10/1/2020 20:00,81,58,FALSE,139
10/1/2020 21:00,91,57,FALSE,148
10/1/2020 22:00,80,56,FALSE,136
10/1/2020 23:00,81,52,FALSE,133
10/2/2020 0:00,75,50,FALSE,125
10/2/2020 1:00,71,47,FALSE,118
10/2/2020 2:00,79,53,FALSE,132
10/2/2020 3:00,86,53,FALSE,139
10/2/2020 4:00,78,61,FALSE,139
10/2/2020 5:00,89,75,FALSE,164
10/2/2020 6:00,92,87,FALSE,179
10/2/2020 7:00,91,96,FALSE,187
10/2/2020 8:00,89,93,FALSE,182
10/2/2020 9:00,87,94,FALSE,181
10/2/2020 10:00,92,85,FALSE,177
10/2/2020 11:00,86,82,FALSE,168
10/2/2020 12:00,82,75,FALSE,157
10/2/2020 13:00,82,76,FALSE,158
10/2/2020 14:00,73,66,FALSE,139
10/2/2020 15:00,78,65,FALSE,143
10/2/2020 16:00,72,58,FALSE,130
10/2/2020 17:00,69,53,FALSE,122
10/2/2020 18:00,76,56,FALSE,132
10/2/2020 19:00,75,61,FALSE,136
10/2/2020 20:00,76,57,FALSE,133
10/2/2020 21:00,79,55,FALSE,134
10/2/2020 22:00,83,58,FALSE,141
10/2/2020 23:00,73,50,FALSE,123
10/3/2020 0:00,73,44,FALSE,117
10/3/2020 1:00,70,45,FALSE,115
10/3/2020 2:00,72,48,FALSE,120
10/3/2020 3:00,69,47,FALSE,116
10/3/2020 4:00,79,60,FALSE,139
10/3/2020 5:00,100,57,FALSE,157
10/3/2020 6:00,78,69,FALSE,147
10/3/2020 7:00,82,67,FALSE,149
10/3/2020 8:00,82,67,FALSE,149
10/3/2020 9:00,75,65,FALSE,140
10/3/2020 10:00,73,63,FALSE,136
10/3/2020 11:00,73,59,FALSE,132
10/3/2020 12:00,69,59,FALSE,128
10/3/2020 13:00,73,58,FALSE,131
10/3/2020 14:00,69,57,FALSE,126
10/3/2020 15:00,65,56,FALSE,121
10/3/2020 16:00,65,55,FALSE,120
10/3/2020 17:00,68,52,FALSE,120
10/3/2020 18:00,69,56,FALSE,125
10/3/2020 19:00,77,58,FALSE,135
10/3/2020 20:00,74,54,FALSE,128
10/3/2020 21:00,84,54,FALSE,138
10/3/2020 22:00,78,56,FALSE,134
10/3/2020 23:00,73,51,FALSE,124
10/4/2020 0:00,76,43,FALSE,119
10/4/2020 1:00,69,43,FALSE,112
10/4/2020 2:00,70,50,FALSE,120
10/4/2020 3:00,64,52,FALSE,116
10/4/2020 4:00,65,63,FALSE,128
10/4/2020 5:00,78,68,FALSE,146
10/4/2020 6:00,78,62,FALSE,140
10/4/2020 7:00,80,69,FALSE,149
10/4/2020 8:00,92,68,FALSE,160
10/4/2020 9:00,79,71,FALSE,150
10/4/2020 10:00,74,60,FALSE,134
10/4/2020 11:00,69,64,FALSE,133
10/4/2020 12:00,67,60,FALSE,127
10/4/2020 13:00,73,56,FALSE,129
10/4/2020 14:00,68,57,FALSE,125
10/4/2020 15:00,67,57,FALSE,124
10/4/2020 16:00,64,52,FALSE,116
10/4/2020 17:00,66,56,FALSE,122
10/4/2020 18:00,69,59,FALSE,128
10/4/2020 19:00,74,57,FALSE,131
10/4/2020 20:00,82,61,FALSE,143
10/4/2020 21:00,83,55,FALSE,138
10/4/2020 22:00,79,57,FALSE,136
10/4/2020 23:00,72,52,FALSE,124
10/5/2020 0:00,73,48,FALSE,121
10/5/2020 1:00,71,46,FALSE,117
10/5/2020 2:00,69,53,FALSE,122
10/5/2020 3:00,68,51,FALSE,119
10/5/2020 4:00,77,63,FALSE,140
10/5/2020 5:00,78,71,FALSE,149
10/5/2020 6:00,77,79,FALSE,156
10/5/2020 7:00,91,85,FALSE,176
10/5/2020 8:00,74,94,FALSE,168
10/5/2020 9:00,73,88,FALSE,161
10/5/2020 10:00,77,82,FALSE,159
10/5/2020 11:00,72,83,FALSE,155
10/5/2020 12:00,72,76,FALSE,148
10/5/2020 13:00,76,74,FALSE,150
10/5/2020 14:00,76,72,FALSE,148
10/5/2020 15:00,73,65,FALSE,138
10/5/2020 16:00,78,61,FALSE,139
10/5/2020 17:00,90,57,FALSE,147
10/5/2020 18:00,80,56,FALSE,136
10/5/2020 19:00,86,62,FALSE,148
10/5/2020 20:00,82,63,FALSE,145
10/5/2020 21:00,80,62,FALSE,142
10/5/2020 22:00,84,59,FALSE,143
10/5/2020 23:00,71,52,FALSE,123
10/6/2020 0:00,71,52,FALSE,123
10/6/2020 1:00,67,52,FALSE,119
10/6/2020 2:00,74,52,FALSE,126
10/6/2020 3:00,69,53,FALSE,122
10/6/2020 4:00,78,63,FALSE,141
10/6/2020 5:00,80,71,FALSE,151
10/6/2020 6:00,76,78,FALSE,154
10/6/2020 7:00,77,93,FALSE,170
10/6/2020 8:00,73,90,FALSE,163
10/6/2020 9:00,72,92,FALSE,164
10/6/2020 10:00,78,82,FALSE,160
10/6/2020 11:00,79,80,FALSE,159
10/6/2020 12:00,68,76,FALSE,144
10/6/2020 13:00,72,69,FALSE,141
10/6/2020 14:00,67,69,FALSE,136
10/6/2020 15:00,67,65,FALSE,132
10/6/2020 16:00,68,61,FALSE,129
10/6/2020 17:00,69,54,FALSE,123
10/6/2020 18:00,68,56,FALSE,124
10/6/2020 19:00,75,62,FALSE,137
10/6/2020 20:00,80,65,FALSE,145
10/6/2020 21:00,83,61,FALSE,144
10/6/2020 22:00,81,57,FALSE,138
10/6/2020 23:00,69,51,FALSE,120
10/7/2020 0:00,62,44,FALSE,106
10/7/2020 0:00,52,37,FALSE,89
10/7/2020 1:00,56,40,FALSE,96
10/7/2020 2:00,61,42,FALSE,103
10/7/2020 3:00,59,42,FALSE,101
10/7/2020 4:00,65,47,FALSE,112
10/7/2020 5:00,64,58,FALSE,122
10/7/2020 6:00,65,62,FALSE,127
10/7/2020 7:00,63,71,FALSE,134
10/7/2020 8:00,58,76,FALSE,134
10/7/2020 9:00,60,71,FALSE,131
10/7/2020 10:00,59,67,FALSE,126
10/7/2020 11:00,58,61,FALSE,119
10/7/2020 12:00,55,61,FALSE,116
10/7/2020 13:00,59,55,FALSE,114
10/7/2020 14:00,53,55,FALSE,108
10/7/2020 15:00,52,50,FALSE,102
10/7/2020 16:00,56,48,FALSE,104
10/7/2020 17:00,56,45,FALSE,101
10/7/2020 18:00,53,45,FALSE,98
10/7/2020 19:00,58,48,FALSE,106
10/7/2020 20:00,61,49,FALSE,110
10/7/2020 21:00,59,45,FALSE,104
10/7/2020 22:00,61,43,FALSE,104
10/7/2020 23:00,58,40,FALSE,98
10/8/2020 0:00,54,35,FALSE,89
10/8/2020 1:00,50,40,FALSE,90
10/8/2020 2:00,54,39,FALSE,93
10/8/2020 3:00,58,45,FALSE,103
10/8/2020 4:00,60,49,FALSE,109
10/8/2020 5:00,63,57,FALSE,120
10/8/2020 6:00,56,67,FALSE,123
10/8/2020 7:00,60,71,FALSE,131
10/8/2020 8:00,61,73,FALSE,134
10/8/2020 9:00,63,70,FALSE,133
10/8/2020 10:00,58,62,FALSE,120
10/8/2020 11:00,59,61,FALSE,120
10/8/2020 12:00,53,58,FALSE,111
10/8/2020 13:00,58,55,FALSE,113
10/8/2020 14:00,57,57,FALSE,114
10/8/2020 15:00,60,54,FALSE,114
10/8/2020 16:00,61,50,FALSE,111
10/8/2020 17:00,59,49,FALSE,108
10/8/2020 18:00,64,45,FALSE,109
10/8/2020 19:00,65,46,FALSE,111
10/8/2020 20:00,67,48,FALSE,115
10/8/2020 21:00,68,45,FALSE,113
10/8/2020 22:00,66,47,FALSE,113
10/8/2020 23:00,64,36,FALSE,100
10/9/2020 0:00,59,41,FALSE,100
10/9/2020 1:00,57,37,FALSE,94
10/9/2020 2:00,59,37,FALSE,96
10/9/2020 3:00,61,41,FALSE,102
10/9/2020 4:00,60,43,FALSE,103
10/9/2020 5:00,60,51,FALSE,111
10/9/2020 6:00,64,61,FALSE,125
10/9/2020 7:00,61,63,FALSE,124
10/9/2020 8:00,59,67,FALSE,126
10/9/2020 9:00,60,64,FALSE,124
10/9/2020 10:00,59,61,FALSE,120
10/9/2020 11:00,68,65,FALSE,133
10/9/2020 12:00,66,61,FALSE,127
10/9/2020 13:00,65,55,FALSE,120
10/9/2020 14:00,62,50,FALSE,112
10/9/2020 15:00,63,47,FALSE,110
10/9/2020 16:00,64,48,FALSE,112
10/9/2020 17:00,63,45,FALSE,108
10/9/2020 18:00,65,43,FALSE,108
10/9/2020 19:00,65,44,FALSE,109
10/9/2020 20:00,65,46,FALSE,111
10/9/2020 21:00,67,47,FALSE,114
10/9/2020 22:00,70,44,FALSE,114
10/9/2020 23:00,66,40,FALSE,106
10/10/2020 0:00,60,37,FALSE,97
10/10/2020 1:00,60,39,FALSE,99
10/10/2020 2:00,73,52,FALSE,125
10/10/2020 3:00,79,54,FALSE,133
10/10/2020 4:00,78,55,FALSE,133
10/10/2020 5:00,87,55,FALSE,142
10/10/2020 6:00,80,54,FALSE,134
10/10/2020 7:00,81,63,FALSE,144
10/10/2020 8:00,74,64,FALSE,138
10/10/2020 9:00,74,60,FALSE,134
10/10/2020 10:00,69,57,FALSE,126
10/10/2020 11:00,71,52,FALSE,123
10/10/2020 12:00,67,54,FALSE,121
10/10/2020 13:00,67,51,FALSE,118
10/10/2020 14:00,67,49,FALSE,116
10/10/2020 15:00,69,52,FALSE,121
10/10/2020 16:00,64,45,FALSE,109
10/10/2020 17:00,65,44,FALSE,109
10/10/2020 18:00,66,46,FALSE,112
10/10/2020 19:00,63,46,FALSE,109
10/10/2020 20:00,67,45,FALSE,112
10/10/2020 21:00,73,46,FALSE,119
10/10/2020 22:00,77,44,FALSE,121
10/10/2020 23:00,65,40,FALSE,105
10/11/2020 0:00,67,36,FALSE,103
10/11/2020 1:00,61,37,FALSE,98
10/11/2020 2:00,64,43,FALSE,107
10/11/2020 3:00,62,43,FALSE,105
10/11/2020 4:00,64,43,FALSE,107
10/11/2020 5:00,67,53,FALSE,120
10/11/2020 6:00,69,53,FALSE,122
10/11/2020 7:00,70,56,FALSE,126
10/11/2020 8:00,69,53,FALSE,122
10/11/2020 9:00,62,54,FALSE,116
10/11/2020 10:00,65,53,FALSE,118
10/11/2020 11:00,66,53,FALSE,119
10/11/2020 12:00,67,51,FALSE,118
10/11/2020 13:00,64,49,FALSE,113
10/11/2020 14:00,61,45,FALSE,106
10/11/2020 15:00,65,51,FALSE,116
10/11/2020 16:00,65,45,FALSE,110
10/11/2020 17:00,66,48,FALSE,114
10/11/2020 18:00,65,47,FALSE,112
10/11/2020 19:00,63,45,FALSE,108
10/11/2020 20:00,67,44,FALSE,111
10/11/2020 21:00,73,48,FALSE,121
10/11/2020 22:00,68,44,FALSE,112
10/11/2020 23:00,60,38,FALSE,98
10/12/2020 0:00,57,38,FALSE,95
10/12/2020 1:00,59,38,FALSE,97
10/12/2020 2:00,59,42,FALSE,101
10/12/2020 3:00,63,45,FALSE,108
10/12/2020 4:00,64,51,FALSE,115
10/12/2020 5:00,66,58,FALSE,124
10/12/2020 6:00,67,65,FALSE,132
10/12/2020 7:00,64,69,FALSE,133
10/12/2020 8:00,62,75,FALSE,137
10/12/2020 9:00,62,69,FALSE,131
10/12/2020 10:00,65,61,FALSE,126
10/12/2020 11:00,63,65,FALSE,128
10/12/2020 12:00,61,60,FALSE,121
10/12/2020 13:00,69,62,FALSE,131
10/12/2020 14:00,78,62,FALSE,140
10/12/2020 15:00,78,61,FALSE,139
10/12/2020 16:00,78,59,FALSE,137
10/12/2020 17:00,80,49,FALSE,129
10/12/2020 18:00,79,53,FALSE,132
10/12/2020 19:00,85,58,FALSE,143
10/12/2020 20:00,88,56,FALSE,144
10/12/2020 21:00,94,57,FALSE,151
10/12/2020 22:00,100,61,FALSE,161
10/12/2020 23:00,86,50,FALSE,136
10/13/2020 0:00,73,43,FALSE,116
10/13/2020 1:00,71,46,FALSE,117
10/13/2020 2:00,76,47,FALSE,123
10/13/2020 3:00,69,47,FALSE,116
10/13/2020 4:00,77,54,FALSE,131
10/13/2020 5:00,82,63,FALSE,145
10/13/2020 6:00,73,68,FALSE,141
10/13/2020 7:00,73,73,FALSE,146
10/13/2020 8:00,70,74,FALSE,144
10/13/2020 9:00,69,73,FALSE,142
10/13/2020 10:00,73,68,FALSE,141
10/13/2020 11:00,73,66,FALSE,139
10/13/2020 12:00,70,65,FALSE,135
10/13/2020 13:00,68,59,FALSE,127
10/13/2020 14:00,62,56,FALSE,118
10/13/2020 15:00,67,56,FALSE,123
10/13/2020 16:00,64,48,FALSE,112
10/13/2020 17:00,63,44,FALSE,107
10/13/2020 18:00,62,42,FALSE,104
10/13/2020 19:00,70,48,FALSE,118
10/13/2020 20:00,71,47,FALSE,118
10/13/2020 21:00,73,46,FALSE,119
10/13/2020 22:00,72,42,FALSE,114
10/13/2020 23:00,63,37,FALSE,100
10/14/2020 0:00,62,38,FALSE,100
10/14/2020 0:00,83,51,FALSE,134
10/14/2020 1:00,87,49,FALSE,136
10/14/2020 2:00,87,53,FALSE,140
10/14/2020 3:00,83,56,FALSE,139
10/14/2020 4:00,89,65,FALSE,154
10/14/2020 5:00,90,78,FALSE,168
10/14/2020 6:00,87,80,FALSE,167
10/14/2020 7:00,92,92,FALSE,184
10/14/2020 8:00,81,93,FALSE,174
10/14/2020 9:00,86,92,FALSE,178
10/14/2020 10:00,86,84,FALSE,170
10/14/2020 11:00,84,76,FALSE,160
10/14/2020 12:00,81,81,FALSE,162
10/14/2020 13:00,86,75,FALSE,161
10/14/2020 14:00,83,73,FALSE,156
10/14/2020 15:00,82,69,FALSE,151
10/14/2020 16:00,83,68,FALSE,151
10/14/2020 17:00,80,63,FALSE,143
10/14/2020 18:00,83,64,FALSE,147
10/14/2020 19:00,80,64,FALSE,144
10/14/2020 20:00,92,66,FALSE,158
10/14/2020 21:00,93,64,FALSE,157
10/14/2020 22:00,88,58,FALSE,146
10/14/2020 23:00,78,50,FALSE,128
10/15/2020 0:00,82,47,FALSE,129
10/15/2020 1:00,79,52,FALSE,131
10/15/2020 2:00,77,58,FALSE,135
10/15/2020 3:00,84,61,FALSE,145
10/15/2020 4:00,83,61,FALSE,144
10/15/2020 5:00,86,77,FALSE,163
10/15/2020 6:00,86,82,FALSE,168
10/15/2020 7:00,88,89,FALSE,177
10/15/2020 8:00,79,96,FALSE,175
10/15/2020 9:00,78,93,FALSE,171
10/15/2020 10:00,84,85,FALSE,169
10/15/2020 11:00,78,81,FALSE,159
10/15/2020 12:00,77,77,FALSE,154
10/15/2020 13:00,81,76,FALSE,157
10/15/2020 14:00,79,74,FALSE,153
10/15/2020 15:00,78,68,FALSE,146
10/15/2020 16:00,78,65,FALSE,143
10/15/2020 17:00,78,59,FALSE,137
10/15/2020 18:00,89,61,FALSE,150
10/15/2020 19:00,93,64,FALSE,157
10/15/2020 20:00,100,66,FALSE,166
10/15/2020 21:00,96,63,FALSE,159
10/15/2020 22:00,92,59,FALSE,151
10/15/2020 23:00,88,57,FALSE,145
10/16/2020 0:00,80,51,FALSE,131
10/16/2020 1:00,78,50,FALSE,128
10/16/2020 2:00,82,58,FALSE,140
10/16/2020 3:00,84,58,FALSE,142
10/16/2020 4:00,100,60,FALSE,160
10/16/2020 5:00,87,76,FALSE,163
10/16/2020 6:00,91,79,FALSE,170
10/16/2020 7:00,93,94,FALSE,187
10/16/2020 8:00,85,88,FALSE,173
10/16/2020 9:00,85,89,FALSE,174
10/16/2020 10:00,82,82,FALSE,164
10/16/2020 11:00,88,75,FALSE,163
10/16/2020 12:00,78,77,FALSE,155
10/16/2020 13:00,82,73,FALSE,155
10/16/2020 14:00,76,72,FALSE,148
10/16/2020 15:00,81,67,FALSE,148
10/16/2020 16:00,77,64,FALSE,141
10/16/2020 17:00,74,55,FALSE,129
10/16/2020 18:00,81,58,FALSE,139
10/16/2020 19:00,82,59,FALSE,141
10/16/2020 20:00,77,59,FALSE,136
10/16/2020 21:00,80,58,FALSE,138
10/16/2020 22:00,83,58,FALSE,141
10/16/2020 23:00,78,54,FALSE,132
10/17/2020 0:00,72,48,FALSE,120
10/17/2020 1:00,71,48,FALSE,119
10/17/2020 2:00,75,50,FALSE,125
10/17/2020 3:00,69,56,FALSE,125
10/17/2020 4:00,75,61,FALSE,136
10/17/2020 5:00,81,64,FALSE,145
10/17/2020 6:00,85,69,FALSE,154
10/17/2020 7:00,82,73,FALSE,155
10/17/2020 8:00,80,72,FALSE,152
10/17/2020 9:00,75,70,FALSE,145
10/17/2020 10:00,74,60,FALSE,134
10/17/2020 11:00,66,62,FALSE,128
10/17/2020 12:00,70,62,FALSE,132
10/17/2020 13:00,75,60,FALSE,135
10/17/2020 14:00,70,55,FALSE,125
10/17/2020 15:00,75,58,FALSE,133
10/17/2020 16:00,71,53,FALSE,124
10/17/2020 17:00,67,53,FALSE,120
10/17/2020 18:00,67,54,FALSE,121
10/17/2020 19:00,71,50,FALSE,121
10/17/2020 20:00,69,53,FALSE,122
10/17/2020 21:00,82,54,FALSE,136
10/17/2020 22:00,73,55,FALSE,128
10/17/2020 23:00,77,44,FALSE,121
10/18/2020 0:00,71,45,FALSE,116
10/18/2020 1:00,70,44,FALSE,114
10/18/2020 2:00,73,54,FALSE,127
10/18/2020 3:00,73,49,FALSE,122
10/18/2020 4:00,76,55,FALSE,131
10/18/2020 5:00,74,62,FALSE,136
10/18/2020 6:00,80,69,FALSE,149
10/18/2020 7:00,81,69,FALSE,150
10/18/2020 8:00,84,80,FALSE,164
10/18/2020 9:00,79,77,FALSE,156
10/18/2020 10:00,77,67,FALSE,144
10/18/2020 11:00,77,68,FALSE,145
10/18/2020 12:00,81,64,FALSE,145
10/18/2020 13:00,80,63,FALSE,143
10/18/2020 14:00,78,62,FALSE,140
10/18/2020 15:00,76,59,FALSE,135
10/18/2020 16:00,77,60,FALSE,137
10/18/2020 17:00,74,54,FALSE,128
10/18/2020 18:00,79,61,FALSE,140
10/18/2020 19:00,80,60,FALSE,140
10/18/2020 20:00,79,62,FALSE,141
10/18/2020 21:00,86,57,FALSE,143
10/18/2020 22:00,88,55,FALSE,143
10/18/2020 23:00,85,54,FALSE,139
10/19/2020 0:00,79,47,FALSE,126
10/19/2020 1:00,78,51,FALSE,129
10/19/2020 2:00,84,47,FALSE,131
10/19/2020 3:00,78,58,FALSE,136
10/19/2020 4:00,83,62,FALSE,145
10/19/2020 5:00,82,74,FALSE,156
10/19/2020 6:00,76,82,FALSE,158
10/19/2020 7:00,80,89,FALSE,169
10/19/2020 8:00,76,89,FALSE,165
10/19/2020 9:00,81,84,FALSE,165
10/19/2020 10:00,79,76,FALSE,155
10/19/2020 11:00,79,83,FALSE,162
10/19/2020 12:00,75,78,FALSE,153
10/19/2020 13:00,84,79,FALSE,163
10/19/2020 14:00,83,70,FALSE,153
10/19/2020 15:00,87,65,FALSE,152
10/19/2020 16:00,88,63,FALSE,151
10/19/2020 17:00,86,63,FALSE,149
10/19/2020 18:00,82,61,FALSE,143
10/19/2020 19:00,84,61,FALSE,145
10/19/2020 20:00,94,64,FALSE,158
10/19/2020 21:00,95,62,FALSE,157
10/19/2020 22:00,97,58,FALSE,155
10/19/2020 23:00,81,52,FALSE,133
10/20/2020 0:00,78,49,FALSE,127
10/20/2020 1:00,81,50,FALSE,131
10/20/2020 2:00,87,54,FALSE,141
10/20/2020 3:00,81,57,FALSE,138
10/20/2020 4:00,89,68,FALSE,157
10/20/2020 5:00,95,76,FALSE,171
10/20/2020 6:00,85,79,FALSE,164
10/20/2020 7:00,96,91,FALSE,187
10/20/2020 8:00,87,93,FALSE,180
10/20/2020 9:00,87,88,FALSE,175
10/20/2020 10:00,85,85,FALSE,170
10/20/2020 11:00,91,89,FALSE,180
10/20/2020 12:00,88,77,FALSE,165
10/20/2020 13:00,90,79,FALSE,169
10/20/2020 14:00,94,77,FALSE,171
10/20/2020 15:00,92,75,FALSE,167
10/20/2020 16:00,89,61,FALSE,150
10/20/2020 17:00,88,65,FALSE,153
10/20/2020 18:00,82,61,FALSE,143
10/20/2020 19:00,89,63,FALSE,152
10/20/2020 20:00,92,61,FALSE,153
10/20/2020 21:00,98,66,FALSE,164
10/20/2020 22:00,90,55,FALSE,145
10/20/2020 23:00,85,54,FALSE,139
10/21/2020 0:00,82,52,FALSE,134
10/21/2020 0:00,47,29,FALSE,76
10/21/2020 1:00,49,30,FALSE,79
10/21/2020 2:00,52,32,FALSE,84
10/21/2020 3:00,60,39,FALSE,99
10/21/2020 4:00,68,43,FALSE,111
10/21/2020 5:00,61,44,FALSE,105
10/21/2020 6:00,56,55,FALSE,111
10/21/2020 7:00,56,55,FALSE,111
10/21/2020 8:00,53,53,FALSE,106
10/21/2020 9:00,51,51,FALSE,102
10/21/2020 10:00,53,50,FALSE,103
10/21/2020 11:00,54,50,FALSE,104
10/21/2020 12:00,58,49,FALSE,107
10/21/2020 13:00,63,49,FALSE,112
10/21/2020 14:00,71,53,FALSE,124
10/21/2020 15:00,69,52,FALSE,121
10/21/2020 16:00,81,53,FALSE,134
10/21/2020 17:00,80,47,FALSE,127
10/21/2020 18:00,74,45,FALSE,119
10/21/2020 19:00,76,42,FALSE,118
10/21/2020 20:00,77,45,FALSE,122
10/21/2020 21:00,86,48,FALSE,134
10/21/2020 22:00,97,53,FALSE,150
10/21/2020 23:00,80,42,FALSE,122
10/22/2020 0:00,74,39,FALSE,113
10/22/2020 1:00,69,40,FALSE,109
10/22/2020 2:00,71,43,FALSE,114
10/22/2020 3:00,74,45,FALSE,119
10/22/2020 4:00,75,49,FALSE,124
10/22/2020 5:00,72,54,FALSE,126
10/22/2020 6:00,75,57,FALSE,132
10/22/2020 7:00,67,60,FALSE,127
10/22/2020 8:00,71,60,FALSE,131
10/22/2020 9:00,65,59,FALSE,124
10/22/2020 10:00,81,57,FALSE,138
10/22/2020 11:00,97,66,FALSE,163
10/22/2020 12:00,87,59,FALSE,146
10/22/2020 13:00,86,59,FALSE,145
10/22/2020 14:00,83,56,FALSE,139
10/22/2020 15:00,82,49,FALSE,131
10/22/2020 16:00,83,50,FALSE,133
10/22/2020 17:00,87,48,FALSE,135
10/22/2020 18:00,87,48,FALSE,135
10/22/2020 19:00,96,51,FALSE,147
10/22/2020 20:00,98,51,FALSE,149
10/22/2020 21:00,100,50,FALSE,150
10/22/2020 22:00,96,48,FALSE,144
10/22/2020 23:00,86,43,FALSE,129
10/23/2020 0:00,71,37,FALSE,108
10/23/2020 1:00,67,36,FALSE,103
10/23/2020 2:00,71,37,FALSE,108
10/23/2020 3:00,73,43,FALSE,116
10/23/2020 4:00,78,44,FALSE,122
10/23/2020 5:00,82,52,FALSE,134
10/23/2020 6:00,79,59,FALSE,138
10/23/2020 7:00,73,60,FALSE,133
10/23/2020 8:00,74,61,FALSE,135
10/23/2020 9:00,72,57,FALSE,129
10/23/2020 10:00,72,55,FALSE,127
10/23/2020 11:00,72,54,FALSE,126
10/23/2020 12:00,76,52,FALSE,128
10/23/2020 13:00,70,51,FALSE,121
10/23/2020 14:00,66,45,FALSE,111
10/23/2020 15:00,65,44,FALSE,109
10/23/2020 16:00,67,43,FALSE,110
10/23/2020 17:00,65,43,FALSE,108
10/23/2020 18:00,64,38,FALSE,102
10/23/2020 19:00,64,38,FALSE,102
10/23/2020 20:00,64,41,FALSE,105
10/23/2020 21:00,68,38,FALSE,106
10/23/2020 22:00,70,39,FALSE,109
10/23/2020 23:00,66,34,FALSE,100
10/24/2020 0:00,59,34,FALSE,93
10/24/2020 1:00,65,33,FALSE,98
10/24/2020 2:00,62,34,FALSE,96
10/24/2020 3:00,57,36,FALSE,93
10/24/2020 4:00,66,43,FALSE,109
10/24/2020 5:00,67,43,FALSE,110
10/24/2020 6:00,69,52,FALSE,121
10/24/2020 7:00,67,47,FALSE,114
10/24/2020 8:00,65,49,FALSE,114
10/24/2020 9:00,63,44,FALSE,107
10/24/2020 10:00,60,44,FALSE,104
10/24/2020 11:00,60,39,FALSE,99
10/24/2020 12:00,61,41,FALSE,102
10/24/2020 13:00,56,39,FALSE,95
10/24/2020 14:00,55,36,FALSE,91
10/24/2020 15:00,57,40,FALSE,97
10/24/2020 16:00,60,37,FALSE,97
10/24/2020 17:00,60,39,FALSE,99
10/24/2020 18:00,59,33,FALSE,92
10/24/2020 19:00,61,33,FALSE,94
10/24/2020 20:00,62,39,FALSE,101
10/24/2020 21:00,66,36,FALSE,102
10/24/2020 22:00,64,37,FALSE,101
10/24/2020 23:00,62,34,FALSE,96
10/25/2020 0:00,62,32,FALSE,94
10/25/2020 1:00,58,33,FALSE,91
10/25/2020 2:00,62,36,FALSE,98
10/25/2020 3:00,64,37,FALSE,101
10/25/2020 4:00,64,42,FALSE,106
10/25/2020 5:00,69,45,FALSE,114
10/25/2020 6:00,70,45,FALSE,115
10/25/2020 7:00,68,47,FALSE,115
10/25/2020 8:00,65,46,FALSE,111
10/25/2020 9:00,58,41,FALSE,99
10/25/2020 10:00,57,42,FALSE,99
10/25/2020 11:00,59,41,FALSE,100
10/25/2020 12:00,57,40,FALSE,97
10/25/2020 13:00,58,39,FALSE,97
10/25/2020 14:00,55,37,FALSE,92
10/25/2020 15:00,58,39,FALSE,97
10/25/2020 16:00,55,36,FALSE,91
10/25/2020 17:00,53,37,FALSE,90
10/25/2020 18:00,55,35,FALSE,90
10/25/2020 19:00,56,43,FALSE,99
10/25/2020 20:00,59,40,FALSE,99
10/25/2020 21:00,58,38,FALSE,96
10/25/2020 22:00,59,38,FALSE,97
10/25/2020 23:00,58,33,FALSE,91
10/26/2020 0:00,56,36,FALSE,92
10/26/2020 1:00,59,32,FALSE,91
10/26/2020 2:00,56,38,FALSE,94
10/26/2020 3:00,57,35,FALSE,92
10/26/2020 4:00,58,41,FALSE,99
10/26/2020 5:00,66,46,FALSE,112
10/26/2020 6:00,62,52,FALSE,114
10/26/2020 7:00,62,55,FALSE,117
10/26/2020 8:00,58,58,FALSE,116
10/26/2020 9:00,59,57,FALSE,116
10/26/2020 10:00,59,51,FALSE,110
10/26/2020 11:00,59,48,FALSE,107
10/26/2020 12:00,62,48,FALSE,110
10/26/2020 13:00,59,45,FALSE,104
10/26/2020 14:00,61,46,FALSE,107
10/26/2020 15:00,65,49,FALSE,114
10/26/2020 16:00,66,43,FALSE,109
10/26/2020 17:00,63,43,FALSE,106
10/26/2020 18:00,63,39,FALSE,102
10/26/2020 19:00,61,39,FALSE,100
10/26/2020 20:00,66,40,FALSE,106
10/26/2020 21:00,70,40,FALSE,110
10/26/2020 22:00,65,39,FALSE,104
10/26/2020 23:00,61,36,FALSE,97
10/27/2020 0:00,59,34,FALSE,93
10/27/2020 1:00,58,34,FALSE,92
10/27/2020 2:00,61,36,FALSE,97
10/27/2020 3:00,58,38,FALSE,96
10/27/2020 4:00,62,43,FALSE,105
10/27/2020 5:00,61,43,FALSE,104
10/27/2020 6:00,61,46,FALSE,107
10/27/2020 7:00,66,54,FALSE,120
10/27/2020 8:00,61,53,FALSE,114
10/27/2020 9:00,58,56,FALSE,114
10/27/2020 10:00,63,54,FALSE,117
10/27/2020 11:00,65,52,FALSE,117
10/27/2020 12:00,66,51,FALSE,117
10/27/2020 13:00,65,48,FALSE,113
10/27/2020 14:00,61,46,FALSE,107
10/27/2020 15:00,65,46,FALSE,111
10/27/2020 16:00,72,47,FALSE,119
10/27/2020 17:00,73,47,FALSE,120
10/27/2020 18:00,72,44,FALSE,116
10/27/2020 19:00,71,41,FALSE,112
10/27/2020 20:00,74,42,FALSE,116
10/27/2020 21:00,71,44,FALSE,115
10/27/2020 22:00,76,41,FALSE,117
10/27/2020 23:00,73,39,FALSE,112
10/28/2020 0:00,66,36,FALSE,102
10/28/2020 0:00,84,46,FALSE,130
10/28/2020 1:00,84,45,FALSE,129
10/28/2020 2:00,88,52,FALSE,140
10/28/2020 3:00,87,55,FALSE,142
10/28/2020 4:00,91,59,FALSE,150
10/28/2020 5:00,100,61,FALSE,161
10/28/2020 6:00,93,66,FALSE,159
10/28/2020 7:00,93,69,FALSE,162
10/28/2020 8:00,90,73,FALSE,163
10/28/2020 9:00,91,72,FALSE,163
10/28/2020 10:00,86,68,FALSE,154
10/28/2020 11:00,85,68,FALSE,153
10/28/2020 12:00,83,62,FALSE,145
10/28/2020 13:00,77,60,FALSE,137
10/28/2020 14:00,80,62,FALSE,142
10/28/2020 15:00,76,62,FALSE,138
10/28/2020 16:00,73,55,FALSE,128
10/28/2020 17:00,76,50,FALSE,126
10/28/2020 18:00,77,48,FALSE,125
10/28/2020 19:00,74,49,FALSE,123
10/28/2020 20:00,73,47,FALSE,120
10/28/2020 21:00,75,47,FALSE,122
10/28/2020 22:00,78,50,FALSE,128
10/28/2020 23:00,73,46,FALSE,119
10/29/2020 0:00,72,43,FALSE,115
10/29/2020 1:00,68,44,FALSE,112
10/29/2020 2:00,76,48,FALSE,124
10/29/2020 3:00,75,49,FALSE,124
10/29/2020 4:00,71,50,FALSE,121
10/29/2020 5:00,78,55,FALSE,133
10/29/2020 6:00,74,63,FALSE,137
10/29/2020 7:00,77,66,FALSE,143
10/29/2020 8:00,69,68,FALSE,137
10/29/2020 9:00,69,69,FALSE,138
10/29/2020 10:00,70,67,FALSE,137
10/29/2020 11:00,67,60,FALSE,127
10/29/2020 12:00,69,57,FALSE,126
10/29/2020 13:00,66,55,FALSE,121
10/29/2020 14:00,67,57,FALSE,124
10/29/2020 15:00,74,53,FALSE,127
10/29/2020 16:00,71,53,FALSE,124
10/29/2020 17:00,73,49,FALSE,122
10/29/2020 18:00,75,47,FALSE,122
10/29/2020 19:00,76,47,FALSE,123
10/29/2020 20:00,72,48,FALSE,120
10/29/2020 21:00,81,48,FALSE,129
10/29/2020 22:00,77,52,FALSE,129
10/29/2020 23:00,77,48,FALSE,125
10/30/2020 0:00,73,45,FALSE,118
10/30/2020 1:00,67,42,FALSE,109
10/30/2020 2:00,70,44,FALSE,114
10/30/2020 3:00,71,43,FALSE,114
10/30/2020 4:00,77,45,FALSE,122
10/30/2020 5:00,79,53,FALSE,132
10/30/2020 6:00,77,59,FALSE,136
10/30/2020 7:00,77,64,FALSE,141
10/30/2020 8:00,72,67,FALSE,139
10/30/2020 9:00,66,68,FALSE,134
10/30/2020 10:00,70,64,FALSE,134
10/30/2020 11:00,67,56,FALSE,123
10/30/2020 12:00,67,53,FALSE,120
10/30/2020 13:00,67,55,FALSE,122
10/30/2020 14:00,66,53,FALSE,119
10/30/2020 15:00,68,51,FALSE,119
10/30/2020 16:00,71,50,FALSE,121
10/30/2020 17:00,66,47,FALSE,113
10/30/2020 18:00,68,44,FALSE,112
10/30/2020 19:00,73,44,FALSE,117
10/30/2020 20:00,74,44,FALSE,118
10/30/2020 21:00,73,46,FALSE,119
10/30/2020 22:00,73,46,FALSE,119
10/30/2020 23:00,70,45,FALSE,115
10/31/2020 0:00,64,41,FALSE,105
10/31/2020 1:00,62,40,FALSE,102
10/31/2020 2:00,75,45,FALSE,120
10/31/2020 3:00,66,41,FALSE,107
10/31/2020 4:00,62,45,FALSE,107
10/31/2020 5:00,69,47,FALSE,116
10/31/2020 6:00,72,52,FALSE,124
10/31/2020 7:00,75,50,FALSE,125
10/31/2020 8:00,72,55,FALSE,127
10/31/2020 9:00,78,55,FALSE,133
10/31/2020 10:00,78,58,FALSE,136
10/31/2020 11:00,75,51,FALSE,126
10/31/2020 12:00,77,51,FALSE,128
10/31/2020 13:00,72,48,FALSE,120
10/31/2020 14:00,70,49,FALSE,119
10/31/2020 15:00,69,48,FALSE,117
10/31/2020 16:00,65,43,FALSE,108
10/31/2020 17:00,65,44,FALSE,109
10/31/2020 18:00,69,42,FALSE,111
10/31/2020 19:00,62,41,FALSE,103
10/31/2020 20:00,64,40,FALSE,104
10/31/2020 21:00,70,43,FALSE,113
10/31/2020 22:00,67,43,FALSE,110
10/31/2020 23:00,71,42,FALSE,113
11/1/2020 0:00,67,42,FALSE,109
11/1/2020 1:00,62,36,FALSE,98
11/1/2020 2:00,65,39,FALSE,104
11/1/2020 3:00,61,44,FALSE,105
11/1/2020 4:00,67,47,FALSE,114
11/1/2020 5:00,60,53,FALSE,113
11/1/2020 6:00,67,51,FALSE,118
11/1/2020 7:00,73,54,FALSE,127
11/1/2020 8:00,67,58,FALSE,125
11/1/2020 9:00,64,56,FALSE,120
11/1/2020 10:00,65,52,FALSE,117
11/1/2020 11:00,66,50,FALSE,116
11/1/2020 12:00,66,51,FALSE,117
11/1/2020 13:00,65,53,FALSE,118
11/1/2020 14:00,68,52,FALSE,120
11/1/2020 15:00,70,51,FALSE,121
11/1/2020 16:00,63,47,FALSE,110
11/1/2020 17:00,68,49,FALSE,117
11/1/2020 18:00,69,45,FALSE,114
11/1/2020 19:00,67,50,FALSE,117
11/1/2020 20:00,71,51,FALSE,122
11/1/2020 21:00,86,52,FALSE,138
11/1/2020 22:00,81,49,FALSE,130
11/1/2020 23:00,77,49,FALSE,126
11/2/2020 0:00,78,47,FALSE,125
11/2/2020 1:00,75,52,FALSE,127
11/2/2020 2:00,76,48,FALSE,124
11/2/2020 3:00,74,47,FALSE,121
11/2/2020 4:00,73,48,FALSE,121
11/2/2020 5:00,78,53,FALSE,131
11/2/2020 6:00,75,61,FALSE,136
11/2/2020 7:00,74,67,FALSE,141
11/2/2020 8:00,73,68,FALSE,141
11/2/2020 9:00,72,69,FALSE,141
11/2/2020 10:00,71,66,FALSE,137
11/2/2020 11:00,70,65,FALSE,135
11/2/2020 12:00,71,62,FALSE,133
11/2/2020 13:00,67,59,FALSE,126
11/2/2020 14:00,70,58,FALSE,128
11/2/2020 15:00,64,54,FALSE,118
11/2/2020 16:00,67,52,FALSE,119
11/2/2020 17:00,70,47,FALSE,117
11/2/2020 18:00,70,46,FALSE,116
11/2/2020 19:00,69,46,FALSE,115
11/2/2020 20:00,71,46,FALSE,117
11/2/2020 21:00,72,46,FALSE,118
11/2/2020 22:00,68,46,FALSE,114
11/2/2020 23:00,71,44,FALSE,115
11/3/2020 0:00,67,40,FALSE,107
11/3/2020 1:00,63,41,FALSE,104
11/3/2020 2:00,62,38,FALSE,100
11/3/2020 3:00,71,49,FALSE,120
11/3/2020 4:00,76,51,FALSE,127
11/3/2020 5:00,72,53,FALSE,125
11/3/2020 6:00,75,56,FALSE,131
11/3/2020 7:00,69,66,FALSE,135
11/3/2020 8:00,69,67,FALSE,136
11/3/2020 9:00,66,65,FALSE,131
11/3/2020 10:00,64,60,FALSE,124
11/3/2020 11:00,66,57,FALSE,123
11/3/2020 12:00,66,55,FALSE,121
11/3/2020 13:00,65,53,FALSE,118
11/3/2020 14:00,61,55,FALSE,116
11/3/2020 15:00,65,53,FALSE,118
11/3/2020 16:00,63,50,FALSE,113
11/3/2020 17:00,63,46,FALSE,109
11/3/2020 18:00,61,45,FALSE,106
11/3/2020 19:00,66,40,FALSE,106
11/3/2020 20:00,60,42,FALSE,102
11/3/2020 21:00,68,41,FALSE,109
11/3/2020 22:00,67,42,FALSE,109
11/3/2020 23:00,73,44,FALSE,117
11/4/2020 0:00,65,38,FALSE,103
11/4/2020 0:00,44,26,FALSE,70
11/4/2020 1:00,34,22,FALSE,56
11/4/2020 2:00,33,22,FALSE,55
11/4/2020 3:00,39,27,FALSE,66
11/4/2020 4:00,38,27,FALSE,65
11/4/2020 5:00,40,30,FALSE,70
11/4/2020 6:00,41,33,FALSE,74
11/4/2020 7:00,41,35,FALSE,76
11/4/2020 8:00,38,38,FALSE,76
11/4/2020 9:00,38,40,FALSE,78
11/4/2020 10:00,37,35,FALSE,72
11/4/2020 11:00,37,31,FALSE,68
11/4/2020 12:00,36,31,FALSE,67
11/4/2020 13:00,36,32,FALSE,68
11/4/2020 14:00,37,31,FALSE,68
11/4/2020 15:00,36,29,FALSE,65
11/4/2020 16:00,50,41,FALSE,91
11/4/2020 17:00,59,42,FALSE,101
11/4/2020 18:00,55,34,FALSE,89
11/4/2020 19:00,54,34,FALSE,88
11/4/2020 20:00,50,30,FALSE,80
11/4/2020 21:00,52,31,FALSE,83
11/4/2020 22:00,49,32,FALSE,81
11/4/2020 23:00,48,29,FALSE,77
11/5/2020 0:00,43,27,FALSE,70
11/5/2020 1:00,45,27,FALSE,72
11/5/2020 2:00,47,27,FALSE,74
11/5/2020 3:00,49,34,FALSE,83
11/5/2020 4:00,51,34,FALSE,85
11/5/2020 5:00,58,37,FALSE,95
11/5/2020 6:00,60,43,FALSE,103
11/5/2020 7:00,60,47,FALSE,107
11/5/2020 8:00,63,48,FALSE,111
11/5/2020 9:00,59,48,FALSE,107
11/5/2020 10:00,54,45,FALSE,99
11/5/2020 11:00,55,44,FALSE,99
11/5/2020 12:00,64,44,FALSE,108
11/5/2020 13:00,61,44,FALSE,105
11/5/2020 14:00,64,47,FALSE,111
11/5/2020 15:00,67,46,FALSE,113
11/5/2020 16:00,78,49,FALSE,127
11/5/2020 17:00,68,41,FALSE,109
11/5/2020 18:00,67,38,FALSE,105
11/5/2020 19:00,65,38,FALSE,103
11/5/2020 20:00,68,38,FALSE,106
11/5/2020 21:00,78,42,FALSE,120
11/5/2020 22:00,76,43,FALSE,119
11/5/2020 23:00,83,46,FALSE,129
11/6/2020 0:00,75,43,FALSE,118
11/6/2020 1:00,85,50,FALSE,135
11/6/2020 2:00,82,52,FALSE,134
11/6/2020 3:00,76,47,FALSE,123
11/6/2020 4:00,77,44,FALSE,121
11/6/2020 5:00,86,53,FALSE,139
11/6/2020 6:00,89,57,FALSE,146
11/6/2020 7:00,90,60,FALSE,150
11/6/2020 8:00,81,59,FALSE,140
11/6/2020 9:00,78,58,FALSE,136
11/6/2020 10:00,88,62,FALSE,150
11/6/2020 11:00,87,58,FALSE,145
11/6/2020 12:00,80,54,FALSE,134
11/6/2020 13:00,84,51,FALSE,135
11/6/2020 14:00,76,47,FALSE,123
11/6/2020 15:00,71,44,FALSE,115
11/6/2020 16:00,73,42,FALSE,115
11/6/2020 17:00,74,40,FALSE,114
11/6/2020 18:00,78,43,FALSE,121
11/6/2020 19:00,77,42,FALSE,119
11/6/2020 20:00,79,39,FALSE,118
11/6/2020 21:00,87,45,FALSE,132
11/6/2020 22:00,94,51,FALSE,145
11/6/2020 23:00,98,51,FALSE,149
11/7/2020 0:00,100,52,FALSE,152
11/7/2020 1:00,99,52,FALSE,151
11/7/2020 2:00,89,47,FALSE,136
11/7/2020 3:00,87,46,FALSE,133
11/7/2020 4:00,90,50,FALSE,140
11/7/2020 5:00,91,53,FALSE,144
11/7/2020 6:00,92,54,FALSE,146
11/7/2020 7:00,97,55,FALSE,152
11/7/2020 8:00,92,56,FALSE,148
11/7/2020 9:00,93,55,FALSE,148
11/7/2020 10:00,86,50,FALSE,136
11/7/2020 11:00,89,54,FALSE,143
11/7/2020 12:00,86,50,FALSE,136
11/7/2020 13:00,83,50,FALSE,133
11/7/2020 14:00,79,48,FALSE,127
11/7/2020 15:00,76,45,FALSE,121
11/7/2020 16:00,71,39,FALSE,110
11/7/2020 17:00,72,40,FALSE,112
11/7/2020 18:00,75,40,FALSE,115
11/7/2020 19:00,84,44,FALSE,128
11/7/2020 20:00,80,43,FALSE,123
11/7/2020 21:00,76,40,FALSE,116
11/7/2020 22:00,78,42,FALSE,120
11/7/2020 23:00,76,39,FALSE,115
11/8/2020 0:00,72,35,FALSE,107
11/8/2020 1:00,63,34,FALSE,97
11/8/2020 2:00,66,34,FALSE,100
11/8/2020 3:00,68,41,FALSE,109
11/8/2020 4:00,70,40,FALSE,110
11/8/2020 5:00,71,42,FALSE,113
11/8/2020 6:00,72,44,FALSE,116
11/8/2020 7:00,73,44,FALSE,117
11/8/2020 8:00,70,44,FALSE,114
11/8/2020 9:00,70,45,FALSE,115
11/8/2020 10:00,66,46,FALSE,112
11/8/2020 11:00,65,41,FALSE,106
11/8/2020 12:00,68,41,FALSE,109
11/8/2020 13:00,67,42,FALSE,109
11/8/2020 14:00,63,40,FALSE,103
11/8/2020 15:00,64,42,FALSE,106
11/8/2020 16:00,67,40,FALSE,107
11/8/2020 17:00,72,39,FALSE,111
11/8/2020 18:00,76,38,FALSE,114
11/8/2020 19:00,70,37,FALSE,107
11/8/2020 20:00,73,40,FALSE,113
11/8/2020 21:00,73,39,FALSE,112
11/8/2020 22:00,75,37,FALSE,112
11/8/2020 23:00,72,40,FALSE,112
11/9/2020 0:00,70,36,FALSE,106
11/9/2020 1:00,66,36,FALSE,102
11/9/2020 2:00,65,37,FALSE,102
11/9/2020 3:00,67,42,FALSE,109
11/9/2020 4:00,65,42,FALSE,107
11/9/2020 5:00,74,44,FALSE,118
11/9/2020 6:00,73,45,FALSE,118
11/9/2020 7:00,70,49,FALSE,119
11/9/2020 8:00,70,52,FALSE,122
11/9/2020 9:00,66,51,FALSE,117
11/9/2020 10:00,68,50,FALSE,118
11/9/2020 11:00,66,47,FALSE,113
11/9/2020 12:00,74,47,FALSE,121
11/9/2020 13:00,68,49,FALSE,117
11/9/2020 14:00,70,49,FALSE,119
11/9/2020 15:00,66,46,FALSE,112
11/9/2020 16:00,68,41,FALSE,109
11/9/2020 17:00,66,37,FALSE,103
11/9/2020 18:00,69,35,FALSE,104
11/9/2020 19:00,67,39,FALSE,106
11/9/2020 20:00,69,41,FALSE,110
11/9/2020 21:00,77,39,FALSE,116
11/9/2020 22:00,70,37,FALSE,107
11/9/2020 23:00,65,38,FALSE,103
11/10/2020 0:00,64,32,FALSE,96
11/10/2020 1:00,62,32,FALSE,94
11/10/2020 2:00,61,36,FALSE,97
11/10/2020 3:00,60,36,FALSE,96
11/10/2020 4:00,61,40,FALSE,101
11/10/2020 5:00,69,42,FALSE,111
11/10/2020 6:00,67,47,FALSE,114
11/10/2020 7:00,65,53,FALSE,118
11/10/2020 8:00,67,52,FALSE,119
11/10/2020 9:00,63,53,FALSE,116
11/10/2020 10:00,63,52,FALSE,115
11/10/2020 11:00,62,44,FALSE,106
11/10/2020 12:00,62,44,FALSE,106
11/10/2020 13:00,58,43,FALSE,101
11/10/2020 14:00,56,41,FALSE,97
11/10/2020 15:00,57,40,FALSE,97
11/10/2020 16:00,56,38,FALSE,94
11/10/2020 17:00,55,35,FALSE,90
11/10/2020 18:00,58,34,FALSE,92
11/10/2020 19:00,61,35,FALSE,96
11/10/2020 20:00,65,37,FALSE,102
11/10/2020 21:00,69,38,FALSE,107
11/10/2020 22:00,68,40,FALSE,108
11/10/2020 23:00,64,36,FALSE,100
11/11/2020 0:00,63,37,FALSE,100
11/11/2020 0:00,54,32,FALSE,86
11/11/2020 1:00,58,33,FALSE,91
11/11/2020 2:00,56,35,FALSE,91
11/11/2020 3:00,57,32,FALSE,89
11/11/2020 4:00,58,35,FALSE,93
11/11/2020 5:00,62,37,FALSE,99
11/11/2020 6:00,63,42,FALSE,105
11/11/2020 7:00,62,43,FALSE,105
11/11/2020 8:00,59,45,FALSE,104
11/11/2020 9:00,61,49,FALSE,110
11/11/2020 10:00,61,48,FALSE,109
11/11/2020 11:00,63,43,FALSE,106
11/11/2020 12:00,63,45,FALSE,108
11/11/2020 13:00,61,40,FALSE,101
11/11/2020 14:00,59,40,FALSE,99
11/11/2020 15:00,62,40,FALSE,102
11/11/2020 16:00,69,42,FALSE,111
11/11/2020 17:00,77,39,FALSE,116
11/11/2020 18:00,80,42,FALSE,122
11/11/2020 19:00,79,38,FALSE,117
11/11/2020 20:00,74,37,FALSE,111
11/11/2020 21:00,74,38,FALSE,112
11/11/2020 22:00,73,40,FALSE,113
11/11/2020 23:00,64,36,FALSE,100
11/12/2020 0:00,60,31,FALSE,91
11/12/2020 1:00,52,28,FALSE,80
11/12/2020 2:00,57,33,FALSE,90
11/12/2020 3:00,60,33,FALSE,93
11/12/2020 4:00,60,36,FALSE,96
11/12/2020 5:00,66,39,FALSE,105
11/12/2020 6:00,68,43,FALSE,111
11/12/2020 7:00,64,44,FALSE,108
11/12/2020 8:00,63,43,FALSE,106
11/12/2020 9:00,61,47,FALSE,108
11/12/2020 10:00,64,50,FALSE,114
11/12/2020 11:00,59,41,FALSE,100
11/12/2020 12:00,57,42,FALSE,99
11/12/2020 13:00,62,39,FALSE,101
11/12/2020 14:00,61,41,FALSE,102
11/12/2020 15:00,63,40,FALSE,103
11/12/2020 16:00,66,38,FALSE,104
11/12/2020 17:00,64,36,FALSE,100
11/12/2020 18:00,61,34,FALSE,95
11/12/2020 19:00,66,32,FALSE,98
11/12/2020 20:00,68,35,FALSE,103
11/12/2020 21:00,69,39,FALSE,108
11/12/2020 22:00,71,37,FALSE,108
11/12/2020 23:00,70,35,FALSE,105
11/13/2020 0:00,69,35,FALSE,104
11/13/2020 1:00,67,33,FALSE,100
11/13/2020 2:00,59,33,FALSE,92
11/13/2020 3:00,68,38,FALSE,106
11/13/2020 4:00,68,38,FALSE,106
11/13/2020 5:00,65,40,FALSE,105
11/13/2020 6:00,72,42,FALSE,114
11/13/2020 7:00,63,45,FALSE,108
11/13/2020 8:00,62,47,FALSE,109
11/13/2020 9:00,60,48,FALSE,108
11/13/2020 10:00,60,43,FALSE,103
11/13/2020 11:00,61,40,FALSE,101
11/13/2020 12:00,61,43,FALSE,104
11/13/2020 13:00,63,43,FALSE,106
11/13/2020 14:00,63,41,FALSE,104
11/13/2020 15:00,60,37,FALSE,97
11/13/2020 16:00,60,36,FALSE,96
11/13/2020 17:00,60,32,FALSE,92
11/13/2020 18:00,64,34,FALSE,98
11/13/2020 19:00,65,35,FALSE,100
11/13/2020 20:00,66,33,FALSE,99
11/13/2020 21:00,69,33,FALSE,102
11/13/2020 22:00,72,36,FALSE,108
11/13/2020 23:00,73,37,FALSE,110
11/14/2020 0:00,65,33,FALSE,98
11/14/2020 1:00,60,33,FALSE,93
11/14/2020 2:00,59,30,FALSE,89
11/14/2020 3:00,60,30,FALSE,90
11/14/2020 4:00,58,34,FALSE,92
11/14/2020 5:00,62,37,FALSE,99
11/14/2020 6:00,63,38,FALSE,101
11/14/2020 7:00,66,39,FALSE,105
11/14/2020 8:00,62,38,FALSE,100
11/14/2020 9:00,60,40,FALSE,100
11/14/2020 10:00,55,38,FALSE,93
11/14/2020 11:00,58,36,FALSE,94
11/14/2020 12:00,53,34,FALSE,87
11/14/2020 13:00,54,33,FALSE,87
11/14/2020 14:00,54,32,FALSE,86
11/14/2020 15:00,54,31,FALSE,85
11/14/2020 16:00,54,31,FALSE,85
11/14/2020 17:00,52,29,FALSE,81
11/14/2020 18:00,52,30,FALSE,82
11/14/2020 19:00,52,28,FALSE,80
11/14/2020 20:00,52,28,FALSE,80
11/14/2020 21:00,52,29,FALSE,81
11/14/2020 22:00,56,30,FALSE,86
11/14/2020 23:00,57,28,FALSE,85
11/15/2020 0:00,51,27,FALSE,78
11/15/2020 1:00,49,26,FALSE,75
11/15/2020 2:00,48,24,FALSE,72
11/15/2020 3:00,51,32,FALSE,83
11/15/2020 4:00,48,33,FALSE,81
11/15/2020 5:00,50,31,FALSE,81
11/15/2020 6:00,56,33,FALSE,89
11/15/2020 7:00,56,35,FALSE,91
11/15/2020 8:00,53,36,FALSE,89
11/15/2020 9:00,53,37,FALSE,90
11/15/2020 10:00,50,35,FALSE,85
11/15/2020 11:00,51,35,FALSE,86
11/15/2020 12:00,50,33,FALSE,83
11/15/2020 13:00,51,33,FALSE,84
11/15/2020 14:00,51,32,FALSE,83
11/15/2020 15:00,50,33,FALSE,83
11/15/2020 16:00,51,32,FALSE,83
11/15/2020 17:00,53,32,FALSE,85
11/15/2020 18:00,55,32,FALSE,87
11/15/2020 19:00,52,31,FALSE,83
11/15/2020 20:00,56,31,FALSE,87
11/15/2020 21:00,57,33,FALSE,90
11/15/2020 22:00,56,31,FALSE,87
11/15/2020 23:00,50,29,FALSE,79
11/16/2020 0:00,45,28,FALSE,73
11/16/2020 1:00,47,27,FALSE,74
11/16/2020 2:00,48,26,FALSE,74
11/16/2020 3:00,50,29,FALSE,79
11/16/2020 4:00,52,32,FALSE,84
11/16/2020 5:00,54,35,FALSE,89
11/16/2020 6:00,56,37,FALSE,93
11/16/2020 7:00,55,42,FALSE,97
11/16/2020 8:00,54,45,FALSE,99
11/16/2020 9:00,52,41,FALSE,93
11/16/2020 10:00,52,40,FALSE,92
11/16/2020 11:00,52,38,FALSE,90
11/16/2020 12:00,52,38,FALSE,90
11/16/2020 13:00,52,38,FALSE,90
11/16/2020 14:00,56,39,FALSE,95
11/16/2020 15:00,57,37,FALSE,94
11/16/2020 16:00,61,38,FALSE,99
11/16/2020 17:00,67,36,FALSE,103
11/16/2020 18:00,69,36,FALSE,105
11/16/2020 19:00,68,37,FALSE,105
11/16/2020 20:00,72,39,FALSE,111
11/16/2020 21:00,81,41,FALSE,122
11/16/2020 22:00,73,36,FALSE,109
11/16/2020 23:00,69,37,FALSE,106
11/17/2020 0:00,66,33,FALSE,99
11/17/2020 1:00,64,33,FALSE,97
11/17/2020 2:00,60,35,FALSE,95
11/17/2020 3:00,60,34,FALSE,94
11/17/2020 4:00,62,41,FALSE,103
11/17/2020 5:00,62,42,FALSE,104
11/17/2020 6:00,63,41,FALSE,104
11/17/2020 7:00,61,44,FALSE,105
11/17/2020 8:00,57,44,FALSE,101
11/17/2020 9:00,57,46,FALSE,103
11/17/2020 10:00,57,41,FALSE,98
11/17/2020 11:00,61,41,FALSE,102
11/17/2020 12:00,75,47,FALSE,122
11/17/2020 13:00,70,47,FALSE,117
11/17/2020 14:00,69,45,FALSE,114
11/17/2020 15:00,75,47,FALSE,122
11/17/2020 16:00,86,51,FALSE,137
11/17/2020 17:00,95,49,FALSE,144
11/17/2020 18:00,94,50,FALSE,144
11/17/2020 19:00,93,47,FALSE,140
11/17/2020 20:00,100,45,FALSE,145
11/17/2020 21:00,94,43,FALSE,137
11/17/2020 22:00,89,44,FALSE,133
11/17/2020 23:00,85,44,FALSE,129
11/18/2020 0:00,81,44,FALSE,125
11/18/2020 0:00,42,23,FALSE,65
11/18/2020 1:00,44,21,FALSE,65
11/18/2020 2:00,42,23,FALSE,65
11/18/2020 3:00,44,24,FALSE,68
11/18/2020 4:00,64,37,FALSE,101
11/18/2020 5:00,64,35,FALSE,99
11/18/2020 6:00,53,31,FALSE,84
11/18/2020 7:00,47,31,FALSE,78
11/18/2020 8:00,51,33,FALSE,84
11/18/2020 9:00,47,31,FALSE,78
11/18/2020 10:00,46,28,FALSE,74
11/18/2020 11:00,48,28,FALSE,76
11/18/2020 12:00,47,26,FALSE,73
11/18/2020 13:00,43,26,FALSE,69
11/18/2020 14:00,42,24,FALSE,66
11/18/2020 15:00,41,23,FALSE,64
11/18/2020 16:00,41,23,FALSE,64
11/18/2020 17:00,41,21,FALSE,62
11/18/2020 18:00,42,21,FALSE,63
11/18/2020 19:00,39,21,FALSE,60
11/18/2020 20:00,40,20,FALSE,60
11/18/2020 21:00,42,20,FALSE,62
11/18/2020 22:00,41,21,FALSE,62
11/18/2020 23:00,40,21,FALSE,61
11/19/2020 0:00,36,18,FALSE,54
11/19/2020 1:00,34,18,FALSE,52
11/19/2020 2:00,37,18,FALSE,55
11/19/2020 3:00,39,21,FALSE,60
11/19/2020 4:00,37,21,FALSE,58
11/19/2020 5:00,40,20,FALSE,60
11/19/2020 6:00,37,24,FALSE,61
11/19/2020 7:00,37,25,FALSE,62
11/19/2020 8:00,34,26,FALSE,60
11/19/2020 9:00,33,24,FALSE,57
11/19/2020 10:00,32,23,FALSE,55
11/19/2020 11:00,33,23,FALSE,56
11/19/2020 12:00,34,22,FALSE,56
11/19/2020 13:00,34,23,FALSE,57
11/19/2020 14:00,36,22,FALSE,58
11/19/2020 15:00,36,22,FALSE,58
11/19/2020 16:00,35,21,FALSE,56
11/19/2020 17:00,36,19,FALSE,55
11/19/2020 18:00,35,18,FALSE,53
11/19/2020 19:00,36,19,FALSE,55
11/19/2020 20:00,39,19,FALSE,58
11/19/2020 21:00,40,20,FALSE,60
11/19/2020 22:00,38,20,FALSE,58
11/19/2020 23:00,35,19,FALSE,54
11/20/2020 0:00,32,18,FALSE,50
11/20/2020 1:00,33,16,FALSE,49
11/20/2020 2:00,32,18,FALSE,50
11/20/2020 3:00,35,20,FALSE,55
11/20/2020 4:00,37,20,FALSE,57
11/20/2020 5:00,40,21,FALSE,61
11/20/2020 6:00,39,23,FALSE,62
11/20/2020 7:00,41,28,FALSE,69
11/20/2020 8:00,48,31,FALSE,79
11/20/2020 9:00,47,31,FALSE,78
11/20/2020 10:00,48,31,FALSE,79
11/20/2020 11:00,54,32,FALSE,86
11/20/2020 12:00,54,33,FALSE,87
11/20/2020 13:00,53,29,FALSE,82
11/20/2020 14:00,54,30,FALSE,84
11/20/2020 15:00,55,28,FALSE,83
11/20/2020 16:00,56,27,FALSE,83
11/20/2020 17:00,58,28,FALSE,86
11/20/2020 18:00,56,26,FALSE,82
11/20/2020 19:00,56,25,FALSE,81
11/20/2020 20:00,58,25,FALSE,83
11/20/2020 21:00,57,24,FALSE,81
11/20/2020 22:00,52,23,FALSE,75
11/20/2020 23:00,56,25,FALSE,81
11/21/2020 0:00,57,27,FALSE,84
11/21/2020 1:00,57,26,FALSE,83
11/21/2020 2:00,57,25,FALSE,82
11/21/2020 3:00,51,26,FALSE,77
11/21/2020 4:00,50,24,FALSE,74
11/21/2020 5:00,48,26,FALSE,74
11/21/2020 6:00,53,27,FALSE,80
11/21/2020 7:00,52,28,FALSE,80
11/21/2020 8:00,55,29,FALSE,84
11/21/2020 9:00,53,30,FALSE,83
11/21/2020 10:00,49,28,FALSE,77
11/21/2020 11:00,46,27,FALSE,73
11/21/2020 12:00,47,25,FALSE,72
11/21/2020 13:00,52,27,FALSE,79
11/21/2020 14:00,58,30,FALSE,88
11/21/2020 15:00,65,34,FALSE,99
11/21/2020 16:00,73,34,FALSE,107
11/21/2020 17:00,66,31,FALSE,97
11/21/2020 18:00,66,30,FALSE,96
11/21/2020 19:00,64,29,FALSE,93
11/21/2020 20:00,61,27,FALSE,88
11/21/2020 21:00,62,27,FALSE,89
11/21/2020 22:00,62,29,FALSE,91
11/21/2020 23:00,67,32,FALSE,99
11/22/2020 0:00,75,35,FALSE,110
11/22/2020 1:00,66,30,FALSE,96
11/22/2020 2:00,59,28,FALSE,87
11/22/2020 3:00,61,29,FALSE,90
11/22/2020 4:00,58,31,FALSE,89
11/22/2020 5:00,60,31,FALSE,91
11/22/2020 6:00,60,32,FALSE,92
11/22/2020 7:00,60,31,FALSE,91
11/22/2020 8:00,59,32,FALSE,91
11/22/2020 9:00,57,32,FALSE,89
11/22/2020 10:00,56,30,FALSE,86
11/22/2020 11:00,54,30,FALSE,84
11/22/2020 12:00,52,30,FALSE,82
11/22/2020 13:00,51,25,FALSE,76
11/22/2020 14:00,51,27,FALSE,78
11/22/2020 15:00,50,25,FALSE,75
11/22/2020 16:00,55,25,FALSE,80
11/22/2020 17:00,58,28,FALSE,86
11/22/2020 18:00,69,31,FALSE,100
11/22/2020 19:00,75,35,FALSE,110
11/22/2020 20:00,77,35,FALSE,112
11/22/2020 21:00,77,34,FALSE,111
11/22/2020 22:00,84,39,FALSE,123
11/22/2020 23:00,68,33,FALSE,101
11/23/2020 0:00,62,29,FALSE,91
11/23/2020 1:00,57,28,FALSE,85
11/23/2020 2:00,56,26,FALSE,82
11/23/2020 3:00,59,30,FALSE,89
11/23/2020 4:00,71,37,FALSE,108
11/23/2020 5:00,73,38,FALSE,111
11/23/2020 6:00,71,38,FALSE,109
11/23/2020 7:00,73,41,FALSE,114
11/23/2020 8:00,73,43,FALSE,116
11/23/2020 9:00,71,41,FALSE,112
11/23/2020 10:00,76,44,FALSE,120
11/23/2020 11:00,79,44,FALSE,123
11/23/2020 12:00,74,40,FALSE,114
11/23/2020 13:00,78,39,FALSE,117
11/23/2020 14:00,90,48,FALSE,138
11/23/2020 15:00,84,42,FALSE,126
11/23/2020 16:00,77,37,FALSE,114
11/23/2020 17:00,80,38,FALSE,118
11/23/2020 18:00,79,34,FALSE,113
11/23/2020 19:00,79,36,FALSE,115
11/23/2020 20:00,83,36,FALSE,119
11/23/2020 21:00,95,41,FALSE,136
11/23/2020 22:00,100,45,FALSE,145
11/23/2020 23:00,93,42,FALSE,135
11/24/2020 0:00,84,40,FALSE,124
11/24/2020 1:00,95,47,FALSE,142
11/24/2020 2:00,97,55,FALSE,152
11/24/2020 3:00,96,50,FALSE,146
11/24/2020 4:00,99,54,FALSE,153
11/24/2020 5:00,100,53,FALSE,153
11/24/2020 6:00,95,48,FALSE,143
11/24/2020 7:00,86,49,FALSE,135
11/24/2020 8:00,85,50,FALSE,135
11/24/2020 9:00,83,49,FALSE,132
11/24/2020 10:00,82,42,FALSE,124
11/24/2020 11:00,80,39,FALSE,119
11/24/2020 12:00,82,43,FALSE,125
11/24/2020 13:00,82,41,FALSE,123
11/24/2020 14:00,81,40,FALSE,121
11/24/2020 15:00,81,39,FALSE,120
11/24/2020 16:00,81,38,FALSE,119
11/24/2020 17:00,79,34,FALSE,113
11/24/2020 18:00,80,33,FALSE,113
11/24/2020 19:00,78,32,FALSE,110
11/24/2020 20:00,81,33,FALSE,114
11/24/2020 21:00,84,33,FALSE,117
11/24/2020 22:00,81,33,FALSE,114
11/24/2020 23:00,84,33,FALSE,117
11/25/2020 0:00,69,31,FALSE,100
11/25/2020 0:00,21,10,FALSE,31
11/25/2020 1:00,20,9,FALSE,29
11/25/2020 2:00,20,10,FALSE,30
11/25/2020 3:00,22,10,FALSE,32
11/25/2020 4:00,22,11,FALSE,33
11/25/2020 5:00,22,10,FALSE,32
11/25/2020 6:00,22,11,FALSE,33
11/25/2020 7:00,22,11,FALSE,33
11/25/2020 8:00,22,11,FALSE,33
11/25/2020 9:00,19,11,FALSE,30
11/25/2020 10:00,18,10,FALSE,28
11/25/2020 11:00,19,10,FALSE,29
11/25/2020 12:00,20,10,FALSE,30
11/25/2020 13:00,100,10,FALSE,110
11/25/2020 14:00,54,9,FALSE,63
11/25/2020 15:00,18,9,FALSE,27
11/25/2020 16:00,25,8,FALSE,33
11/25/2020 17:00,18,8,FALSE,26
11/25/2020 18:00,18,8,FALSE,26
11/25/2020 19:00,19,8,FALSE,27
11/25/2020 20:00,19,8,FALSE,27
11/25/2020 21:00,20,8,FALSE,28
11/25/2020 22:00,22,9,FALSE,31
11/25/2020 23:00,21,9,FALSE,30
11/26/2020 0:00,17,8,FALSE,25
11/26/2020 1:00,15,7,FALSE,22
11/26/2020 2:00,17,7,FALSE,24
11/26/2020 3:00,21,11,FALSE,32
11/26/2020 4:00,21,11,FALSE,32
11/26/2020 5:00,21,11,FALSE,32
11/26/2020 6:00,21,11,FALSE,32
11/26/2020 7:00,21,11,FALSE,32
11/26/2020 8:00,25,14,FALSE,39
11/26/2020 9:00,23,13,FALSE,36
11/26/2020 10:00,20,11,FALSE,31
11/26/2020 11:00,19,10,FALSE,29
11/26/2020 12:00,17,9,FALSE,26
11/26/2020 13:00,17,9,FALSE,26
11/26/2020 14:00,19,9,FALSE,28
11/26/2020 15:00,18,9,FALSE,27
11/26/2020 16:00,18,8,FALSE,26
11/26/2020 17:00,20,9,FALSE,29
11/26/2020 18:00,18,8,FALSE,26
11/26/2020 19:00,18,8,FALSE,26
11/26/2020 20:00,18,8,FALSE,26
11/26/2020 21:00,19,8,FALSE,27
11/26/2020 22:00,18,7,FALSE,25
11/26/2020 23:00,18,7,FALSE,25
11/27/2020 0:00,15,7,FALSE,22
11/27/2020 1:00,15,7,FALSE,22
11/27/2020 2:00,14,7,FALSE,21
11/27/2020 3:00,14,7,FALSE,21
11/27/2020 4:00,15,7,FALSE,22
11/27/2020 5:00,15,8,FALSE,23
11/27/2020 6:00,16,8,FALSE,24
11/27/2020 7:00,15,8,FALSE,23
11/27/2020 8:00,15,8,FALSE,23
11/27/2020 9:00,13,8,FALSE,21
11/27/2020 10:00,13,8,FALSE,21
11/27/2020 11:00,13,8,FALSE,21
11/27/2020 12:00,13,8,FALSE,21
11/27/2020 13:00,13,8,FALSE,21
11/27/2020 14:00,13,7,FALSE,20
11/27/2020 15:00,14,7,FALSE,21
11/27/2020 16:00,14,7,FALSE,21
11/27/2020 17:00,13,6,FALSE,19
11/27/2020 18:00,13,6,FALSE,19
11/27/2020 19:00,14,5,FALSE,19
11/27/2020 20:00,13,6,FALSE,19
11/27/2020 21:00,14,6,FALSE,20
11/27/2020 22:00,14,6,FALSE,20
11/27/2020 23:00,13,6,FALSE,19
11/28/2020 0:00,13,6,FALSE,19
11/28/2020 1:00,12,6,FALSE,18
11/28/2020 2:00,13,6,FALSE,19
11/28/2020 3:00,13,6,FALSE,19
11/28/2020 4:00,12,6,FALSE,18
11/28/2020 5:00,13,7,FALSE,20
11/28/2020 6:00,14,7,FALSE,21
11/28/2020 7:00,13,7,FALSE,20
11/28/2020 8:00,14,7,FALSE,21
11/28/2020 9:00,12,7,FALSE,19
11/28/2020 10:00,11,7,FALSE,18
11/28/2020 11:00,12,7,FALSE,19
11/28/2020 12:00,12,6,FALSE,18
11/28/2020 13:00,13,7,FALSE,20
11/28/2020 14:00,12,7,FALSE,19
11/28/2020 15:00,13,7,FALSE,20
11/28/2020 16:00,14,7,FALSE,21
11/28/2020 17:00,14,7,FALSE,21
11/28/2020 18:00,14,7,FALSE,21
11/28/2020 19:00,14,7,FALSE,21
11/28/2020 20:00,15,6,FALSE,21
11/28/2020 21:00,14,6,FALSE,20
11/28/2020 22:00,14,7,FALSE,21
11/28/2020 23:00,13,7,FALSE,20
11/29/2020 0:00,13,6,FALSE,19
11/29/2020 1:00,12,6,FALSE,18
11/29/2020 2:00,11,5,FALSE,16
11/29/2020 3:00,12,6,FALSE,18
11/29/2020 4:00,12,6,FALSE,18
11/29/2020 5:00,12,7,FALSE,19
11/29/2020 6:00,12,6,FALSE,18
11/29/2020 7:00,13,7,FALSE,20
11/29/2020 8:00,14,7,FALSE,21
11/29/2020 9:00,13,8,FALSE,21
11/29/2020 10:00,13,8,FALSE,21
11/29/2020 11:00,13,7,FALSE,20
11/29/2020 12:00,13,7,FALSE,20
11/29/2020 13:00,13,7,FALSE,20
11/29/2020 14:00,13,7,FALSE,20
11/29/2020 15:00,13,7,FALSE,20
11/29/2020 16:00,12,6,FALSE,18
11/29/2020 17:00,13,6,FALSE,19
11/29/2020 18:00,13,6,FALSE,19
11/29/2020 19:00,13,6,FALSE,19
11/29/2020 20:00,14,6,FALSE,20
11/29/2020 21:00,16,7,FALSE,23
11/29/2020 22:00,15,7,FALSE,22
11/29/2020 23:00,17,8,FALSE,25
11/30/2020 0:00,17,8,FALSE,25
11/30/2020 1:00,15,7,FALSE,22
11/30/2020 2:00,16,7,FALSE,23
11/30/2020 3:00,15,8,FALSE,23
11/30/2020 4:00,15,8,FALSE,23
11/30/2020 5:00,16,9,FALSE,25
11/30/2020 6:00,16,9,FALSE,25
11/30/2020 7:00,15,9,FALSE,24
11/30/2020 8:00,15,10,FALSE,25
11/30/2020 9:00,14,9,FALSE,23
11/30/2020 10:00,13,8,FALSE,21
11/30/2020 11:00,15,8,FALSE,23
11/30/2020 12:00,16,9,FALSE,25
11/30/2020 13:00,16,9,FALSE,25
11/30/2020 14:00,19,10,FALSE,29
11/30/2020 15:00,21,11,FALSE,32
11/30/2020 16:00,21,10,FALSE,31
11/30/2020 17:00,20,9,FALSE,29
11/30/2020 18:00,20,9,FALSE,29
11/30/2020 19:00,20,9,FALSE,29
11/30/2020 20:00,22,9,FALSE,31
11/30/2020 21:00,23,10,FALSE,33
11/30/2020 22:00,23,10,FALSE,33
11/30/2020 23:00,23,11,FALSE,34
12/1/2020 0:00,21,10,FALSE,31
12/1/2020 1:00,19,9,FALSE,28
12/1/2020 2:00,20,9,FALSE,29
12/1/2020 3:00,21,9,FALSE,30
12/1/2020 4:00,20,10,FALSE,30
12/1/2020 5:00,21,10,FALSE,31
12/1/2020 6:00,21,11,FALSE,32
12/1/2020 7:00,20,11,FALSE,31
12/1/2020 8:00,19,11,FALSE,30
12/1/2020 9:00,19,11,FALSE,30
12/1/2020 10:00,21,13,FALSE,34
12/1/2020 11:00,24,13,FALSE,37
12/1/2020 12:00,24,13,FALSE,37
12/1/2020 13:00,21,12,FALSE,33
12/1/2020 14:00,20,11,FALSE,31
12/1/2020 15:00,21,10,FALSE,31
12/1/2020 16:00,20,9,FALSE,29
12/1/2020 17:00,19,8,FALSE,27
12/1/2020 18:00,18,8,FALSE,26
12/1/2020 19:00,19,8,FALSE,27
12/1/2020 20:00,19,8,FALSE,27
12/1/2020 21:00,19,8,FALSE,27
12/1/2020 22:00,19,8,FALSE,27
12/1/2020 23:00,19,9,FALSE,28
12/2/2020 0:00,18,8,FALSE,26
12/2/2020 0:00,100,43,FALSE,143
12/2/2020 1:00,91,44,FALSE,135
12/2/2020 2:00,82,42,FALSE,124
12/2/2020 3:00,88,41,FALSE,129
12/2/2020 4:00,93,45,FALSE,138
12/2/2020 5:00,89,48,FALSE,137
12/2/2020 6:00,92,48,FALSE,140
12/2/2020 7:00,90,52,FALSE,142
12/2/2020 8:00,89,54,FALSE,143
12/2/2020 9:00,83,52,FALSE,135
12/2/2020 10:00,80,50,FALSE,130
12/2/2020 11:00,80,46,FALSE,126
12/2/2020 12:00,80,49,FALSE,129
12/2/2020 13:00,81,44,FALSE,125
12/2/2020 14:00,82,43,FALSE,125
12/2/2020 15:00,81,43,FALSE,124
12/2/2020 16:00,81,43,FALSE,124
12/2/2020 17:00,82,38,FALSE,120
12/2/2020 18:00,86,41,FALSE,127
12/2/2020 19:00,85,39,FALSE,124
12/2/2020 20:00,88,39,FALSE,127
12/2/2020 21:00,93,38,FALSE,131
12/2/2020 22:00,92,43,FALSE,135
12/2/2020 23:00,92,38,FALSE,130
12/3/2020 0:00,83,38,FALSE,121
12/3/2020 1:00,76,35,FALSE,111
12/3/2020 2:00,75,36,FALSE,111
12/3/2020 3:00,82,36,FALSE,118
12/3/2020 4:00,82,38,FALSE,120
12/3/2020 5:00,86,43,FALSE,129
12/3/2020 6:00,82,45,FALSE,127
12/3/2020 7:00,79,46,FALSE,125
12/3/2020 8:00,80,48,FALSE,128
12/3/2020 9:00,76,48,FALSE,124
12/3/2020 10:00,80,48,FALSE,128
12/3/2020 11:00,81,47,FALSE,128
12/3/2020 12:00,79,45,FALSE,124
12/3/2020 13:00,80,45,FALSE,125
12/3/2020 14:00,81,42,FALSE,123
12/3/2020 15:00,82,43,FALSE,125
12/3/2020 16:00,87,45,FALSE,132
12/3/2020 17:00,84,39,FALSE,123
12/3/2020 18:00,91,40,FALSE,131
12/3/2020 19:00,88,37,FALSE,125
12/3/2020 20:00,94,40,FALSE,134
12/3/2020 21:00,99,42,FALSE,141
12/3/2020 22:00,98,42,FALSE,140
12/3/2020 23:00,96,44,FALSE,140
12/4/2020 0:00,94,40,FALSE,134
12/4/2020 1:00,88,38,FALSE,126
12/4/2020 2:00,85,40,FALSE,125
12/4/2020 3:00,91,42,FALSE,133
12/4/2020 4:00,89,38,FALSE,127
12/4/2020 5:00,88,43,FALSE,131
12/4/2020 6:00,87,44,FALSE,131
12/4/2020 7:00,83,48,FALSE,131
12/4/2020 8:00,78,47,FALSE,125
12/4/2020 9:00,69,44,FALSE,113
12/4/2020 10:00,74,44,FALSE,118
12/4/2020 11:00,73,40,FALSE,113
12/4/2020 12:00,76,43,FALSE,119
12/4/2020 13:00,73,41,FALSE,114
12/4/2020 14:00,75,39,FALSE,114
12/4/2020 15:00,76,36,FALSE,112
12/4/2020 16:00,74,37,FALSE,111
12/4/2020 17:00,74,36,FALSE,110
12/4/2020 18:00,75,32,FALSE,107
12/4/2020 19:00,74,32,FALSE,106
12/4/2020 20:00,78,33,FALSE,111
12/4/2020 21:00,78,35,FALSE,113
12/4/2020 22:00,82,39,FALSE,121
12/4/2020 23:00,89,39,FALSE,128
12/5/2020 0:00,82,38,FALSE,120
12/5/2020 1:00,76,34,FALSE,110
12/5/2020 2:00,73,35,FALSE,108
12/5/2020 3:00,69,32,FALSE,101
12/5/2020 4:00,71,33,FALSE,104
12/5/2020 5:00,75,36,FALSE,111
12/5/2020 6:00,73,39,FALSE,112
12/5/2020 7:00,72,37,FALSE,109
12/5/2020 8:00,71,41,FALSE,112
12/5/2020 9:00,67,39,FALSE,106
12/5/2020 10:00,68,37,FALSE,105
12/5/2020 11:00,67,38,FALSE,105
12/5/2020 12:00,69,36,FALSE,105
12/5/2020 13:00,67,34,FALSE,101
12/5/2020 14:00,67,35,FALSE,102
12/5/2020 15:00,69,34,FALSE,103
12/5/2020 16:00,68,34,FALSE,102
12/5/2020 17:00,68,33,FALSE,101
12/5/2020 18:00,69,33,FALSE,102
12/5/2020 19:00,68,33,FALSE,101
12/5/2020 20:00,70,31,FALSE,101
12/5/2020 21:00,74,34,FALSE,108
12/5/2020 22:00,70,35,FALSE,105
12/5/2020 23:00,72,37,FALSE,109
12/6/2020 0:00,73,36,FALSE,109
12/6/2020 1:00,72,35,FALSE,107
12/6/2020 2:00,73,34,FALSE,107
12/6/2020 3:00,72,35,FALSE,107
12/6/2020 4:00,71,34,FALSE,105
12/6/2020 5:00,70,35,FALSE,105
12/6/2020 6:00,72,37,FALSE,109
12/6/2020 7:00,68,37,FALSE,105
12/6/2020 8:00,67,38,FALSE,105
12/6/2020 9:00,65,37,FALSE,102
12/6/2020 10:00,61,38,FALSE,99
12/6/2020 11:00,57,35,FALSE,92
12/6/2020 12:00,61,36,FALSE,97
12/6/2020 13:00,63,35,FALSE,98
12/6/2020 14:00,64,34,FALSE,98
12/6/2020 15:00,63,35,FALSE,98
12/6/2020 16:00,65,34,FALSE,99
12/6/2020 17:00,63,33,FALSE,96
12/6/2020 18:00,64,32,FALSE,96
12/6/2020 19:00,67,31,FALSE,98
12/6/2020 20:00,69,32,FALSE,101
12/6/2020 21:00,71,33,FALSE,104
12/6/2020 22:00,72,34,FALSE,106
12/6/2020 23:00,73,35,FALSE,108
12/7/2020 0:00,70,33,FALSE,103
12/7/2020 1:00,68,31,FALSE,99
12/7/2020 2:00,66,32,FALSE,98
12/7/2020 3:00,66,34,FALSE,100
12/7/2020 4:00,72,35,FALSE,107
12/7/2020 5:00,66,38,FALSE,104
12/7/2020 6:00,66,38,FALSE,104
12/7/2020 7:00,66,44,FALSE,110
12/7/2020 8:00,65,43,FALSE,108
12/7/2020 9:00,61,42,FALSE,103
12/7/2020 10:00,60,42,FALSE,102
12/7/2020 11:00,61,38,FALSE,99
12/7/2020 12:00,60,37,FALSE,97
12/7/2020 13:00,62,36,FALSE,98
12/7/2020 14:00,65,37,FALSE,102
12/7/2020 15:00,66,37,FALSE,103
12/7/2020 16:00,65,32,FALSE,97
12/7/2020 17:00,67,33,FALSE,100
12/7/2020 18:00,69,33,FALSE,102
12/7/2020 19:00,67,33,FALSE,100
12/7/2020 20:00,69,34,FALSE,103
12/7/2020 21:00,73,34,FALSE,107
12/7/2020 22:00,73,36,FALSE,109
12/7/2020 23:00,73,33,FALSE,106
12/8/2020 0:00,64,30,FALSE,94
12/8/2020 1:00,64,29,FALSE,93
12/8/2020 2:00,63,31,FALSE,94
12/8/2020 3:00,65,32,FALSE,97
12/8/2020 4:00,69,34,FALSE,103
12/8/2020 5:00,69,35,FALSE,104
12/8/2020 6:00,65,40,FALSE,105
12/8/2020 7:00,59,40,FALSE,99
12/8/2020 8:00,63,41,FALSE,104
12/8/2020 9:00,60,42,FALSE,102
12/8/2020 10:00,60,41,FALSE,101
12/8/2020 11:00,62,38,FALSE,100
12/8/2020 12:00,63,39,FALSE,102
12/8/2020 13:00,61,36,FALSE,97
12/8/2020 14:00,63,36,FALSE,99
12/8/2020 15:00,63,36,FALSE,99
12/8/2020 16:00,66,35,FALSE,101
12/8/2020 17:00,62,30,FALSE,92
12/8/2020 18:00,65,32,FALSE,97
12/8/2020 19:00,64,31,FALSE,95
12/8/2020 20:00,68,34,FALSE,102
12/8/2020 21:00,71,34,FALSE,105
12/8/2020 22:00,72,37,FALSE,109
12/8/2020 23:00,81,39,FALSE,120
12/9/2020 0:00,73,35,FALSE,108
12/9/2020 0:00,94,44,FALSE,138
12/9/2020 1:00,100,45,FALSE,145
12/9/2020 2:00,89,45,FALSE,134
12/9/2020 3:00,92,45,FALSE,137
12/9/2020 4:00,95,44,FALSE,139
12/9/2020 5:00,95,49,FALSE,144
12/9/2020 6:00,89,49,FALSE,138
12/9/2020 7:00,92,54,FALSE,146
12/9/2020 8:00,96,65,FALSE,161
12/9/2020 9:00,82,58,FALSE,140
12/9/2020 10:00,80,57,FALSE,137
12/9/2020 11:00,78,51,FALSE,129
12/9/2020 12:00,76,50,FALSE,126
12/9/2020 13:00,79,50,FALSE,129
12/9/2020 14:00,84,52,FALSE,136
12/9/2020 15:00,79,48,FALSE,127
12/9/2020 16:00,77,43,FALSE,120
12/9/2020 17:00,79,41,FALSE,120
12/9/2020 18:00,81,39,FALSE,120
12/9/2020 19:00,81,39,FALSE,120
12/9/2020 20:00,84,40,FALSE,124
12/9/2020 21:00,89,42,FALSE,131
12/9/2020 22:00,88,44,FALSE,132
12/9/2020 23:00,85,40,FALSE,125
12/10/2020 0:00,81,38,FALSE,119
12/10/2020 1:00,75,39,FALSE,114
12/10/2020 2:00,78,37,FALSE,115
12/10/2020 3:00,77,40,FALSE,117
12/10/2020 4:00,83,43,FALSE,126
12/10/2020 5:00,83,46,FALSE,129
12/10/2020 6:00,80,46,FALSE,126
12/10/2020 7:00,76,45,FALSE,121
12/10/2020 8:00,74,52,FALSE,126
12/10/2020 9:00,68,49,FALSE,117
12/10/2020 10:00,65,50,FALSE,115
12/10/2020 11:00,69,48,FALSE,117
12/10/2020 12:00,70,44,FALSE,114
12/10/2020 13:00,70,43,FALSE,113
12/10/2020 14:00,74,44,FALSE,118
12/10/2020 15:00,74,45,FALSE,119
12/10/2020 16:00,77,40,FALSE,117
12/10/2020 17:00,73,40,FALSE,113
12/10/2020 18:00,77,39,FALSE,116
12/10/2020 19:00,75,37,FALSE,112
12/10/2020 20:00,81,39,FALSE,120
12/10/2020 21:00,79,40,FALSE,119
12/10/2020 22:00,81,39,FALSE,120
12/10/2020 23:00,77,38,FALSE,115
12/11/2020 0:00,78,35,FALSE,113
12/11/2020 1:00,78,38,FALSE,116
12/11/2020 2:00,76,39,FALSE,115
12/11/2020 3:00,77,38,FALSE,115
12/11/2020 4:00,79,41,FALSE,120
12/11/2020 5:00,81,38,FALSE,119
12/11/2020 6:00,81,44,FALSE,125
12/11/2020 7:00,77,50,FALSE,127
12/11/2020 8:00,76,52,FALSE,128
12/11/2020 9:00,71,51,FALSE,122
12/11/2020 10:00,69,50,FALSE,119
12/11/2020 11:00,72,50,FALSE,122
12/11/2020 12:00,68,45,FALSE,113
12/11/2020 13:00,68,47,FALSE,115
12/11/2020 14:00,70,46,FALSE,116
12/11/2020 15:00,68,42,FALSE,110
12/11/2020 16:00,72,41,FALSE,113
12/11/2020 17:00,73,40,FALSE,113
12/11/2020 18:00,73,37,FALSE,110
12/11/2020 19:00,70,37,FALSE,107
12/11/2020 20:00,74,40,FALSE,114
12/11/2020 21:00,74,40,FALSE,114
12/11/2020 22:00,76,39,FALSE,115
12/11/2020 23:00,76,39,FALSE,115
12/12/2020 0:00,69,37,FALSE,106
12/12/2020 1:00,72,38,FALSE,110
12/12/2020 2:00,79,37,FALSE,116
12/12/2020 3:00,72,36,FALSE,108
12/12/2020 4:00,71,37,FALSE,108
12/12/2020 5:00,74,41,FALSE,115
12/12/2020 6:00,72,42,FALSE,114
12/12/2020 7:00,71,43,FALSE,114
12/12/2020 8:00,69,45,FALSE,114
12/12/2020 9:00,68,41,FALSE,109
12/12/2020 10:00,66,38,FALSE,104
12/12/2020 11:00,65,42,FALSE,107
12/12/2020 12:00,66,39,FALSE,105
12/12/2020 13:00,64,38,FALSE,102
12/12/2020 14:00,69,37,FALSE,106
12/12/2020 15:00,65,37,FALSE,102
12/12/2020 16:00,69,36,FALSE,105
12/12/2020 17:00,65,36,FALSE,101
12/12/2020 18:00,69,36,FALSE,105
12/12/2020 19:00,73,39,FALSE,112
12/12/2020 20:00,73,36,FALSE,109
12/12/2020 21:00,79,37,FALSE,116
12/12/2020 22:00,80,37,FALSE,117
12/12/2020 23:00,77,38,FALSE,115
12/13/2020 0:00,70,35,FALSE,105
12/13/2020 1:00,72,34,FALSE,106
12/13/2020 2:00,67,35,FALSE,102
12/13/2020 3:00,68,34,FALSE,102
12/13/2020 4:00,73,36,FALSE,109
12/13/2020 5:00,72,42,FALSE,114
12/13/2020 6:00,75,41,FALSE,116
12/13/2020 7:00,78,43,FALSE,121
12/13/2020 8:00,82,45,FALSE,127
12/13/2020 9:00,77,45,FALSE,122
12/13/2020 10:00,79,44,FALSE,123
12/13/2020 11:00,76,45,FALSE,121
12/13/2020 12:00,77,44,FALSE,121
12/13/2020 13:00,78,43,FALSE,121
12/13/2020 14:00,76,43,FALSE,119
12/13/2020 15:00,76,40,FALSE,116
12/13/2020 16:00,81,44,FALSE,125
12/13/2020 17:00,81,40,FALSE,121
12/13/2020 18:00,78,39,FALSE,117
12/13/2020 19:00,80,39,FALSE,119
12/13/2020 20:00,79,37,FALSE,116
12/13/2020 21:00,85,41,FALSE,126
12/13/2020 22:00,81,42,FALSE,123
12/13/2020 23:00,81,40,FALSE,121
12/14/2020 0:00,78,37,FALSE,115
12/14/2020 1:00,77,35,FALSE,112
12/14/2020 2:00,74,35,FALSE,109
12/14/2020 3:00,78,40,FALSE,118
12/14/2020 4:00,73,39,FALSE,112
12/14/2020 5:00,76,40,FALSE,116
12/14/2020 6:00,75,46,FALSE,121
12/14/2020 7:00,69,48,FALSE,117
12/14/2020 8:00,73,52,FALSE,125
12/14/2020 9:00,67,50,FALSE,117
12/14/2020 10:00,67,51,FALSE,118
12/14/2020 11:00,64,44,FALSE,108
12/14/2020 12:00,61,41,FALSE,102
12/14/2020 13:00,68,45,FALSE,113
12/14/2020 14:00,70,44,FALSE,114
12/14/2020 15:00,74,43,FALSE,117
12/14/2020 16:00,71,40,FALSE,111
12/14/2020 17:00,70,38,FALSE,108
12/14/2020 18:00,71,36,FALSE,107
12/14/2020 19:00,76,39,FALSE,115
12/14/2020 20:00,78,40,FALSE,118
12/14/2020 21:00,78,41,FALSE,119
12/14/2020 22:00,78,40,FALSE,118
12/14/2020 23:00,83,39,FALSE,122
12/15/2020 0:00,77,38,FALSE,115
12/15/2020 1:00,73,35,FALSE,108
12/15/2020 2:00,81,43,FALSE,124
12/15/2020 3:00,78,43,FALSE,121
12/15/2020 4:00,80,41,FALSE,121
12/15/2020 5:00,77,44,FALSE,121
12/15/2020 6:00,72,45,FALSE,117
12/15/2020 7:00,69,51,FALSE,120
12/15/2020 8:00,69,52,FALSE,121
12/15/2020 9:00,66,51,FALSE,117
12/15/2020 10:00,64,48,FALSE,112
12/15/2020 11:00,66,46,FALSE,112
12/15/2020 12:00,67,45,FALSE,112
12/15/2020 13:00,66,46,FALSE,112
12/15/2020 14:00,69,45,FALSE,114
12/15/2020 15:00,68,43,FALSE,111
12/15/2020 16:00,70,40,FALSE,110
12/15/2020 17:00,72,41,FALSE,113
12/15/2020 18:00,69,38,FALSE,107
12/15/2020 19:00,77,42,FALSE,119
12/15/2020 20:00,84,42,FALSE,126
12/15/2020 21:00,82,43,FALSE,125
12/15/2020 22:00,84,42,FALSE,126
12/15/2020 23:00,78,39,FALSE,117
12/16/2020 0:00,70,37,FALSE,107
12/16/2020 0:00,17,9,FALSE,26
12/16/2020 1:00,17,9,FALSE,26
12/16/2020 2:00,18,9,FALSE,27
12/16/2020 3:00,17,9,FALSE,26
12/16/2020 4:00,17,9,FALSE,26
12/16/2020 5:00,18,10,FALSE,28
12/16/2020 6:00,18,11,FALSE,29
12/16/2020 7:00,17,11,FALSE,28
12/16/2020 8:00,16,13,FALSE,29
12/16/2020 9:00,15,12,FALSE,27
12/16/2020 10:00,16,12,FALSE,28
12/16/2020 11:00,17,11,FALSE,28
12/16/2020 12:00,18,12,FALSE,30
12/16/2020 13:00,22,14,FALSE,36
12/16/2020 14:00,42,23,FALSE,65
12/16/2020 15:00,38,19,FALSE,57
12/16/2020 16:00,38,18,FALSE,56
12/16/2020 17:00,36,16,FALSE,52
12/16/2020 18:00,35,15,FALSE,50
12/16/2020 19:00,33,14,FALSE,47
12/16/2020 20:00,36,14,FALSE,50
12/16/2020 21:00,39,16,FALSE,55
12/16/2020 22:00,49,21,FALSE,70
12/16/2020 23:00,44,18,FALSE,62
12/17/2020 0:00,44,21,FALSE,65
12/17/2020 1:00,44,19,FALSE,63
12/17/2020 2:00,44,18,FALSE,62
12/17/2020 3:00,46,21,FALSE,67
12/17/2020 4:00,42,17,FALSE,59
12/17/2020 5:00,43,19,FALSE,62
12/17/2020 6:00,46,21,FALSE,67
12/17/2020 7:00,43,21,FALSE,64
12/17/2020 8:00,45,24,FALSE,69
12/17/2020 9:00,47,24,FALSE,71
12/17/2020 10:00,43,23,FALSE,66
12/17/2020 11:00,42,21,FALSE,63
12/17/2020 12:00,43,20,FALSE,63
12/17/2020 13:00,45,21,FALSE,66
12/17/2020 14:00,45,20,FALSE,65
12/17/2020 15:00,45,19,FALSE,64
12/17/2020 16:00,48,21,FALSE,69
12/17/2020 17:00,48,20,FALSE,68
12/17/2020 18:00,45,18,FALSE,63
12/17/2020 19:00,45,17,FALSE,62
12/17/2020 20:00,43,15,FALSE,58
12/17/2020 21:00,44,17,FALSE,61
12/17/2020 22:00,40,16,FALSE,56
12/17/2020 23:00,39,16,FALSE,55
12/18/2020 0:00,35,15,FALSE,50
12/18/2020 1:00,34,14,FALSE,48
12/18/2020 2:00,35,15,FALSE,50
12/18/2020 3:00,33,15,FALSE,48
12/18/2020 4:00,35,15,FALSE,50
12/18/2020 5:00,37,15,FALSE,52
12/18/2020 6:00,35,16,FALSE,51
12/18/2020 7:00,33,16,FALSE,49
12/18/2020 8:00,33,18,FALSE,51
12/18/2020 9:00,30,17,FALSE,47
12/18/2020 10:00,31,17,FALSE,48
12/18/2020 11:00,30,15,FALSE,45
12/18/2020 12:00,30,14,FALSE,44
12/18/2020 13:00,30,14,FALSE,44
12/18/2020 14:00,31,14,FALSE,45
12/18/2020 15:00,30,13,FALSE,43
12/18/2020 16:00,29,13,FALSE,42
12/18/2020 17:00,29,12,FALSE,41
12/18/2020 18:00,29,12,FALSE,41
12/18/2020 19:00,29,12,FALSE,41
12/18/2020 20:00,31,12,FALSE,43
12/18/2020 21:00,33,13,FALSE,46
12/18/2020 22:00,32,13,FALSE,45
12/18/2020 23:00,32,12,FALSE,44
12/19/2020 0:00,30,13,FALSE,43
12/19/2020 1:00,27,11,FALSE,38
12/19/2020 2:00,28,12,FALSE,40
12/19/2020 3:00,28,11,FALSE,39
12/19/2020 4:00,28,12,FALSE,40
12/19/2020 5:00,28,13,FALSE,41
12/19/2020 6:00,26,12,FALSE,38
12/19/2020 7:00,27,12,FALSE,39
12/19/2020 8:00,28,13,FALSE,41
12/19/2020 9:00,26,13,FALSE,39
12/19/2020 10:00,26,12,FALSE,38
12/19/2020 11:00,25,12,FALSE,37
12/19/2020 12:00,24,12,FALSE,36
12/19/2020 13:00,27,12,FALSE,39
12/19/2020 14:00,29,13,FALSE,42
12/19/2020 15:00,29,12,FALSE,41
12/19/2020 16:00,32,14,FALSE,46
12/19/2020 17:00,33,14,FALSE,47
12/19/2020 18:00,33,13,FALSE,46
12/19/2020 19:00,32,11,FALSE,43
12/19/2020 20:00,100,13,FALSE,113
12/19/2020 21:00,37,14,FALSE,51
12/19/2020 22:00,35,14,FALSE,49
12/19/2020 23:00,32,13,FALSE,45
12/20/2020 0:00,29,12,FALSE,41
12/20/2020 1:00,28,11,FALSE,39
12/20/2020 2:00,28,11,FALSE,39
12/20/2020 3:00,26,11,FALSE,37
12/20/2020 4:00,27,12,FALSE,39
12/20/2020 5:00,27,12,FALSE,39
12/20/2020 6:00,29,12,FALSE,41
12/20/2020 7:00,29,13,FALSE,42
12/20/2020 8:00,31,14,FALSE,45
12/20/2020 9:00,30,13,FALSE,43
12/20/2020 10:00,28,13,FALSE,41
12/20/2020 11:00,26,13,FALSE,39
12/20/2020 12:00,26,14,FALSE,40
12/20/2020 13:00,27,13,FALSE,40
12/20/2020 14:00,27,12,FALSE,39
12/20/2020 15:00,28,12,FALSE,40
12/20/2020 16:00,28,12,FALSE,40
12/20/2020 17:00,28,12,FALSE,40
12/20/2020 18:00,29,12,FALSE,41
12/20/2020 19:00,30,12,FALSE,42
12/20/2020 20:00,34,13,FALSE,47
12/20/2020 21:00,33,14,FALSE,47
12/20/2020 22:00,32,13,FALSE,45
12/20/2020 23:00,31,13,FALSE,44
12/21/2020 0:00,28,12,FALSE,40
12/21/2020 1:00,28,13,FALSE,41
12/21/2020 2:00,28,12,FALSE,40
12/21/2020 3:00,29,12,FALSE,41
12/21/2020 4:00,31,13,FALSE,44
12/21/2020 5:00,30,14,FALSE,44
12/21/2020 6:00,30,14,FALSE,44
12/21/2020 7:00,29,14,FALSE,43
12/21/2020 8:00,27,15,FALSE,42
12/21/2020 9:00,27,14,FALSE,41
12/21/2020 10:00,28,15,FALSE,43
12/21/2020 11:00,27,15,FALSE,42
12/21/2020 12:00,29,14,FALSE,43
12/21/2020 13:00,28,14,FALSE,42
12/21/2020 14:00,28,14,FALSE,42
12/21/2020 15:00,28,14,FALSE,42
12/21/2020 16:00,29,14,FALSE,43
12/21/2020 17:00,29,13,FALSE,42
12/21/2020 18:00,29,12,FALSE,41
12/21/2020 19:00,27,12,FALSE,39
12/21/2020 20:00,28,11,FALSE,39
12/21/2020 21:00,31,12,FALSE,43
12/21/2020 22:00,29,12,FALSE,41
12/21/2020 23:00,27,12,FALSE,39
12/22/2020 0:00,27,11,FALSE,38
12/22/2020 1:00,25,11,FALSE,36
12/22/2020 2:00,25,11,FALSE,36
12/22/2020 3:00,25,11,FALSE,36
12/22/2020 4:00,25,12,FALSE,37
12/22/2020 5:00,26,12,FALSE,38
12/22/2020 6:00,26,12,FALSE,38
12/22/2020 7:00,25,14,FALSE,39
12/22/2020 8:00,26,14,FALSE,40
12/22/2020 9:00,24,14,FALSE,38
12/22/2020 10:00,24,14,FALSE,38
12/22/2020 11:00,23,12,FALSE,35
12/22/2020 12:00,25,12,FALSE,37
12/22/2020 13:00,24,12,FALSE,36
12/22/2020 14:00,26,13,FALSE,39
12/22/2020 15:00,26,13,FALSE,39
12/22/2020 16:00,26,12,FALSE,38
12/22/2020 17:00,26,11,FALSE,37
12/22/2020 18:00,27,12,FALSE,39
12/22/2020 19:00,27,12,FALSE,39
12/22/2020 20:00,28,11,FALSE,39
12/22/2020 21:00,29,12,FALSE,41
12/22/2020 22:00,28,12,FALSE,40
12/22/2020 23:00,29,12,FALSE,41
12/23/2020 0:00,28,11,FALSE,39
12/23/2020 0:00,43,18,FALSE,61
12/23/2020 1:00,41,18,FALSE,59
12/23/2020 2:00,38,17,FALSE,55
12/23/2020 3:00,38,17,FALSE,55
12/23/2020 4:00,38,18,FALSE,56
12/23/2020 5:00,40,19,FALSE,59
12/23/2020 6:00,42,20,FALSE,62
12/23/2020 7:00,40,21,FALSE,61
12/23/2020 8:00,40,21,FALSE,61
12/23/2020 9:00,39,21,FALSE,60
12/23/2020 10:00,39,22,FALSE,61
12/23/2020 11:00,42,21,FALSE,63
12/23/2020 12:00,38,20,FALSE,58
12/23/2020 13:00,41,20,FALSE,61
12/23/2020 14:00,41,19,FALSE,60
12/23/2020 15:00,40,19,FALSE,59
12/23/2020 16:00,42,18,FALSE,60
12/23/2020 17:00,42,18,FALSE,60
12/23/2020 18:00,40,18,FALSE,58
12/23/2020 19:00,40,18,FALSE,58
12/23/2020 20:00,42,17,FALSE,59
12/23/2020 21:00,47,20,FALSE,67
12/23/2020 22:00,58,26,FALSE,84
12/23/2020 23:00,51,23,FALSE,74
12/24/2020 0:00,51,24,FALSE,75
12/24/2020 1:00,44,20,FALSE,64
12/24/2020 2:00,43,18,FALSE,61
12/24/2020 3:00,41,19,FALSE,60
12/24/2020 4:00,41,22,FALSE,63
12/24/2020 5:00,42,19,FALSE,61
12/24/2020 6:00,44,21,FALSE,65
12/24/2020 7:00,43,20,FALSE,63
12/24/2020 8:00,42,22,FALSE,64
12/24/2020 9:00,40,21,FALSE,61
12/24/2020 10:00,39,20,FALSE,59
12/24/2020 11:00,38,19,FALSE,57
12/24/2020 12:00,40,18,FALSE,58
12/24/2020 13:00,39,19,FALSE,58
12/24/2020 14:00,42,18,FALSE,60
12/24/2020 15:00,41,17,FALSE,58
12/24/2020 16:00,40,17,FALSE,57
12/24/2020 17:00,40,17,FALSE,57
12/24/2020 18:00,41,16,FALSE,57
12/24/2020 19:00,40,18,FALSE,58
12/24/2020 20:00,40,17,FALSE,57
12/24/2020 21:00,43,17,FALSE,60
12/24/2020 22:00,45,20,FALSE,65
12/24/2020 23:00,45,19,FALSE,64
12/25/2020 0:00,41,18,FALSE,59
12/25/2020 1:00,40,19,FALSE,59
12/25/2020 2:00,39,18,FALSE,57
12/25/2020 3:00,38,18,FALSE,56
12/25/2020 4:00,37,18,FALSE,55
12/25/2020 5:00,37,18,FALSE,55
12/25/2020 6:00,40,20,FALSE,60
12/25/2020 7:00,39,20,FALSE,59
12/25/2020 8:00,40,21,FALSE,61
12/25/2020 9:00,40,21,FALSE,61
12/25/2020 10:00,42,22,FALSE,64
12/25/2020 11:00,46,23,FALSE,69
12/25/2020 12:00,50,23,FALSE,73
12/25/2020 13:00,47,21,FALSE,68
12/25/2020 14:00,46,21,FALSE,67
12/25/2020 15:00,44,20,FALSE,64
12/25/2020 16:00,46,20,FALSE,66
12/25/2020 17:00,46,19,FALSE,65
12/25/2020 18:00,43,18,FALSE,61
12/25/2020 19:00,47,20,FALSE,67
12/25/2020 20:00,47,18,FALSE,65
12/25/2020 21:00,50,18,FALSE,68
12/25/2020 22:00,49,19,FALSE,68
12/25/2020 23:00,51,20,FALSE,71
12/26/2020 0:00,45,19,FALSE,64
12/26/2020 1:00,43,18,FALSE,61
12/26/2020 2:00,48,19,FALSE,67
12/26/2020 3:00,49,21,FALSE,70
12/26/2020 4:00,46,22,FALSE,68
12/26/2020 5:00,45,19,FALSE,64
12/26/2020 6:00,43,19,FALSE,62
12/26/2020 7:00,46,21,FALSE,67
12/26/2020 8:00,47,20,FALSE,67
12/26/2020 9:00,45,21,FALSE,66
12/26/2020 10:00,43,21,FALSE,64
12/26/2020 11:00,41,21,FALSE,62
12/26/2020 12:00,43,17,FALSE,60
12/26/2020 13:00,42,19,FALSE,61
12/26/2020 14:00,49,21,FALSE,70
12/26/2020 15:00,54,23,FALSE,77
12/26/2020 16:00,61,24,FALSE,85
12/26/2020 17:00,59,25,FALSE,84
12/26/2020 18:00,57,24,FALSE,81
12/26/2020 19:00,57,22,FALSE,79
12/26/2020 20:00,63,24,FALSE,87
12/26/2020 21:00,81,31,FALSE,112
12/26/2020 22:00,72,26,FALSE,98
12/26/2020 23:00,66,24,FALSE,90
12/27/2020 0:00,61,24,FALSE,85
12/27/2020 1:00,62,24,FALSE,86
12/27/2020 2:00,56,24,FALSE,80
12/27/2020 3:00,52,23,FALSE,75
12/27/2020 4:00,52,23,FALSE,75
12/27/2020 5:00,53,24,FALSE,77
12/27/2020 6:00,67,29,FALSE,96
12/27/2020 7:00,73,30,FALSE,103
12/27/2020 8:00,75,31,FALSE,106
12/27/2020 9:00,69,30,FALSE,99
12/27/2020 10:00,68,29,FALSE,97
12/27/2020 11:00,71,33,FALSE,104
12/27/2020 12:00,62,27,FALSE,89
12/27/2020 13:00,61,26,FALSE,87
12/27/2020 14:00,81,37,FALSE,118
12/27/2020 15:00,99,42,FALSE,141
12/27/2020 16:00,100,43,FALSE,143
12/27/2020 17:00,84,33,FALSE,117
12/27/2020 18:00,82,31,FALSE,113
12/27/2020 19:00,88,31,FALSE,119
12/27/2020 20:00,86,32,FALSE,118
12/27/2020 21:00,83,31,FALSE,114
12/27/2020 22:00,79,30,FALSE,109
12/27/2020 23:00,77,29,FALSE,106
12/28/2020 0:00,81,34,FALSE,115
12/28/2020 1:00,82,33,FALSE,115
12/28/2020 2:00,75,30,FALSE,105
12/28/2020 3:00,75,30,FALSE,105
12/28/2020 4:00,73,28,FALSE,101
12/28/2020 5:00,74,31,FALSE,105
12/28/2020 6:00,76,33,FALSE,109
12/28/2020 7:00,94,43,FALSE,137
12/28/2020 8:00,93,44,FALSE,137
12/28/2020 9:00,88,41,FALSE,129
12/28/2020 10:00,81,38,FALSE,119
12/28/2020 11:00,82,33,FALSE,115
12/28/2020 12:00,84,34,FALSE,118
12/28/2020 13:00,82,33,FALSE,115
12/28/2020 14:00,83,34,FALSE,117
12/28/2020 15:00,84,33,FALSE,117
12/28/2020 16:00,86,34,FALSE,120
12/28/2020 17:00,88,31,FALSE,119
12/28/2020 18:00,92,32,FALSE,124
12/28/2020 19:00,93,34,FALSE,127
12/28/2020 20:00,98,33,FALSE,131
12/28/2020 21:00,98,33,FALSE,131
12/28/2020 22:00,91,33,FALSE,124
12/28/2020 23:00,89,33,FALSE,122
12/29/2020 0:00,80,29,FALSE,109
12/29/2020 1:00,73,28,FALSE,101
12/29/2020 2:00,69,27,FALSE,96
12/29/2020 3:00,71,28,FALSE,99
12/29/2020 4:00,71,28,FALSE,99
12/29/2020 5:00,73,29,FALSE,102
12/29/2020 6:00,73,30,FALSE,103
12/29/2020 7:00,73,30,FALSE,103
12/29/2020 8:00,71,30,FALSE,101
12/29/2020 9:00,68,29,FALSE,97
12/29/2020 10:00,66,29,FALSE,95
12/29/2020 11:00,68,27,FALSE,95
12/29/2020 12:00,69,28,FALSE,97
12/29/2020 13:00,68,27,FALSE,95
12/29/2020 14:00,67,27,FALSE,94
12/29/2020 15:00,67,26,FALSE,93
12/29/2020 16:00,68,25,FALSE,93
12/29/2020 17:00,65,24,FALSE,89
12/29/2020 18:00,68,24,FALSE,92
12/29/2020 19:00,67,24,FALSE,91
12/29/2020 20:00,70,24,FALSE,94
12/29/2020 21:00,78,25,FALSE,103
12/29/2020 22:00,73,26,FALSE,99
12/29/2020 23:00,74,26,FALSE,100
12/30/2020 0:00,75,28,FALSE,103
12/30/2020 0:00,19,7,FALSE,26
12/30/2020 1:00,18,7,FALSE,25
12/30/2020 2:00,18,7,FALSE,25
12/30/2020 3:00,19,7,FALSE,26
12/30/2020 4:00,18,7,FALSE,25
12/30/2020 5:00,18,7,FALSE,25
12/30/2020 6:00,19,8,FALSE,27
12/30/2020 7:00,20,8,FALSE,28
12/30/2020 8:00,18,8,FALSE,26
12/30/2020 9:00,16,7,FALSE,23
12/30/2020 10:00,16,7,FALSE,23
12/30/2020 11:00,16,7,FALSE,23
12/30/2020 12:00,16,7,FALSE,23
12/30/2020 13:00,17,7,FALSE,24
12/30/2020 14:00,17,7,FALSE,24
12/30/2020 15:00,18,7,FALSE,25
12/30/2020 16:00,17,7,FALSE,24
12/30/2020 17:00,18,6,FALSE,24
12/30/2020 18:00,19,7,FALSE,26
12/30/2020 19:00,23,8,FALSE,31
12/30/2020 20:00,23,8,FALSE,31
12/30/2020 21:00,24,8,FALSE,32
12/30/2020 22:00,23,8,FALSE,31
12/30/2020 23:00,23,8,FALSE,31
12/31/2020 0:00,23,8,FALSE,31
12/31/2020 1:00,20,8,FALSE,28
12/31/2020 2:00,19,7,FALSE,26
12/31/2020 3:00,19,7,FALSE,26
12/31/2020 4:00,20,8,FALSE,28
12/31/2020 5:00,19,7,FALSE,26
12/31/2020 6:00,19,8,FALSE,27
12/31/2020 7:00,20,8,FALSE,28
12/31/2020 8:00,20,8,FALSE,28
12/31/2020 9:00,18,8,FALSE,26
12/31/2020 10:00,18,8,FALSE,26
12/31/2020 11:00,18,7,FALSE,25
12/31/2020 12:00,18,7,FALSE,25
12/31/2020 13:00,18,7,FALSE,25
12/31/2020 14:00,17,6,FALSE,23
12/31/2020 15:00,18,7,FALSE,25
12/31/2020 16:00,17,6,FALSE,23
12/31/2020 17:00,17,6,FALSE,23
12/31/2020 18:00,16,6,FALSE,22
12/31/2020 19:00,17,6,FALSE,23
12/31/2020 20:00,18,6,FALSE,24
12/31/2020 21:00,18,6,FALSE,24
12/31/2020 22:00,17,6,FALSE,23
12/31/2020 23:00,16,6,FALSE,22
