date,Ripple,XRP,isPartial,Number of Posts
1/1/2020 0:00,58,35,FALSE,93
1/1/2020 1:00,52,35,FALSE,87
1/1/2020 2:00,50,30,FALSE,80
1/1/2020 3:00,0,0,FALSE,0
1/1/2020 4:00,0,0,FALSE,0
1/1/2020 5:00,0,0,FALSE,0
1/1/2020 6:00,0,0,FALSE,0
1/1/2020 7:00,0,0,FALSE,0
1/1/2020 8:00,0,0,FALSE,0
1/1/2020 9:00,0,0,FALSE,0
1/1/2020 10:00,0,0,FALSE,0
1/1/2020 11:00,35,30,FALSE,65
1/1/2020 12:00,38,27,FALSE,65
1/1/2020 13:00,39,30,FALSE,69
1/1/2020 14:00,39,29,FALSE,68
1/1/2020 15:00,46,32,FALSE,78
1/1/2020 16:00,47,33,FALSE,80
1/1/2020 17:00,49,35,FALSE,84
1/1/2020 18:00,47,36,FALSE,83
1/1/2020 19:00,56,37,FALSE,93
1/1/2020 20:00,59,37,FALSE,96
1/1/2020 21:00,54,41,FALSE,95
1/1/2020 22:00,59,43,FALSE,102
1/1/2020 23:00,53,44,FALSE,97
1/2/2020 0:00,58,42,FALSE,100
1/2/2020 1:00,54,39,FALSE,93
1/2/2020 2:00,55,36,FALSE,91
1/2/2020 3:00,56,38,FALSE,94
1/2/2020 4:00,55,37,FALSE,92
1/2/2020 5:00,55,35,FALSE,90
1/2/2020 6:00,43,36,FALSE,79
1/2/2020 7:00,48,32,FALSE,80
1/2/2020 8:00,47,33,FALSE,80
1/2/2020 9:00,44,30,FALSE,74
1/2/2020 10:00,43,30,FALSE,73
1/2/2020 11:00,40,28,FALSE,68
1/2/2020 12:00,42,32,FALSE,74
1/2/2020 13:00,45,33,FALSE,78
1/2/2020 14:00,46,32,FALSE,78
1/2/2020 15:00,48,34,FALSE,82
1/2/2020 16:00,51,33,FALSE,84
1/2/2020 17:00,51,34,FALSE,85
1/2/2020 18:00,55,34,FALSE,89
1/2/2020 19:00,55,35,FALSE,90
1/2/2020 20:00,58,38,FALSE,96
1/2/2020 21:00,61,41,FALSE,102
1/2/2020 22:00,61,40,FALSE,101
1/2/2020 23:00,57,40,FALSE,97
1/3/2020 0:00,59,39,FALSE,98
1/3/2020 1:00,57,37,FALSE,94
1/3/2020 2:00,58,33,FALSE,91
1/3/2020 3:00,60,32,FALSE,92
1/3/2020 4:00,57,32,FALSE,89
1/3/2020 5:00,51,33,FALSE,84
1/3/2020 6:00,52,35,FALSE,87
1/3/2020 7:00,46,30,FALSE,76
1/3/2020 8:00,46,32,FALSE,78
1/3/2020 9:00,46,29,FALSE,75
1/3/2020 10:00,40,30,FALSE,70
1/3/2020 11:00,42,29,FALSE,71
1/3/2020 12:00,42,31,FALSE,73
1/3/2020 13:00,42,29,FALSE,71
1/3/2020 14:00,45,33,FALSE,78
1/3/2020 15:00,55,33,FALSE,88
1/3/2020 16:00,47,30,FALSE,77
1/3/2020 17:00,49,34,FALSE,83
1/3/2020 18:00,52,32,FALSE,84
1/3/2020 19:00,52,33,FALSE,85
1/3/2020 20:00,54,35,FALSE,89
1/3/2020 21:00,59,35,FALSE,94
1/3/2020 22:00,55,38,FALSE,93
1/3/2020 23:00,60,37,FALSE,97
1/4/2020 0:00,56,36,FALSE,92
1/4/2020 1:00,55,35,FALSE,90
1/4/2020 2:00,56,33,FALSE,89
1/4/2020 3:00,56,32,FALSE,88
1/4/2020 4:00,55,31,FALSE,86
1/4/2020 5:00,52,31,FALSE,83
1/4/2020 6:00,47,31,FALSE,78
1/4/2020 7:00,45,28,FALSE,73
1/4/2020 8:00,42,30,FALSE,72
1/4/2020 9:00,43,27,FALSE,70
1/4/2020 10:00,40,26,FALSE,66
1/4/2020 11:00,38,25,FALSE,63
1/4/2020 12:00,38,28,FALSE,66
1/4/2020 13:00,40,23,FALSE,63
1/4/2020 14:00,44,28,FALSE,72
1/4/2020 15:00,43,26,FALSE,69
1/4/2020 16:00,47,28,FALSE,75
1/4/2020 17:00,48,27,FALSE,75
1/4/2020 18:00,48,27,FALSE,75
1/4/2020 19:00,50,28,FALSE,78
1/4/2020 20:00,53,31,FALSE,84
1/4/2020 21:00,53,32,FALSE,85
1/4/2020 22:00,54,35,FALSE,89
1/4/2020 23:00,53,32,FALSE,85
1/5/2020 0:00,60,37,FALSE,97
1/5/2020 1:00,63,35,FALSE,98
1/5/2020 2:00,58,35,FALSE,93
1/5/2020 3:00,52,34,FALSE,86
1/5/2020 4:00,52,34,FALSE,86
1/5/2020 5:00,50,36,FALSE,86
1/5/2020 6:00,46,31,FALSE,77
1/5/2020 7:00,48,32,FALSE,80
1/5/2020 8:00,45,33,FALSE,78
1/5/2020 9:00,41,29,FALSE,70
1/5/2020 10:00,40,26,FALSE,66
1/5/2020 11:00,40,28,FALSE,68
1/5/2020 12:00,40,27,FALSE,67
1/5/2020 13:00,41,30,FALSE,71
1/5/2020 14:00,40,26,FALSE,66
1/5/2020 15:00,47,30,FALSE,77
1/5/2020 16:00,49,30,FALSE,79
1/5/2020 17:00,51,33,FALSE,84
1/5/2020 18:00,53,33,FALSE,86
1/5/2020 19:00,53,34,FALSE,87
1/5/2020 20:00,57,35,FALSE,92
1/5/2020 21:00,57,35,FALSE,92
1/5/2020 22:00,55,37,FALSE,92
1/5/2020 23:00,57,39,FALSE,96
1/6/2020 0:00,56,36,FALSE,92
1/6/2020 1:00,56,37,FALSE,93
1/6/2020 2:00,50,36,FALSE,86
1/6/2020 3:00,54,43,FALSE,97
1/6/2020 4:00,53,37,FALSE,90
1/6/2020 5:00,58,38,FALSE,96
1/6/2020 6:00,53,38,FALSE,91
1/6/2020 7:00,47,34,FALSE,81
1/6/2020 8:00,47,36,FALSE,83
1/6/2020 9:00,63,64,FALSE,127
1/6/2020 10:00,65,65,FALSE,130
1/6/2020 11:00,64,70,FALSE,134
1/6/2020 12:00,59,68,FALSE,127
1/6/2020 13:00,60,65,FALSE,125
1/6/2020 14:00,60,56,FALSE,116
1/6/2020 15:00,61,57,FALSE,118
1/6/2020 16:00,69,74,FALSE,143
1/6/2020 17:00,73,77,FALSE,150
1/6/2020 18:00,70,68,FALSE,138
1/6/2020 19:00,75,72,FALSE,147
1/6/2020 20:00,88,100,FALSE,188
1/6/2020 21:00,83,90,FALSE,173
1/6/2020 22:00,82,86,FALSE,168
1/6/2020 23:00,75,86,FALSE,161
1/7/2020 0:00,74,87,FALSE,161
1/7/2020 1:00,69,73,FALSE,142
1/7/2020 2:00,69,70,FALSE,139
1/7/2020 3:00,66,66,FALSE,132
1/7/2020 4:00,69,68,FALSE,137
1/7/2020 5:00,77,64,FALSE,141
1/7/2020 6:00,68,56,FALSE,124
1/7/2020 7:00,60,57,FALSE,117
1/7/2020 8:00,59,52,FALSE,111
1/7/2020 9:00,58,50,FALSE,108
1/7/2020 10:00,55,49,FALSE,104
1/7/2020 11:00,58,50,FALSE,108
1/7/2020 12:00,54,51,FALSE,105
1/7/2020 13:00,55,52,FALSE,107
1/7/2020 14:00,56,46,FALSE,102
1/7/2020 15:00,56,47,FALSE,103
1/7/2020 16:00,60,46,FALSE,106
1/7/2020 17:00,63,51,FALSE,114
1/7/2020 18:00,66,55,FALSE,121
1/7/2020 19:00,68,55,FALSE,123
1/7/2020 20:00,74,58,FALSE,132
1/7/2020 21:00,74,60,FALSE,134
1/7/2020 22:00,72,60,FALSE,132
1/7/2020 23:00,68,61,FALSE,129
1/8/2020 0:00,71,69,FALSE,140
1/8/2020 0:00,84,83,FALSE,167
1/8/2020 1:00,76,74,FALSE,150
1/8/2020 2:00,77,68,FALSE,145
1/8/2020 3:00,80,71,FALSE,151
1/8/2020 4:00,77,67,FALSE,144
1/8/2020 5:00,74,64,FALSE,138
1/8/2020 6:00,72,63,FALSE,135
1/8/2020 7:00,67,59,FALSE,126
1/8/2020 8:00,68,54,FALSE,122
1/8/2020 9:00,68,47,FALSE,115
1/8/2020 10:00,63,49,FALSE,112
1/8/2020 11:00,61,50,FALSE,111
1/8/2020 12:00,58,52,FALSE,110
1/8/2020 13:00,61,53,FALSE,114
1/8/2020 14:00,67,48,FALSE,115
1/8/2020 15:00,67,49,FALSE,116
1/8/2020 16:00,65,50,FALSE,115
1/8/2020 17:00,68,52,FALSE,120
1/8/2020 18:00,71,53,FALSE,124
1/8/2020 19:00,73,48,FALSE,121
1/8/2020 20:00,88,56,FALSE,144
1/8/2020 21:00,78,56,FALSE,134
1/8/2020 22:00,77,58,FALSE,135
1/8/2020 23:00,76,58,FALSE,134
1/9/2020 0:00,75,57,FALSE,132
1/9/2020 1:00,69,56,FALSE,125
1/9/2020 2:00,75,52,FALSE,127
1/9/2020 3:00,71,54,FALSE,125
1/9/2020 4:00,71,48,FALSE,119
1/9/2020 5:00,73,53,FALSE,126
1/9/2020 6:00,70,48,FALSE,118
1/9/2020 7:00,61,43,FALSE,104
1/9/2020 8:00,65,46,FALSE,111
1/9/2020 9:00,58,39,FALSE,97
1/9/2020 10:00,57,38,FALSE,95
1/9/2020 11:00,56,38,FALSE,94
1/9/2020 12:00,56,42,FALSE,98
1/9/2020 13:00,56,40,FALSE,96
1/9/2020 14:00,58,40,FALSE,98
1/9/2020 15:00,61,42,FALSE,103
1/9/2020 16:00,61,40,FALSE,101
1/9/2020 17:00,61,40,FALSE,101
1/9/2020 18:00,68,41,FALSE,109
1/9/2020 19:00,71,44,FALSE,115
1/9/2020 20:00,75,45,FALSE,120
1/9/2020 21:00,79,49,FALSE,128
1/9/2020 22:00,77,52,FALSE,129
1/9/2020 23:00,75,47,FALSE,122
1/10/2020 0:00,81,52,FALSE,133
1/10/2020 1:00,75,44,FALSE,119
1/10/2020 2:00,79,43,FALSE,122
1/10/2020 3:00,71,42,FALSE,113
1/10/2020 4:00,66,41,FALSE,107
1/10/2020 5:00,69,43,FALSE,112
1/10/2020 6:00,70,45,FALSE,115
1/10/2020 7:00,59,41,FALSE,100
1/10/2020 8:00,57,36,FALSE,93
1/10/2020 9:00,54,37,FALSE,91
1/10/2020 10:00,51,33,FALSE,84
1/10/2020 11:00,50,36,FALSE,86
1/10/2020 12:00,51,38,FALSE,89
1/10/2020 13:00,55,38,FALSE,93
1/10/2020 14:00,59,38,FALSE,97
1/10/2020 15:00,62,40,FALSE,102
1/10/2020 16:00,62,41,FALSE,103
1/10/2020 17:00,64,41,FALSE,105
1/10/2020 18:00,68,44,FALSE,112
1/10/2020 19:00,68,45,FALSE,113
1/10/2020 20:00,76,45,FALSE,121
1/10/2020 21:00,69,48,FALSE,117
1/10/2020 22:00,74,54,FALSE,128
1/10/2020 23:00,75,50,FALSE,125
1/11/2020 0:00,75,52,FALSE,127
1/11/2020 1:00,67,47,FALSE,114
1/11/2020 2:00,66,45,FALSE,111
1/11/2020 3:00,69,48,FALSE,117
1/11/2020 4:00,65,44,FALSE,109
1/11/2020 5:00,60,41,FALSE,101
1/11/2020 6:00,58,42,FALSE,100
1/11/2020 7:00,58,42,FALSE,100
1/11/2020 8:00,53,39,FALSE,92
1/11/2020 9:00,52,37,FALSE,89
1/11/2020 10:00,50,42,FALSE,92
1/11/2020 11:00,46,35,FALSE,81
1/11/2020 12:00,51,35,FALSE,86
1/11/2020 13:00,54,34,FALSE,88
1/11/2020 14:00,54,35,FALSE,89
1/11/2020 15:00,58,36,FALSE,94
1/11/2020 16:00,58,38,FALSE,96
1/11/2020 17:00,69,44,FALSE,113
1/11/2020 18:00,63,46,FALSE,109
1/11/2020 19:00,64,47,FALSE,111
1/11/2020 20:00,66,51,FALSE,117
1/11/2020 21:00,77,47,FALSE,124
1/11/2020 22:00,76,50,FALSE,126
1/11/2020 23:00,70,45,FALSE,115
1/12/2020 0:00,69,46,FALSE,115
1/12/2020 1:00,71,44,FALSE,115
1/12/2020 2:00,71,43,FALSE,114
1/12/2020 3:00,64,42,FALSE,106
1/12/2020 4:00,62,40,FALSE,102
1/12/2020 5:00,58,40,FALSE,98
1/12/2020 6:00,56,42,FALSE,98
1/12/2020 7:00,58,42,FALSE,100
1/12/2020 8:00,54,38,FALSE,92
1/12/2020 9:00,54,38,FALSE,92
1/12/2020 10:00,49,37,FALSE,86
1/12/2020 11:00,52,37,FALSE,89
1/12/2020 12:00,50,37,FALSE,87
1/12/2020 13:00,52,39,FALSE,91
1/12/2020 14:00,53,39,FALSE,92
1/12/2020 15:00,58,38,FALSE,96
1/12/2020 16:00,55,39,FALSE,94
1/12/2020 17:00,62,38,FALSE,100
1/12/2020 18:00,60,36,FALSE,96
1/12/2020 19:00,64,41,FALSE,105
1/12/2020 20:00,73,44,FALSE,117
1/12/2020 21:00,73,48,FALSE,121
1/12/2020 22:00,73,47,FALSE,120
1/12/2020 23:00,72,45,FALSE,117
1/13/2020 0:00,69,48,FALSE,117
1/13/2020 1:00,64,44,FALSE,108
1/13/2020 2:00,66,45,FALSE,111
1/13/2020 3:00,61,39,FALSE,100
1/13/2020 4:00,56,39,FALSE,95
1/13/2020 5:00,63,40,FALSE,103
1/13/2020 6:00,59,42,FALSE,101
1/13/2020 7:00,60,40,FALSE,100
1/13/2020 8:00,53,33,FALSE,86
1/13/2020 9:00,55,38,FALSE,93
1/13/2020 10:00,53,35,FALSE,88
1/13/2020 11:00,52,34,FALSE,86
1/13/2020 12:00,57,35,FALSE,92
1/13/2020 13:00,57,36,FALSE,93
1/13/2020 14:00,59,40,FALSE,99
1/13/2020 15:00,59,36,FALSE,95
1/13/2020 16:00,62,36,FALSE,98
1/13/2020 17:00,60,40,FALSE,100
1/13/2020 18:00,62,39,FALSE,101
1/13/2020 19:00,66,42,FALSE,108
1/13/2020 20:00,70,44,FALSE,114
1/13/2020 21:00,72,47,FALSE,119
1/13/2020 22:00,74,51,FALSE,125
1/13/2020 23:00,71,51,FALSE,122
1/14/2020 0:00,77,49,FALSE,126
1/14/2020 1:00,79,43,FALSE,122
1/14/2020 2:00,74,49,FALSE,123
1/14/2020 3:00,70,52,FALSE,122
1/14/2020 4:00,70,56,FALSE,126
1/14/2020 5:00,81,58,FALSE,139
1/14/2020 6:00,68,50,FALSE,118
1/14/2020 7:00,64,45,FALSE,109
1/14/2020 8:00,59,44,FALSE,103
1/14/2020 9:00,65,44,FALSE,109
1/14/2020 10:00,61,48,FALSE,109
1/14/2020 11:00,60,48,FALSE,108
1/14/2020 12:00,63,49,FALSE,112
1/14/2020 13:00,60,51,FALSE,111
1/14/2020 14:00,70,60,FALSE,130
1/14/2020 15:00,73,61,FALSE,134
1/14/2020 16:00,74,59,FALSE,133
1/14/2020 17:00,93,98,FALSE,191
1/14/2020 18:00,95,100,FALSE,195
1/14/2020 19:00,92,100,FALSE,192
1/14/2020 20:00,92,91,FALSE,183
1/14/2020 21:00,92,86,FALSE,178
1/14/2020 22:00,99,87,FALSE,186
1/14/2020 23:00,92,84,FALSE,176
1/15/2020 0:00,86,84,FALSE,170
1/15/2020 0:00,20,20,FALSE,40
1/15/2020 1:00,19,18,FALSE,37
1/15/2020 2:00,18,18,FALSE,36
1/15/2020 3:00,18,16,FALSE,34
1/15/2020 4:00,18,17,FALSE,35
1/15/2020 5:00,19,15,FALSE,34
1/15/2020 6:00,19,17,FALSE,36
1/15/2020 7:00,17,16,FALSE,33
1/15/2020 8:00,17,13,FALSE,30
1/15/2020 9:00,16,14,FALSE,30
1/15/2020 10:00,17,15,FALSE,32
1/15/2020 11:00,17,17,FALSE,34
1/15/2020 12:00,17,15,FALSE,32
1/15/2020 13:00,17,16,FALSE,33
1/15/2020 14:00,18,17,FALSE,35
1/15/2020 15:00,18,17,FALSE,35
1/15/2020 16:00,20,17,FALSE,37
1/15/2020 17:00,21,18,FALSE,39
1/15/2020 18:00,21,18,FALSE,39
1/15/2020 19:00,22,19,FALSE,41
1/15/2020 20:00,25,21,FALSE,46
1/15/2020 21:00,26,22,FALSE,48
1/15/2020 22:00,24,21,FALSE,45
1/15/2020 23:00,21,21,FALSE,42
1/16/2020 0:00,20,18,FALSE,38
1/16/2020 1:00,19,16,FALSE,35
1/16/2020 2:00,18,14,FALSE,32
1/16/2020 3:00,18,15,FALSE,33
1/16/2020 4:00,18,14,FALSE,32
1/16/2020 5:00,20,15,FALSE,35
1/16/2020 6:00,18,14,FALSE,32
1/16/2020 7:00,17,14,FALSE,31
1/16/2020 8:00,15,12,FALSE,27
1/16/2020 9:00,17,12,FALSE,29
1/16/2020 10:00,14,11,FALSE,25
1/16/2020 11:00,15,11,FALSE,26
1/16/2020 12:00,14,11,FALSE,25
1/16/2020 13:00,15,11,FALSE,26
1/16/2020 14:00,15,12,FALSE,27
1/16/2020 15:00,15,11,FALSE,26
1/16/2020 16:00,16,11,FALSE,27
1/16/2020 17:00,16,11,FALSE,27
1/16/2020 18:00,17,12,FALSE,29
1/16/2020 19:00,17,12,FALSE,29
1/16/2020 20:00,19,13,FALSE,32
1/16/2020 21:00,18,14,FALSE,32
1/16/2020 22:00,19,14,FALSE,33
1/16/2020 23:00,17,13,FALSE,30
1/17/2020 0:00,17,13,FALSE,30
1/17/2020 1:00,16,13,FALSE,29
1/17/2020 2:00,18,13,FALSE,31
1/17/2020 3:00,17,13,FALSE,30
1/17/2020 4:00,17,12,FALSE,29
1/17/2020 5:00,17,13,FALSE,30
1/17/2020 6:00,17,15,FALSE,32
1/17/2020 7:00,16,13,FALSE,29
1/17/2020 8:00,16,12,FALSE,28
1/17/2020 9:00,15,11,FALSE,26
1/17/2020 10:00,15,11,FALSE,26
1/17/2020 11:00,15,12,FALSE,27
1/17/2020 12:00,14,11,FALSE,25
1/17/2020 13:00,13,11,FALSE,24
1/17/2020 14:00,14,11,FALSE,25
1/17/2020 15:00,15,10,FALSE,25
1/17/2020 16:00,17,12,FALSE,29
1/17/2020 17:00,17,12,FALSE,29
1/17/2020 18:00,18,15,FALSE,33
1/17/2020 19:00,17,15,FALSE,32
1/17/2020 20:00,18,14,FALSE,32
1/17/2020 21:00,18,14,FALSE,32
1/17/2020 22:00,19,16,FALSE,35
1/17/2020 23:00,18,16,FALSE,34
1/18/2020 0:00,18,14,FALSE,32
1/18/2020 1:00,17,14,FALSE,31
1/18/2020 2:00,17,12,FALSE,29
1/18/2020 3:00,17,13,FALSE,30
1/18/2020 4:00,15,11,FALSE,26
1/18/2020 5:00,16,10,FALSE,26
1/18/2020 6:00,14,11,FALSE,25
1/18/2020 7:00,14,11,FALSE,25
1/18/2020 8:00,14,12,FALSE,26
1/18/2020 9:00,13,11,FALSE,24
1/18/2020 10:00,12,10,FALSE,22
1/18/2020 11:00,12,10,FALSE,22
1/18/2020 12:00,13,10,FALSE,23
1/18/2020 13:00,14,10,FALSE,24
1/18/2020 14:00,14,11,FALSE,25
1/18/2020 15:00,18,17,FALSE,35
1/18/2020 16:00,17,13,FALSE,30
1/18/2020 17:00,17,13,FALSE,30
1/18/2020 18:00,15,13,FALSE,28
1/18/2020 19:00,16,13,FALSE,29
1/18/2020 20:00,18,14,FALSE,32
1/18/2020 21:00,20,16,FALSE,36
1/18/2020 22:00,23,16,FALSE,39
1/18/2020 23:00,29,16,FALSE,45
1/19/2020 0:00,45,16,FALSE,61
1/19/2020 1:00,45,15,FALSE,60
1/19/2020 2:00,51,15,FALSE,66
1/19/2020 3:00,100,13,FALSE,113
1/19/2020 4:00,71,14,FALSE,85
1/19/2020 5:00,61,15,FALSE,76
1/19/2020 6:00,17,15,FALSE,32
1/19/2020 7:00,15,14,FALSE,29
1/19/2020 8:00,15,13,FALSE,28
1/19/2020 9:00,15,12,FALSE,27
1/19/2020 10:00,14,12,FALSE,26
1/19/2020 11:00,14,12,FALSE,26
1/19/2020 12:00,13,12,FALSE,25
1/19/2020 13:00,12,11,FALSE,23
1/19/2020 14:00,13,11,FALSE,24
1/19/2020 15:00,14,11,FALSE,25
1/19/2020 16:00,17,10,FALSE,27
1/19/2020 17:00,17,11,FALSE,28
1/19/2020 18:00,15,12,FALSE,27
1/19/2020 19:00,17,12,FALSE,29
1/19/2020 20:00,20,13,FALSE,33
1/19/2020 21:00,18,13,FALSE,31
1/19/2020 22:00,19,14,FALSE,33
1/19/2020 23:00,18,13,FALSE,31
1/20/2020 0:00,17,12,FALSE,29
1/20/2020 1:00,17,12,FALSE,29
1/20/2020 2:00,15,11,FALSE,26
1/20/2020 3:00,15,11,FALSE,26
1/20/2020 4:00,14,12,FALSE,26
1/20/2020 5:00,15,12,FALSE,27
1/20/2020 6:00,16,12,FALSE,28
1/20/2020 7:00,13,10,FALSE,23
1/20/2020 8:00,14,11,FALSE,25
1/20/2020 9:00,14,10,FALSE,24
1/20/2020 10:00,13,10,FALSE,23
1/20/2020 11:00,13,11,FALSE,24
1/20/2020 12:00,13,11,FALSE,24
1/20/2020 13:00,13,10,FALSE,23
1/20/2020 14:00,13,10,FALSE,23
1/20/2020 15:00,15,11,FALSE,26
1/20/2020 16:00,15,11,FALSE,26
1/20/2020 17:00,16,12,FALSE,28
1/20/2020 18:00,16,12,FALSE,28
1/20/2020 19:00,17,13,FALSE,30
1/20/2020 20:00,18,13,FALSE,31
1/20/2020 21:00,19,14,FALSE,33
1/20/2020 22:00,18,15,FALSE,33
1/20/2020 23:00,17,15,FALSE,32
1/21/2020 0:00,17,14,FALSE,31
1/21/2020 1:00,18,13,FALSE,31
1/21/2020 2:00,17,14,FALSE,31
1/21/2020 3:00,18,15,FALSE,33
1/21/2020 4:00,17,15,FALSE,32
1/21/2020 5:00,20,15,FALSE,35
1/21/2020 6:00,16,13,FALSE,29
1/21/2020 7:00,16,12,FALSE,28
1/21/2020 8:00,15,11,FALSE,26
1/21/2020 9:00,15,10,FALSE,25
1/21/2020 10:00,15,10,FALSE,25
1/21/2020 11:00,15,11,FALSE,26
1/21/2020 12:00,13,11,FALSE,24
1/21/2020 13:00,13,11,FALSE,24
1/21/2020 14:00,15,12,FALSE,27
1/21/2020 15:00,16,12,FALSE,28
1/21/2020 16:00,15,12,FALSE,27
1/21/2020 17:00,15,12,FALSE,27
1/21/2020 18:00,17,13,FALSE,30
1/21/2020 19:00,18,13,FALSE,31
1/21/2020 20:00,19,14,FALSE,33
1/21/2020 21:00,20,15,FALSE,35
1/21/2020 22:00,19,15,FALSE,34
1/21/2020 23:00,17,15,FALSE,32
1/22/2020 0:00,16,15,FALSE,31
1/22/2020 0:00,61,55,FALSE,116
1/22/2020 1:00,65,51,FALSE,116
1/22/2020 2:00,60,45,FALSE,105
1/22/2020 3:00,61,50,FALSE,111
1/22/2020 4:00,60,45,FALSE,105
1/22/2020 5:00,63,48,FALSE,111
1/22/2020 6:00,58,48,FALSE,106
1/22/2020 7:00,58,39,FALSE,97
1/22/2020 8:00,56,39,FALSE,95
1/22/2020 9:00,50,36,FALSE,86
1/22/2020 10:00,51,37,FALSE,88
1/22/2020 11:00,49,36,FALSE,85
1/22/2020 12:00,50,40,FALSE,90
1/22/2020 13:00,47,37,FALSE,84
1/22/2020 14:00,54,38,FALSE,92
1/22/2020 15:00,57,40,FALSE,97
1/22/2020 16:00,58,40,FALSE,98
1/22/2020 17:00,56,41,FALSE,97
1/22/2020 18:00,58,43,FALSE,101
1/22/2020 19:00,66,46,FALSE,112
1/22/2020 20:00,69,45,FALSE,114
1/22/2020 21:00,64,49,FALSE,113
1/22/2020 22:00,66,48,FALSE,114
1/22/2020 23:00,62,51,FALSE,113
1/23/2020 0:00,64,46,FALSE,110
1/23/2020 1:00,66,46,FALSE,112
1/23/2020 2:00,70,43,FALSE,113
1/23/2020 3:00,66,43,FALSE,109
1/23/2020 4:00,60,40,FALSE,100
1/23/2020 5:00,55,42,FALSE,97
1/23/2020 6:00,52,44,FALSE,96
1/23/2020 7:00,52,41,FALSE,93
1/23/2020 8:00,52,35,FALSE,87
1/23/2020 9:00,55,38,FALSE,93
1/23/2020 10:00,50,36,FALSE,86
1/23/2020 11:00,47,36,FALSE,83
1/23/2020 12:00,47,35,FALSE,82
1/23/2020 13:00,50,38,FALSE,88
1/23/2020 14:00,50,38,FALSE,88
1/23/2020 15:00,57,38,FALSE,95
1/23/2020 16:00,53,39,FALSE,92
1/23/2020 17:00,54,41,FALSE,95
1/23/2020 18:00,57,44,FALSE,101
1/23/2020 19:00,62,42,FALSE,104
1/23/2020 20:00,66,46,FALSE,112
1/23/2020 21:00,68,46,FALSE,114
1/23/2020 22:00,65,49,FALSE,114
1/23/2020 23:00,63,47,FALSE,110
1/24/2020 0:00,61,43,FALSE,104
1/24/2020 1:00,61,44,FALSE,105
1/24/2020 2:00,63,42,FALSE,105
1/24/2020 3:00,61,42,FALSE,103
1/24/2020 4:00,59,42,FALSE,101
1/24/2020 5:00,61,42,FALSE,103
1/24/2020 6:00,52,38,FALSE,90
1/24/2020 7:00,55,39,FALSE,94
1/24/2020 8:00,51,35,FALSE,86
1/24/2020 9:00,51,34,FALSE,85
1/24/2020 10:00,52,37,FALSE,89
1/24/2020 11:00,52,39,FALSE,91
1/24/2020 12:00,51,40,FALSE,91
1/24/2020 13:00,49,36,FALSE,85
1/24/2020 14:00,59,39,FALSE,98
1/24/2020 15:00,55,38,FALSE,93
1/24/2020 16:00,56,35,FALSE,91
1/24/2020 17:00,58,37,FALSE,95
1/24/2020 18:00,56,37,FALSE,93
1/24/2020 19:00,65,37,FALSE,102
1/24/2020 20:00,66,40,FALSE,106
1/24/2020 21:00,64,43,FALSE,107
1/24/2020 22:00,69,42,FALSE,111
1/24/2020 23:00,66,42,FALSE,108
1/25/2020 0:00,63,41,FALSE,104
1/25/2020 1:00,60,39,FALSE,99
1/25/2020 2:00,60,34,FALSE,94
1/25/2020 3:00,64,36,FALSE,100
1/25/2020 4:00,54,31,FALSE,85
1/25/2020 5:00,52,32,FALSE,84
1/25/2020 6:00,52,36,FALSE,88
1/25/2020 7:00,52,34,FALSE,86
1/25/2020 8:00,47,31,FALSE,78
1/25/2020 9:00,43,29,FALSE,72
1/25/2020 10:00,44,31,FALSE,75
1/25/2020 11:00,42,30,FALSE,72
1/25/2020 12:00,42,31,FALSE,73
1/25/2020 13:00,46,31,FALSE,77
1/25/2020 14:00,48,33,FALSE,81
1/25/2020 15:00,50,29,FALSE,79
1/25/2020 16:00,51,30,FALSE,81
1/25/2020 17:00,53,32,FALSE,85
1/25/2020 18:00,54,30,FALSE,84
1/25/2020 19:00,58,34,FALSE,92
1/25/2020 20:00,58,35,FALSE,93
1/25/2020 21:00,66,39,FALSE,105
1/25/2020 22:00,74,39,FALSE,113
1/25/2020 23:00,67,42,FALSE,109
1/26/2020 0:00,72,37,FALSE,109
1/26/2020 1:00,80,37,FALSE,117
1/26/2020 2:00,100,31,FALSE,131
1/26/2020 3:00,78,31,FALSE,109
1/26/2020 4:00,65,34,FALSE,99
1/26/2020 5:00,57,34,FALSE,91
1/26/2020 6:00,48,36,FALSE,84
1/26/2020 7:00,45,31,FALSE,76
1/26/2020 8:00,46,31,FALSE,77
1/26/2020 9:00,48,28,FALSE,76
1/26/2020 10:00,43,29,FALSE,72
1/26/2020 11:00,44,30,FALSE,74
1/26/2020 12:00,45,31,FALSE,76
1/26/2020 13:00,46,30,FALSE,76
1/26/2020 14:00,48,28,FALSE,76
1/26/2020 15:00,50,31,FALSE,81
1/26/2020 16:00,54,32,FALSE,86
1/26/2020 17:00,55,34,FALSE,89
1/26/2020 18:00,53,36,FALSE,89
1/26/2020 19:00,54,31,FALSE,85
1/26/2020 20:00,54,31,FALSE,85
1/26/2020 21:00,57,36,FALSE,93
1/26/2020 22:00,57,40,FALSE,97
1/26/2020 23:00,58,44,FALSE,102
1/27/2020 0:00,63,44,FALSE,107
1/27/2020 1:00,58,39,FALSE,97
1/27/2020 2:00,57,40,FALSE,97
1/27/2020 3:00,55,37,FALSE,92
1/27/2020 4:00,54,39,FALSE,93
1/27/2020 5:00,51,37,FALSE,88
1/27/2020 6:00,52,37,FALSE,89
1/27/2020 7:00,48,33,FALSE,81
1/27/2020 8:00,47,30,FALSE,77
1/27/2020 9:00,50,29,FALSE,79
1/27/2020 10:00,48,32,FALSE,80
1/27/2020 11:00,48,32,FALSE,80
1/27/2020 12:00,47,35,FALSE,82
1/27/2020 13:00,47,39,FALSE,86
1/27/2020 14:00,50,35,FALSE,85
1/27/2020 15:00,54,34,FALSE,88
1/27/2020 16:00,54,38,FALSE,92
1/27/2020 17:00,57,40,FALSE,97
1/27/2020 18:00,53,39,FALSE,92
1/27/2020 19:00,63,45,FALSE,108
1/27/2020 20:00,66,46,FALSE,112
1/27/2020 21:00,67,52,FALSE,119
1/27/2020 22:00,64,48,FALSE,112
1/27/2020 23:00,58,49,FALSE,107
1/28/2020 0:00,60,47,FALSE,107
1/28/2020 1:00,62,49,FALSE,111
1/28/2020 2:00,60,48,FALSE,108
1/28/2020 3:00,56,43,FALSE,99
1/28/2020 4:00,58,49,FALSE,107
1/28/2020 5:00,67,47,FALSE,114
1/28/2020 6:00,58,43,FALSE,101
1/28/2020 7:00,53,38,FALSE,91
1/28/2020 8:00,49,35,FALSE,84
1/28/2020 9:00,51,31,FALSE,82
1/28/2020 10:00,51,34,FALSE,85
1/28/2020 11:00,49,36,FALSE,85
1/28/2020 12:00,48,35,FALSE,83
1/28/2020 13:00,54,46,FALSE,100
1/28/2020 14:00,56,43,FALSE,99
1/28/2020 15:00,52,39,FALSE,91
1/28/2020 16:00,58,37,FALSE,95
1/28/2020 17:00,54,39,FALSE,93
1/28/2020 18:00,57,37,FALSE,94
1/28/2020 19:00,60,42,FALSE,102
1/28/2020 20:00,61,48,FALSE,109
1/28/2020 21:00,66,52,FALSE,118
1/28/2020 22:00,61,51,FALSE,112
1/28/2020 23:00,62,55,FALSE,117
1/29/2020 0:00,66,55,FALSE,121
1/29/2020 0:00,54,45,FALSE,99
1/29/2020 1:00,52,41,FALSE,93
1/29/2020 2:00,50,40,FALSE,90
1/29/2020 3:00,51,43,FALSE,94
1/29/2020 4:00,53,45,FALSE,98
1/29/2020 5:00,47,45,FALSE,92
1/29/2020 6:00,49,42,FALSE,91
1/29/2020 7:00,41,36,FALSE,77
1/29/2020 8:00,42,31,FALSE,73
1/29/2020 9:00,43,30,FALSE,73
1/29/2020 10:00,41,30,FALSE,71
1/29/2020 11:00,41,32,FALSE,73
1/29/2020 12:00,39,33,FALSE,72
1/29/2020 13:00,41,31,FALSE,72
1/29/2020 14:00,44,32,FALSE,76
1/29/2020 15:00,44,34,FALSE,78
1/29/2020 16:00,48,32,FALSE,80
1/29/2020 17:00,48,35,FALSE,83
1/29/2020 18:00,49,35,FALSE,84
1/29/2020 19:00,65,37,FALSE,102
1/29/2020 20:00,60,39,FALSE,99
1/29/2020 21:00,56,43,FALSE,99
1/29/2020 22:00,55,44,FALSE,99
1/29/2020 23:00,52,44,FALSE,96
1/30/2020 0:00,48,39,FALSE,87
1/30/2020 1:00,51,38,FALSE,89
1/30/2020 2:00,52,40,FALSE,92
1/30/2020 3:00,46,41,FALSE,87
1/30/2020 4:00,47,43,FALSE,90
1/30/2020 5:00,50,41,FALSE,91
1/30/2020 6:00,45,39,FALSE,84
1/30/2020 7:00,44,37,FALSE,81
1/30/2020 8:00,46,34,FALSE,80
1/30/2020 9:00,40,30,FALSE,70
1/30/2020 10:00,41,30,FALSE,71
1/30/2020 11:00,40,32,FALSE,72
1/30/2020 12:00,39,32,FALSE,71
1/30/2020 13:00,42,34,FALSE,76
1/30/2020 14:00,43,34,FALSE,77
1/30/2020 15:00,47,35,FALSE,82
1/30/2020 16:00,50,38,FALSE,88
1/30/2020 17:00,52,40,FALSE,92
1/30/2020 18:00,56,44,FALSE,100
1/30/2020 19:00,53,47,FALSE,100
1/30/2020 20:00,57,56,FALSE,113
1/30/2020 21:00,59,58,FALSE,117
1/30/2020 22:00,61,57,FALSE,118
1/30/2020 23:00,60,62,FALSE,122
1/31/2020 0:00,57,53,FALSE,110
1/31/2020 1:00,53,51,FALSE,104
1/31/2020 2:00,55,47,FALSE,102
1/31/2020 3:00,60,47,FALSE,107
1/31/2020 4:00,64,47,FALSE,111
1/31/2020 5:00,51,41,FALSE,92
1/31/2020 6:00,48,41,FALSE,89
1/31/2020 7:00,42,36,FALSE,78
1/31/2020 8:00,42,36,FALSE,78
1/31/2020 9:00,41,33,FALSE,74
1/31/2020 10:00,36,31,FALSE,67
1/31/2020 11:00,38,31,FALSE,69
1/31/2020 12:00,37,32,FALSE,69
1/31/2020 13:00,39,30,FALSE,69
1/31/2020 14:00,42,32,FALSE,74
1/31/2020 15:00,46,33,FALSE,79
1/31/2020 16:00,43,32,FALSE,75
1/31/2020 17:00,43,32,FALSE,75
1/31/2020 18:00,44,33,FALSE,77
1/31/2020 19:00,47,35,FALSE,82
1/31/2020 20:00,49,34,FALSE,83
1/31/2020 21:00,51,39,FALSE,90
1/31/2020 22:00,53,40,FALSE,93
1/31/2020 23:00,53,39,FALSE,92
2/1/2020 0:00,55,43,FALSE,98
2/1/2020 1:00,49,36,FALSE,85
2/1/2020 2:00,53,39,FALSE,92
2/1/2020 3:00,56,38,FALSE,94
2/1/2020 4:00,46,40,FALSE,86
2/1/2020 5:00,49,38,FALSE,87
2/1/2020 6:00,43,33,FALSE,76
2/1/2020 7:00,39,34,FALSE,73
2/1/2020 8:00,38,34,FALSE,72
2/1/2020 9:00,35,30,FALSE,65
2/1/2020 10:00,34,28,FALSE,62
2/1/2020 11:00,35,27,FALSE,62
2/1/2020 12:00,36,27,FALSE,63
2/1/2020 13:00,38,30,FALSE,68
2/1/2020 14:00,42,29,FALSE,71
2/1/2020 15:00,44,31,FALSE,75
2/1/2020 16:00,42,30,FALSE,72
2/1/2020 17:00,46,30,FALSE,76
2/1/2020 18:00,45,33,FALSE,78
2/1/2020 19:00,46,35,FALSE,81
2/1/2020 20:00,47,39,FALSE,86
2/1/2020 21:00,53,38,FALSE,91
2/1/2020 22:00,50,42,FALSE,92
2/1/2020 23:00,52,39,FALSE,91
2/2/2020 0:00,50,39,FALSE,89
2/2/2020 1:00,49,40,FALSE,89
2/2/2020 2:00,54,36,FALSE,90
2/2/2020 3:00,52,36,FALSE,88
2/2/2020 4:00,48,33,FALSE,81
2/2/2020 5:00,44,35,FALSE,79
2/2/2020 6:00,41,33,FALSE,74
2/2/2020 7:00,42,36,FALSE,78
2/2/2020 8:00,41,33,FALSE,74
2/2/2020 9:00,39,33,FALSE,72
2/2/2020 10:00,43,43,FALSE,86
2/2/2020 11:00,45,48,FALSE,93
2/2/2020 12:00,58,73,FALSE,131
2/2/2020 13:00,49,54,FALSE,103
2/2/2020 14:00,50,52,FALSE,102
2/2/2020 15:00,49,53,FALSE,102
2/2/2020 16:00,53,48,FALSE,101
2/2/2020 17:00,53,46,FALSE,99
2/2/2020 18:00,49,46,FALSE,95
2/2/2020 19:00,61,49,FALSE,110
2/2/2020 20:00,57,53,FALSE,110
2/2/2020 21:00,58,58,FALSE,116
2/2/2020 22:00,58,57,FALSE,115
2/2/2020 23:00,65,46,FALSE,111
2/3/2020 0:00,59,50,FALSE,109
2/3/2020 1:00,50,47,FALSE,97
2/3/2020 2:00,50,46,FALSE,96
2/3/2020 3:00,48,46,FALSE,94
2/3/2020 4:00,49,47,FALSE,96
2/3/2020 5:00,53,49,FALSE,102
2/3/2020 6:00,50,46,FALSE,96
2/3/2020 7:00,50,43,FALSE,93
2/3/2020 8:00,46,37,FALSE,83
2/3/2020 9:00,47,37,FALSE,84
2/3/2020 10:00,44,36,FALSE,80
2/3/2020 11:00,42,36,FALSE,78
2/3/2020 12:00,40,37,FALSE,77
2/3/2020 13:00,40,38,FALSE,78
2/3/2020 14:00,45,39,FALSE,84
2/3/2020 15:00,48,40,FALSE,88
2/3/2020 16:00,49,38,FALSE,87
2/3/2020 17:00,51,39,FALSE,90
2/3/2020 18:00,49,42,FALSE,91
2/3/2020 19:00,51,43,FALSE,94
2/3/2020 20:00,57,49,FALSE,106
2/3/2020 21:00,59,55,FALSE,114
2/3/2020 22:00,58,54,FALSE,112
2/3/2020 23:00,60,58,FALSE,118
2/4/2020 0:00,56,56,FALSE,112
2/4/2020 1:00,53,50,FALSE,103
2/4/2020 2:00,52,49,FALSE,101
2/4/2020 3:00,53,46,FALSE,99
2/4/2020 4:00,53,45,FALSE,98
2/4/2020 5:00,57,50,FALSE,107
2/4/2020 6:00,48,42,FALSE,90
2/4/2020 7:00,48,37,FALSE,85
2/4/2020 8:00,44,36,FALSE,80
2/4/2020 9:00,43,32,FALSE,75
2/4/2020 10:00,41,34,FALSE,75
2/4/2020 11:00,44,38,FALSE,82
2/4/2020 12:00,42,37,FALSE,79
2/4/2020 13:00,43,39,FALSE,82
2/4/2020 14:00,46,44,FALSE,90
2/4/2020 15:00,75,99,FALSE,174
2/4/2020 16:00,68,78,FALSE,146
2/4/2020 17:00,62,72,FALSE,134
2/4/2020 18:00,62,66,FALSE,128
2/4/2020 19:00,67,68,FALSE,135
2/4/2020 20:00,71,75,FALSE,146
2/4/2020 21:00,70,78,FALSE,148
2/4/2020 22:00,67,72,FALSE,139
2/4/2020 23:00,62,75,FALSE,137
2/5/2020 0:00,66,100,FALSE,166
2/5/2020 0:00,25,38,FALSE,63
2/5/2020 1:00,24,31,FALSE,55
2/5/2020 2:00,23,27,FALSE,50
2/5/2020 3:00,25,32,FALSE,57
2/5/2020 4:00,28,40,FALSE,68
2/5/2020 5:00,29,42,FALSE,71
2/5/2020 6:00,31,36,FALSE,67
2/5/2020 7:00,27,32,FALSE,59
2/5/2020 8:00,26,28,FALSE,54
2/5/2020 9:00,25,28,FALSE,53
2/5/2020 10:00,23,24,FALSE,47
2/5/2020 11:00,21,23,FALSE,44
2/5/2020 12:00,22,22,FALSE,44
2/5/2020 13:00,21,23,FALSE,44
2/5/2020 14:00,21,23,FALSE,44
2/5/2020 15:00,22,23,FALSE,45
2/5/2020 16:00,25,22,FALSE,47
2/5/2020 17:00,23,23,FALSE,46
2/5/2020 18:00,24,26,FALSE,50
2/5/2020 19:00,25,25,FALSE,50
2/5/2020 20:00,26,25,FALSE,51
2/5/2020 21:00,26,28,FALSE,54
2/5/2020 22:00,26,30,FALSE,56
2/5/2020 23:00,24,29,FALSE,53
2/6/2020 0:00,22,24,FALSE,46
2/6/2020 1:00,21,23,FALSE,44
2/6/2020 2:00,21,21,FALSE,42
2/6/2020 3:00,22,24,FALSE,46
2/6/2020 4:00,24,28,FALSE,52
2/6/2020 5:00,25,26,FALSE,51
2/6/2020 6:00,24,23,FALSE,47
2/6/2020 7:00,23,21,FALSE,44
2/6/2020 8:00,22,20,FALSE,42
2/6/2020 9:00,20,18,FALSE,38
2/6/2020 10:00,20,19,FALSE,39
2/6/2020 11:00,19,20,FALSE,39
2/6/2020 12:00,19,20,FALSE,39
2/6/2020 13:00,20,22,FALSE,42
2/6/2020 14:00,21,20,FALSE,41
2/6/2020 15:00,21,20,FALSE,41
2/6/2020 16:00,22,18,FALSE,40
2/6/2020 17:00,22,21,FALSE,43
2/6/2020 18:00,22,20,FALSE,42
2/6/2020 19:00,24,23,FALSE,47
2/6/2020 20:00,24,23,FALSE,47
2/6/2020 21:00,24,25,FALSE,49
2/6/2020 22:00,24,25,FALSE,49
2/6/2020 23:00,25,25,FALSE,50
2/7/2020 0:00,22,22,FALSE,44
2/7/2020 1:00,22,25,FALSE,47
2/7/2020 2:00,24,25,FALSE,49
2/7/2020 3:00,23,23,FALSE,46
2/7/2020 4:00,24,21,FALSE,45
2/7/2020 5:00,24,20,FALSE,44
2/7/2020 6:00,22,21,FALSE,43
2/7/2020 7:00,20,17,FALSE,37
2/7/2020 8:00,19,17,FALSE,36
2/7/2020 9:00,19,17,FALSE,36
2/7/2020 10:00,19,17,FALSE,36
2/7/2020 11:00,18,17,FALSE,35
2/7/2020 12:00,18,17,FALSE,35
2/7/2020 13:00,17,16,FALSE,33
2/7/2020 14:00,19,17,FALSE,36
2/7/2020 15:00,19,18,FALSE,37
2/7/2020 16:00,21,17,FALSE,38
2/7/2020 17:00,20,17,FALSE,37
2/7/2020 18:00,20,17,FALSE,37
2/7/2020 19:00,21,18,FALSE,39
2/7/2020 20:00,21,18,FALSE,39
2/7/2020 21:00,23,20,FALSE,43
2/7/2020 22:00,22,20,FALSE,42
2/7/2020 23:00,21,20,FALSE,41
2/8/2020 0:00,20,19,FALSE,39
2/8/2020 1:00,20,17,FALSE,37
2/8/2020 2:00,20,18,FALSE,38
2/8/2020 3:00,19,17,FALSE,36
2/8/2020 4:00,18,16,FALSE,34
2/8/2020 5:00,18,15,FALSE,33
2/8/2020 6:00,18,14,FALSE,32
2/8/2020 7:00,18,14,FALSE,32
2/8/2020 8:00,17,14,FALSE,31
2/8/2020 9:00,16,13,FALSE,29
2/8/2020 10:00,16,14,FALSE,30
2/8/2020 11:00,15,13,FALSE,28
2/8/2020 12:00,15,14,FALSE,29
2/8/2020 13:00,16,14,FALSE,30
2/8/2020 14:00,16,13,FALSE,29
2/8/2020 15:00,16,14,FALSE,30
2/8/2020 16:00,18,14,FALSE,32
2/8/2020 17:00,18,14,FALSE,32
2/8/2020 18:00,18,14,FALSE,32
2/8/2020 19:00,18,15,FALSE,33
2/8/2020 20:00,19,15,FALSE,34
2/8/2020 21:00,21,17,FALSE,38
2/8/2020 22:00,22,18,FALSE,40
2/8/2020 23:00,26,18,FALSE,44
2/9/2020 0:00,27,17,FALSE,44
2/9/2020 1:00,31,17,FALSE,48
2/9/2020 2:00,37,17,FALSE,54
2/9/2020 3:00,59,20,FALSE,79
2/9/2020 4:00,47,22,FALSE,69
2/9/2020 5:00,100,19,FALSE,119
2/9/2020 6:00,27,24,FALSE,51
2/9/2020 7:00,20,21,FALSE,41
2/9/2020 8:00,20,20,FALSE,40
2/9/2020 9:00,19,17,FALSE,36
2/9/2020 10:00,17,17,FALSE,34
2/9/2020 11:00,16,17,FALSE,33
2/9/2020 12:00,16,16,FALSE,32
2/9/2020 13:00,18,17,FALSE,35
2/9/2020 14:00,18,16,FALSE,34
2/9/2020 15:00,18,16,FALSE,34
2/9/2020 16:00,18,16,FALSE,34
2/9/2020 17:00,19,17,FALSE,36
2/9/2020 18:00,20,18,FALSE,38
2/9/2020 19:00,20,17,FALSE,37
2/9/2020 20:00,21,18,FALSE,39
2/9/2020 21:00,23,19,FALSE,42
2/9/2020 22:00,23,19,FALSE,42
2/9/2020 23:00,21,21,FALSE,42
2/10/2020 0:00,22,20,FALSE,42
2/10/2020 1:00,21,19,FALSE,40
2/10/2020 2:00,21,19,FALSE,40
2/10/2020 3:00,20,18,FALSE,38
2/10/2020 4:00,19,17,FALSE,36
2/10/2020 5:00,19,18,FALSE,37
2/10/2020 6:00,19,15,FALSE,34
2/10/2020 7:00,18,15,FALSE,33
2/10/2020 8:00,18,14,FALSE,32
2/10/2020 9:00,18,14,FALSE,32
2/10/2020 10:00,17,14,FALSE,31
2/10/2020 11:00,17,16,FALSE,33
2/10/2020 12:00,17,15,FALSE,32
2/10/2020 13:00,16,14,FALSE,30
2/10/2020 14:00,17,14,FALSE,31
2/10/2020 15:00,18,15,FALSE,33
2/10/2020 16:00,19,15,FALSE,34
2/10/2020 17:00,18,15,FALSE,33
2/10/2020 18:00,20,15,FALSE,35
2/10/2020 19:00,21,16,FALSE,37
2/10/2020 20:00,21,18,FALSE,39
2/10/2020 21:00,22,18,FALSE,40
2/10/2020 22:00,21,19,FALSE,40
2/10/2020 23:00,20,18,FALSE,38
2/11/2020 0:00,20,17,FALSE,37
2/11/2020 1:00,19,17,FALSE,36
2/11/2020 2:00,19,15,FALSE,34
2/11/2020 3:00,19,16,FALSE,35
2/11/2020 4:00,20,15,FALSE,35
2/11/2020 5:00,22,16,FALSE,38
2/11/2020 6:00,19,15,FALSE,34
2/11/2020 7:00,17,14,FALSE,31
2/11/2020 8:00,16,12,FALSE,28
2/11/2020 9:00,16,11,FALSE,27
2/11/2020 10:00,16,12,FALSE,28
2/11/2020 11:00,16,13,FALSE,29
2/11/2020 12:00,17,15,FALSE,32
2/11/2020 13:00,16,13,FALSE,29
2/11/2020 14:00,17,14,FALSE,31
2/11/2020 15:00,19,15,FALSE,34
2/11/2020 16:00,21,18,FALSE,39
2/11/2020 17:00,22,19,FALSE,41
2/11/2020 18:00,23,19,FALSE,42
2/11/2020 19:00,25,21,FALSE,46
2/11/2020 20:00,24,21,FALSE,45
2/11/2020 21:00,25,22,FALSE,47
2/11/2020 22:00,24,22,FALSE,46
2/11/2020 23:00,22,21,FALSE,43
2/12/2020 0:00,23,22,FALSE,45
2/12/2020 0:00,37,35,FALSE,72
2/12/2020 1:00,34,36,FALSE,70
2/12/2020 2:00,38,35,FALSE,73
2/12/2020 3:00,38,37,FALSE,75
2/12/2020 4:00,36,37,FALSE,73
2/12/2020 5:00,37,34,FALSE,71
2/12/2020 6:00,35,35,FALSE,70
2/12/2020 7:00,37,35,FALSE,72
2/12/2020 8:00,33,30,FALSE,63
2/12/2020 9:00,31,27,FALSE,58
2/12/2020 10:00,33,29,FALSE,62
2/12/2020 11:00,42,44,FALSE,86
2/12/2020 12:00,37,42,FALSE,79
2/12/2020 13:00,42,47,FALSE,89
2/12/2020 14:00,38,41,FALSE,79
2/12/2020 15:00,38,37,FALSE,75
2/12/2020 16:00,39,38,FALSE,77
2/12/2020 17:00,41,41,FALSE,82
2/12/2020 18:00,43,45,FALSE,88
2/12/2020 19:00,44,47,FALSE,91
2/12/2020 20:00,47,47,FALSE,94
2/12/2020 21:00,49,54,FALSE,103
2/12/2020 22:00,49,59,FALSE,108
2/12/2020 23:00,44,57,FALSE,101
2/13/2020 0:00,40,55,FALSE,95
2/13/2020 1:00,43,63,FALSE,106
2/13/2020 2:00,53,100,FALSE,153
2/13/2020 3:00,51,83,FALSE,134
2/13/2020 4:00,50,73,FALSE,123
2/13/2020 5:00,54,69,FALSE,123
2/13/2020 6:00,56,69,FALSE,125
2/13/2020 7:00,50,56,FALSE,106
2/13/2020 8:00,42,44,FALSE,86
2/13/2020 9:00,39,40,FALSE,79
2/13/2020 10:00,37,39,FALSE,76
2/13/2020 11:00,35,40,FALSE,75
2/13/2020 12:00,37,43,FALSE,80
2/13/2020 13:00,49,63,FALSE,112
2/13/2020 14:00,45,54,FALSE,99
2/13/2020 15:00,45,54,FALSE,99
2/13/2020 16:00,44,53,FALSE,97
2/13/2020 17:00,42,49,FALSE,91
2/13/2020 18:00,46,52,FALSE,98
2/13/2020 19:00,50,60,FALSE,110
2/13/2020 20:00,53,58,FALSE,111
2/13/2020 21:00,49,55,FALSE,104
2/13/2020 22:00,52,59,FALSE,111
2/13/2020 23:00,44,58,FALSE,102
2/14/2020 0:00,41,56,FALSE,97
2/14/2020 1:00,39,48,FALSE,87
2/14/2020 2:00,37,46,FALSE,83
2/14/2020 3:00,39,45,FALSE,84
2/14/2020 4:00,38,42,FALSE,80
2/14/2020 5:00,41,41,FALSE,82
2/14/2020 6:00,38,41,FALSE,79
2/14/2020 7:00,39,39,FALSE,78
2/14/2020 8:00,36,35,FALSE,71
2/14/2020 9:00,36,34,FALSE,70
2/14/2020 10:00,33,34,FALSE,67
2/14/2020 11:00,34,35,FALSE,69
2/14/2020 12:00,33,38,FALSE,71
2/14/2020 13:00,35,36,FALSE,71
2/14/2020 14:00,35,36,FALSE,71
2/14/2020 15:00,36,36,FALSE,72
2/14/2020 16:00,35,36,FALSE,71
2/14/2020 17:00,37,40,FALSE,77
2/14/2020 18:00,42,49,FALSE,91
2/14/2020 19:00,43,46,FALSE,89
2/14/2020 20:00,42,47,FALSE,89
2/14/2020 21:00,46,49,FALSE,95
2/14/2020 22:00,44,51,FALSE,95
2/14/2020 23:00,41,51,FALSE,92
2/15/2020 0:00,42,51,FALSE,93
2/15/2020 1:00,40,57,FALSE,97
2/15/2020 2:00,39,42,FALSE,81
2/15/2020 3:00,39,41,FALSE,80
2/15/2020 4:00,39,43,FALSE,82
2/15/2020 5:00,34,40,FALSE,74
2/15/2020 6:00,37,37,FALSE,74
2/15/2020 7:00,35,37,FALSE,72
2/15/2020 8:00,37,36,FALSE,73
2/15/2020 9:00,35,33,FALSE,68
2/15/2020 10:00,34,38,FALSE,72
2/15/2020 11:00,31,34,FALSE,65
2/15/2020 12:00,32,34,FALSE,66
2/15/2020 13:00,32,35,FALSE,67
2/15/2020 14:00,34,35,FALSE,69
2/15/2020 15:00,35,37,FALSE,72
2/15/2020 16:00,36,38,FALSE,74
2/15/2020 17:00,38,40,FALSE,78
2/15/2020 18:00,38,42,FALSE,80
2/15/2020 19:00,34,36,FALSE,70
2/15/2020 20:00,38,37,FALSE,75
2/15/2020 21:00,41,36,FALSE,77
2/15/2020 22:00,45,40,FALSE,85
2/15/2020 23:00,39,42,FALSE,81
2/16/2020 0:00,40,40,FALSE,80
2/16/2020 1:00,56,37,FALSE,93
2/16/2020 2:00,62,32,FALSE,94
2/16/2020 3:00,55,31,FALSE,86
2/16/2020 4:00,36,34,FALSE,70
2/16/2020 5:00,32,32,FALSE,64
2/16/2020 6:00,33,29,FALSE,62
2/16/2020 7:00,31,31,FALSE,62
2/16/2020 8:00,31,30,FALSE,61
2/16/2020 9:00,29,28,FALSE,57
2/16/2020 10:00,29,27,FALSE,56
2/16/2020 11:00,28,27,FALSE,55
2/16/2020 12:00,29,28,FALSE,57
2/16/2020 13:00,30,29,FALSE,59
2/16/2020 14:00,29,28,FALSE,57
2/16/2020 15:00,31,33,FALSE,64
2/16/2020 16:00,36,37,FALSE,73
2/16/2020 17:00,35,38,FALSE,73
2/16/2020 18:00,34,33,FALSE,67
2/16/2020 19:00,35,34,FALSE,69
2/16/2020 20:00,38,36,FALSE,74
2/16/2020 21:00,40,37,FALSE,77
2/16/2020 22:00,36,39,FALSE,75
2/16/2020 23:00,36,39,FALSE,75
2/17/2020 0:00,39,37,FALSE,76
2/17/2020 1:00,40,32,FALSE,72
2/17/2020 2:00,36,34,FALSE,70
2/17/2020 3:00,36,35,FALSE,71
2/17/2020 4:00,35,38,FALSE,73
2/17/2020 5:00,36,32,FALSE,68
2/17/2020 6:00,34,33,FALSE,67
2/17/2020 7:00,32,31,FALSE,63
2/17/2020 8:00,31,28,FALSE,59
2/17/2020 9:00,30,26,FALSE,56
2/17/2020 10:00,29,29,FALSE,58
2/17/2020 11:00,30,31,FALSE,61
2/17/2020 12:00,28,28,FALSE,56
2/17/2020 13:00,29,29,FALSE,58
2/17/2020 14:00,34,31,FALSE,65
2/17/2020 15:00,31,29,FALSE,60
2/17/2020 16:00,32,28,FALSE,60
2/17/2020 17:00,32,27,FALSE,59
2/17/2020 18:00,32,30,FALSE,62
2/17/2020 19:00,37,30,FALSE,67
2/17/2020 20:00,40,30,FALSE,70
2/17/2020 21:00,37,34,FALSE,71
2/17/2020 22:00,37,33,FALSE,70
2/17/2020 23:00,32,31,FALSE,63
2/18/2020 0:00,31,31,FALSE,62
2/18/2020 1:00,33,30,FALSE,63
2/18/2020 2:00,33,29,FALSE,62
2/18/2020 3:00,34,30,FALSE,64
2/18/2020 4:00,33,33,FALSE,66
2/18/2020 5:00,46,37,FALSE,83
2/18/2020 6:00,36,31,FALSE,67
2/18/2020 7:00,31,26,FALSE,57
2/18/2020 8:00,30,26,FALSE,56
2/18/2020 9:00,29,23,FALSE,52
2/18/2020 10:00,29,24,FALSE,53
2/18/2020 11:00,29,25,FALSE,54
2/18/2020 12:00,27,24,FALSE,51
2/18/2020 13:00,30,24,FALSE,54
2/18/2020 14:00,29,23,FALSE,52
2/18/2020 15:00,33,26,FALSE,59
2/18/2020 16:00,33,28,FALSE,61
2/18/2020 17:00,33,31,FALSE,64
2/18/2020 18:00,36,30,FALSE,66
2/18/2020 19:00,41,31,FALSE,72
2/18/2020 20:00,48,36,FALSE,84
2/18/2020 21:00,43,37,FALSE,80
2/18/2020 22:00,38,38,FALSE,76
2/18/2020 23:00,35,36,FALSE,71
2/19/2020 0:00,32,33,FALSE,65
2/19/2020 0:00,19,20,FALSE,39
2/19/2020 1:00,20,18,FALSE,38
2/19/2020 2:00,21,19,FALSE,40
2/19/2020 3:00,21,20,FALSE,41
2/19/2020 4:00,20,19,FALSE,39
2/19/2020 5:00,21,18,FALSE,39
2/19/2020 6:00,21,17,FALSE,38
2/19/2020 7:00,20,15,FALSE,35
2/19/2020 8:00,18,15,FALSE,33
2/19/2020 9:00,19,15,FALSE,34
2/19/2020 10:00,18,15,FALSE,33
2/19/2020 11:00,19,16,FALSE,35
2/19/2020 12:00,17,15,FALSE,32
2/19/2020 13:00,18,16,FALSE,34
2/19/2020 14:00,19,17,FALSE,36
2/19/2020 15:00,20,17,FALSE,37
2/19/2020 16:00,21,17,FALSE,38
2/19/2020 17:00,22,19,FALSE,41
2/19/2020 18:00,23,19,FALSE,42
2/19/2020 19:00,25,22,FALSE,47
2/19/2020 20:00,26,21,FALSE,47
2/19/2020 21:00,24,23,FALSE,47
2/19/2020 22:00,24,26,FALSE,50
2/19/2020 23:00,22,23,FALSE,45
2/20/2020 0:00,22,21,FALSE,43
2/20/2020 1:00,19,18,FALSE,37
2/20/2020 2:00,19,18,FALSE,37
2/20/2020 3:00,21,18,FALSE,39
2/20/2020 4:00,18,18,FALSE,36
2/20/2020 5:00,21,18,FALSE,39
2/20/2020 6:00,21,15,FALSE,36
2/20/2020 7:00,18,15,FALSE,33
2/20/2020 8:00,19,15,FALSE,34
2/20/2020 9:00,18,14,FALSE,32
2/20/2020 10:00,17,15,FALSE,32
2/20/2020 11:00,17,15,FALSE,32
2/20/2020 12:00,17,15,FALSE,32
2/20/2020 13:00,17,16,FALSE,33
2/20/2020 14:00,18,15,FALSE,33
2/20/2020 15:00,19,16,FALSE,35
2/20/2020 16:00,18,16,FALSE,34
2/20/2020 17:00,20,16,FALSE,36
2/20/2020 18:00,20,16,FALSE,36
2/20/2020 19:00,21,17,FALSE,38
2/20/2020 20:00,20,18,FALSE,38
2/20/2020 21:00,23,19,FALSE,42
2/20/2020 22:00,21,19,FALSE,40
2/20/2020 23:00,20,18,FALSE,38
2/21/2020 0:00,20,17,FALSE,37
2/21/2020 1:00,19,17,FALSE,36
2/21/2020 2:00,19,17,FALSE,36
2/21/2020 3:00,18,17,FALSE,35
2/21/2020 4:00,19,17,FALSE,36
2/21/2020 5:00,18,16,FALSE,34
2/21/2020 6:00,17,16,FALSE,33
2/21/2020 7:00,17,14,FALSE,31
2/21/2020 8:00,16,14,FALSE,30
2/21/2020 9:00,16,13,FALSE,29
2/21/2020 10:00,16,12,FALSE,28
2/21/2020 11:00,16,13,FALSE,29
2/21/2020 12:00,16,14,FALSE,30
2/21/2020 13:00,16,15,FALSE,31
2/21/2020 14:00,18,14,FALSE,32
2/21/2020 15:00,17,14,FALSE,31
2/21/2020 16:00,17,14,FALSE,31
2/21/2020 17:00,18,14,FALSE,32
2/21/2020 18:00,18,14,FALSE,32
2/21/2020 19:00,19,15,FALSE,34
2/21/2020 20:00,20,15,FALSE,35
2/21/2020 21:00,19,16,FALSE,35
2/21/2020 22:00,21,18,FALSE,39
2/21/2020 23:00,19,15,FALSE,34
2/22/2020 0:00,19,17,FALSE,36
2/22/2020 1:00,19,16,FALSE,35
2/22/2020 2:00,19,14,FALSE,33
2/22/2020 3:00,20,14,FALSE,34
2/22/2020 4:00,17,14,FALSE,31
2/22/2020 5:00,17,12,FALSE,29
2/22/2020 6:00,15,13,FALSE,28
2/22/2020 7:00,15,12,FALSE,27
2/22/2020 8:00,15,11,FALSE,26
2/22/2020 9:00,14,10,FALSE,24
2/22/2020 10:00,14,11,FALSE,25
2/22/2020 11:00,14,11,FALSE,25
2/22/2020 12:00,15,11,FALSE,26
2/22/2020 13:00,16,11,FALSE,27
2/22/2020 14:00,15,12,FALSE,27
2/22/2020 15:00,16,12,FALSE,28
2/22/2020 16:00,15,10,FALSE,25
2/22/2020 17:00,16,12,FALSE,28
2/22/2020 18:00,16,12,FALSE,28
2/22/2020 19:00,17,12,FALSE,29
2/22/2020 20:00,19,14,FALSE,33
2/22/2020 21:00,22,14,FALSE,36
2/22/2020 22:00,23,14,FALSE,37
2/22/2020 23:00,24,14,FALSE,38
2/23/2020 0:00,28,14,FALSE,42
2/23/2020 1:00,36,13,FALSE,49
2/23/2020 2:00,45,13,FALSE,58
2/23/2020 3:00,60,13,FALSE,73
2/23/2020 4:00,100,14,FALSE,114
2/23/2020 5:00,51,13,FALSE,64
2/23/2020 6:00,18,13,FALSE,31
2/23/2020 7:00,16,13,FALSE,29
2/23/2020 8:00,15,12,FALSE,27
2/23/2020 9:00,16,13,FALSE,29
2/23/2020 10:00,14,12,FALSE,26
2/23/2020 11:00,13,12,FALSE,25
2/23/2020 12:00,13,12,FALSE,25
2/23/2020 13:00,15,11,FALSE,26
2/23/2020 14:00,17,12,FALSE,29
2/23/2020 15:00,16,13,FALSE,29
2/23/2020 16:00,15,11,FALSE,26
2/23/2020 17:00,17,12,FALSE,29
2/23/2020 18:00,17,13,FALSE,30
2/23/2020 19:00,17,14,FALSE,31
2/23/2020 20:00,20,14,FALSE,34
2/23/2020 21:00,21,15,FALSE,36
2/23/2020 22:00,20,16,FALSE,36
2/23/2020 23:00,19,16,FALSE,35
2/24/2020 0:00,20,16,FALSE,36
2/24/2020 1:00,19,15,FALSE,34
2/24/2020 2:00,17,15,FALSE,32
2/24/2020 3:00,19,15,FALSE,34
2/24/2020 4:00,17,13,FALSE,30
2/24/2020 5:00,17,13,FALSE,30
2/24/2020 6:00,17,12,FALSE,29
2/24/2020 7:00,15,13,FALSE,28
2/24/2020 8:00,16,12,FALSE,28
2/24/2020 9:00,15,12,FALSE,27
2/24/2020 10:00,15,11,FALSE,26
2/24/2020 11:00,16,13,FALSE,29
2/24/2020 12:00,15,12,FALSE,27
2/24/2020 13:00,16,12,FALSE,28
2/24/2020 14:00,17,13,FALSE,30
2/24/2020 15:00,17,14,FALSE,31
2/24/2020 16:00,17,14,FALSE,31
2/24/2020 17:00,18,14,FALSE,32
2/24/2020 18:00,19,15,FALSE,34
2/24/2020 19:00,19,15,FALSE,34
2/24/2020 20:00,21,16,FALSE,37
2/24/2020 21:00,21,17,FALSE,38
2/24/2020 22:00,19,17,FALSE,36
2/24/2020 23:00,19,17,FALSE,36
2/25/2020 0:00,19,15,FALSE,34
2/25/2020 1:00,18,15,FALSE,33
2/25/2020 2:00,18,14,FALSE,32
2/25/2020 3:00,19,15,FALSE,34
2/25/2020 4:00,19,14,FALSE,33
2/25/2020 5:00,21,14,FALSE,35
2/25/2020 6:00,18,14,FALSE,32
2/25/2020 7:00,17,13,FALSE,30
2/25/2020 8:00,16,11,FALSE,27
2/25/2020 9:00,15,10,FALSE,25
2/25/2020 10:00,15,12,FALSE,27
2/25/2020 11:00,16,12,FALSE,28
2/25/2020 12:00,14,12,FALSE,26
2/25/2020 13:00,15,12,FALSE,27
2/25/2020 14:00,17,13,FALSE,30
2/25/2020 15:00,17,14,FALSE,31
2/25/2020 16:00,17,14,FALSE,31
2/25/2020 17:00,18,15,FALSE,33
2/25/2020 18:00,19,15,FALSE,34
2/25/2020 19:00,24,16,FALSE,40
2/25/2020 20:00,26,15,FALSE,41
2/25/2020 21:00,22,16,FALSE,38
2/25/2020 22:00,20,16,FALSE,36
2/25/2020 23:00,18,17,FALSE,35
2/26/2020 0:00,20,16,FALSE,36
2/26/2020 0:00,86,70,FALSE,156
2/26/2020 1:00,81,68,FALSE,149
2/26/2020 2:00,88,86,FALSE,174
2/26/2020 3:00,88,76,FALSE,164
2/26/2020 4:00,87,68,FALSE,155
2/26/2020 5:00,86,71,FALSE,157
2/26/2020 6:00,77,65,FALSE,142
2/26/2020 7:00,69,61,FALSE,130
2/26/2020 8:00,73,57,FALSE,130
2/26/2020 9:00,72,58,FALSE,130
2/26/2020 10:00,69,55,FALSE,124
2/26/2020 11:00,66,59,FALSE,125
2/26/2020 12:00,66,53,FALSE,119
2/26/2020 13:00,65,54,FALSE,119
2/26/2020 14:00,73,58,FALSE,131
2/26/2020 15:00,74,61,FALSE,135
2/26/2020 16:00,82,68,FALSE,150
2/26/2020 17:00,82,72,FALSE,154
2/26/2020 18:00,84,66,FALSE,150
2/26/2020 19:00,89,61,FALSE,150
2/26/2020 20:00,99,66,FALSE,165
2/26/2020 21:00,96,69,FALSE,165
2/26/2020 22:00,90,73,FALSE,163
2/26/2020 23:00,85,79,FALSE,164
2/27/2020 0:00,83,80,FALSE,163
2/27/2020 1:00,89,68,FALSE,157
2/27/2020 2:00,86,70,FALSE,156
2/27/2020 3:00,77,69,FALSE,146
2/27/2020 4:00,82,60,FALSE,142
2/27/2020 5:00,80,65,FALSE,145
2/27/2020 6:00,75,64,FALSE,139
2/27/2020 7:00,74,55,FALSE,129
2/27/2020 8:00,70,51,FALSE,121
2/27/2020 9:00,60,49,FALSE,109
2/27/2020 10:00,67,52,FALSE,119
2/27/2020 11:00,67,50,FALSE,117
2/27/2020 12:00,66,58,FALSE,124
2/27/2020 13:00,62,56,FALSE,118
2/27/2020 14:00,69,57,FALSE,126
2/27/2020 15:00,75,59,FALSE,134
2/27/2020 16:00,73,64,FALSE,137
2/27/2020 17:00,79,65,FALSE,144
2/27/2020 18:00,76,61,FALSE,137
2/27/2020 19:00,86,64,FALSE,150
2/27/2020 20:00,92,65,FALSE,157
2/27/2020 21:00,92,70,FALSE,162
2/27/2020 22:00,92,73,FALSE,165
2/27/2020 23:00,80,72,FALSE,152
2/28/2020 0:00,84,72,FALSE,156
2/28/2020 1:00,77,60,FALSE,137
2/28/2020 2:00,76,59,FALSE,135
2/28/2020 3:00,75,64,FALSE,139
2/28/2020 4:00,80,60,FALSE,140
2/28/2020 5:00,75,57,FALSE,132
2/28/2020 6:00,73,52,FALSE,125
2/28/2020 7:00,68,52,FALSE,120
2/28/2020 8:00,68,51,FALSE,119
2/28/2020 9:00,65,43,FALSE,108
2/28/2020 10:00,63,50,FALSE,113
2/28/2020 11:00,66,52,FALSE,118
2/28/2020 12:00,61,53,FALSE,114
2/28/2020 13:00,64,51,FALSE,115
2/28/2020 14:00,67,53,FALSE,120
2/28/2020 15:00,69,54,FALSE,123
2/28/2020 16:00,73,54,FALSE,127
2/28/2020 17:00,72,54,FALSE,126
2/28/2020 18:00,76,51,FALSE,127
2/28/2020 19:00,72,51,FALSE,123
2/28/2020 20:00,76,56,FALSE,132
2/28/2020 21:00,79,61,FALSE,140
2/28/2020 22:00,81,62,FALSE,143
2/28/2020 23:00,82,57,FALSE,139
2/29/2020 0:00,75,57,FALSE,132
2/29/2020 1:00,73,55,FALSE,128
2/29/2020 2:00,72,49,FALSE,121
2/29/2020 3:00,77,55,FALSE,132
2/29/2020 4:00,69,50,FALSE,119
2/29/2020 5:00,71,52,FALSE,123
2/29/2020 6:00,68,48,FALSE,116
2/29/2020 7:00,64,50,FALSE,114
2/29/2020 8:00,59,45,FALSE,104
2/29/2020 9:00,53,40,FALSE,93
2/29/2020 10:00,56,41,FALSE,97
2/29/2020 11:00,55,41,FALSE,96
2/29/2020 12:00,53,39,FALSE,92
2/29/2020 13:00,58,42,FALSE,100
2/29/2020 14:00,62,43,FALSE,105
2/29/2020 15:00,62,42,FALSE,104
2/29/2020 16:00,63,41,FALSE,104
2/29/2020 17:00,63,42,FALSE,105
2/29/2020 18:00,69,43,FALSE,112
2/29/2020 19:00,64,43,FALSE,107
2/29/2020 20:00,73,52,FALSE,125
2/29/2020 21:00,76,50,FALSE,126
2/29/2020 22:00,87,50,FALSE,137
2/29/2020 23:00,83,49,FALSE,132
3/1/2020 0:00,86,55,FALSE,141
3/1/2020 1:00,97,48,FALSE,145
3/1/2020 2:00,100,46,FALSE,146
3/1/2020 3:00,78,48,FALSE,126
3/1/2020 4:00,71,43,FALSE,114
3/1/2020 5:00,67,45,FALSE,112
3/1/2020 6:00,61,43,FALSE,104
3/1/2020 7:00,58,41,FALSE,99
3/1/2020 8:00,60,40,FALSE,100
3/1/2020 9:00,52,41,FALSE,93
3/1/2020 10:00,52,39,FALSE,91
3/1/2020 11:00,52,39,FALSE,91
3/1/2020 12:00,52,39,FALSE,91
3/1/2020 13:00,62,39,FALSE,101
3/1/2020 14:00,63,37,FALSE,100
3/1/2020 15:00,58,40,FALSE,98
3/1/2020 16:00,66,42,FALSE,108
3/1/2020 17:00,66,43,FALSE,109
3/1/2020 18:00,65,46,FALSE,111
3/1/2020 19:00,82,48,FALSE,130
3/1/2020 20:00,94,50,FALSE,144
3/1/2020 21:00,80,51,FALSE,131
3/1/2020 22:00,77,51,FALSE,128
3/1/2020 23:00,80,56,FALSE,136
3/2/2020 0:00,73,52,FALSE,125
3/2/2020 1:00,79,53,FALSE,132
3/2/2020 2:00,69,54,FALSE,123
3/2/2020 3:00,73,52,FALSE,125
3/2/2020 4:00,68,50,FALSE,118
3/2/2020 5:00,69,48,FALSE,117
3/2/2020 6:00,65,48,FALSE,113
3/2/2020 7:00,64,43,FALSE,107
3/2/2020 8:00,64,47,FALSE,111
3/2/2020 9:00,59,43,FALSE,102
3/2/2020 10:00,63,43,FALSE,106
3/2/2020 11:00,60,45,FALSE,105
3/2/2020 12:00,62,44,FALSE,106
3/2/2020 13:00,61,47,FALSE,108
3/2/2020 14:00,66,50,FALSE,116
3/2/2020 15:00,67,46,FALSE,113
3/2/2020 16:00,72,51,FALSE,123
3/2/2020 17:00,72,52,FALSE,124
3/2/2020 18:00,77,56,FALSE,133
3/2/2020 19:00,81,55,FALSE,136
3/2/2020 20:00,78,55,FALSE,133
3/2/2020 21:00,85,69,FALSE,154
3/2/2020 22:00,88,66,FALSE,154
3/2/2020 23:00,78,55,FALSE,133
3/3/2020 0:00,76,55,FALSE,131
3/3/2020 1:00,74,53,FALSE,127
3/3/2020 2:00,77,54,FALSE,131
3/3/2020 3:00,74,58,FALSE,132
3/3/2020 4:00,76,48,FALSE,124
3/3/2020 5:00,82,53,FALSE,135
3/3/2020 6:00,72,52,FALSE,124
3/3/2020 7:00,62,42,FALSE,104
3/3/2020 8:00,61,39,FALSE,100
3/3/2020 9:00,59,40,FALSE,99
3/3/2020 10:00,56,41,FALSE,97
3/3/2020 11:00,58,45,FALSE,103
3/3/2020 12:00,60,44,FALSE,104
3/3/2020 13:00,60,39,FALSE,99
3/3/2020 14:00,61,42,FALSE,103
3/3/2020 15:00,66,43,FALSE,109
3/3/2020 16:00,66,43,FALSE,109
3/3/2020 17:00,67,44,FALSE,111
3/3/2020 18:00,70,46,FALSE,116
3/3/2020 19:00,75,45,FALSE,120
3/3/2020 20:00,76,48,FALSE,124
3/3/2020 21:00,76,50,FALSE,126
3/3/2020 22:00,75,54,FALSE,129
3/3/2020 23:00,70,53,FALSE,123
3/4/2020 0:00,70,50,FALSE,120
3/4/2020 0:00,21,15,FALSE,36
3/4/2020 1:00,22,15,FALSE,37
3/4/2020 2:00,23,14,FALSE,37
3/4/2020 3:00,22,13,FALSE,35
3/4/2020 4:00,22,15,FALSE,37
3/4/2020 5:00,29,16,FALSE,45
3/4/2020 6:00,33,16,FALSE,49
3/4/2020 7:00,26,15,FALSE,41
3/4/2020 8:00,24,14,FALSE,38
3/4/2020 9:00,21,12,FALSE,33
3/4/2020 10:00,21,12,FALSE,33
3/4/2020 11:00,20,13,FALSE,33
3/4/2020 12:00,19,11,FALSE,30
3/4/2020 13:00,20,12,FALSE,32
3/4/2020 14:00,20,13,FALSE,33
3/4/2020 15:00,21,13,FALSE,34
3/4/2020 16:00,22,14,FALSE,36
3/4/2020 17:00,22,14,FALSE,36
3/4/2020 18:00,22,13,FALSE,35
3/4/2020 19:00,22,14,FALSE,36
3/4/2020 20:00,23,15,FALSE,38
3/4/2020 21:00,24,16,FALSE,40
3/4/2020 22:00,23,15,FALSE,38
3/4/2020 23:00,22,15,FALSE,37
3/5/2020 0:00,24,16,FALSE,40
3/5/2020 1:00,23,14,FALSE,37
3/5/2020 2:00,23,17,FALSE,40
3/5/2020 3:00,26,16,FALSE,42
3/5/2020 4:00,25,16,FALSE,41
3/5/2020 5:00,24,14,FALSE,38
3/5/2020 6:00,22,13,FALSE,35
3/5/2020 7:00,21,14,FALSE,35
3/5/2020 8:00,21,13,FALSE,34
3/5/2020 9:00,19,12,FALSE,31
3/5/2020 10:00,19,14,FALSE,33
3/5/2020 11:00,19,14,FALSE,33
3/5/2020 12:00,19,14,FALSE,33
3/5/2020 13:00,19,13,FALSE,32
3/5/2020 14:00,20,13,FALSE,33
3/5/2020 15:00,20,13,FALSE,33
3/5/2020 16:00,22,14,FALSE,36
3/5/2020 17:00,23,14,FALSE,37
3/5/2020 18:00,22,15,FALSE,37
3/5/2020 19:00,24,15,FALSE,39
3/5/2020 20:00,24,17,FALSE,41
3/5/2020 21:00,24,18,FALSE,42
3/5/2020 22:00,23,17,FALSE,40
3/5/2020 23:00,23,16,FALSE,39
3/6/2020 0:00,23,15,FALSE,38
3/6/2020 1:00,24,14,FALSE,38
3/6/2020 2:00,23,15,FALSE,38
3/6/2020 3:00,25,15,FALSE,40
3/6/2020 4:00,24,15,FALSE,39
3/6/2020 5:00,25,15,FALSE,40
3/6/2020 6:00,22,15,FALSE,37
3/6/2020 7:00,23,14,FALSE,37
3/6/2020 8:00,20,13,FALSE,33
3/6/2020 9:00,20,14,FALSE,34
3/6/2020 10:00,20,13,FALSE,33
3/6/2020 11:00,20,13,FALSE,33
3/6/2020 12:00,19,13,FALSE,32
3/6/2020 13:00,19,12,FALSE,31
3/6/2020 14:00,21,13,FALSE,34
3/6/2020 15:00,21,13,FALSE,34
3/6/2020 16:00,21,14,FALSE,35
3/6/2020 17:00,22,13,FALSE,35
3/6/2020 18:00,20,13,FALSE,33
3/6/2020 19:00,22,15,FALSE,37
3/6/2020 20:00,21,15,FALSE,36
3/6/2020 21:00,23,15,FALSE,38
3/6/2020 22:00,22,17,FALSE,39
3/6/2020 23:00,23,16,FALSE,39
3/7/2020 0:00,21,16,FALSE,37
3/7/2020 1:00,21,15,FALSE,36
3/7/2020 2:00,22,14,FALSE,36
3/7/2020 3:00,23,15,FALSE,38
3/7/2020 4:00,23,15,FALSE,38
3/7/2020 5:00,22,13,FALSE,35
3/7/2020 6:00,20,14,FALSE,34
3/7/2020 7:00,19,13,FALSE,32
3/7/2020 8:00,19,12,FALSE,31
3/7/2020 9:00,16,12,FALSE,28
3/7/2020 10:00,16,12,FALSE,28
3/7/2020 11:00,15,11,FALSE,26
3/7/2020 12:00,19,11,FALSE,30
3/7/2020 13:00,18,12,FALSE,30
3/7/2020 14:00,19,12,FALSE,31
3/7/2020 15:00,18,12,FALSE,30
3/7/2020 16:00,20,12,FALSE,32
3/7/2020 17:00,20,12,FALSE,32
3/7/2020 18:00,19,11,FALSE,30
3/7/2020 19:00,20,11,FALSE,31
3/7/2020 20:00,20,13,FALSE,33
3/7/2020 21:00,21,13,FALSE,34
3/7/2020 22:00,22,13,FALSE,35
3/7/2020 23:00,28,13,FALSE,41
3/8/2020 0:00,35,14,FALSE,49
3/8/2020 1:00,42,15,FALSE,57
3/8/2020 2:00,55,13,FALSE,68
3/8/2020 3:00,74,13,FALSE,87
3/8/2020 4:00,100,13,FALSE,113
3/8/2020 5:00,73,12,FALSE,85
3/8/2020 6:00,33,13,FALSE,46
3/8/2020 7:00,18,12,FALSE,30
3/8/2020 8:00,17,12,FALSE,29
3/8/2020 9:00,16,12,FALSE,28
3/8/2020 10:00,15,10,FALSE,25
3/8/2020 11:00,15,11,FALSE,26
3/8/2020 12:00,16,11,FALSE,27
3/8/2020 13:00,16,12,FALSE,28
3/8/2020 14:00,19,12,FALSE,31
3/8/2020 15:00,19,15,FALSE,34
3/8/2020 16:00,25,19,FALSE,44
3/8/2020 17:00,23,16,FALSE,39
3/8/2020 18:00,20,15,FALSE,35
3/8/2020 19:00,24,16,FALSE,40
3/8/2020 20:00,24,16,FALSE,40
3/8/2020 21:00,26,17,FALSE,43
3/8/2020 22:00,24,20,FALSE,44
3/8/2020 23:00,22,21,FALSE,43
3/9/2020 0:00,24,21,FALSE,45
3/9/2020 1:00,22,19,FALSE,41
3/9/2020 2:00,24,18,FALSE,42
3/9/2020 3:00,22,19,FALSE,41
3/9/2020 4:00,24,21,FALSE,45
3/9/2020 5:00,25,21,FALSE,46
3/9/2020 6:00,24,19,FALSE,43
3/9/2020 7:00,22,17,FALSE,39
3/9/2020 8:00,23,17,FALSE,40
3/9/2020 9:00,21,16,FALSE,37
3/9/2020 10:00,22,18,FALSE,40
3/9/2020 11:00,21,18,FALSE,39
3/9/2020 12:00,20,17,FALSE,37
3/9/2020 13:00,21,18,FALSE,39
3/9/2020 14:00,23,19,FALSE,42
3/9/2020 15:00,24,20,FALSE,44
3/9/2020 16:00,23,19,FALSE,42
3/9/2020 17:00,22,19,FALSE,41
3/9/2020 18:00,24,19,FALSE,43
3/9/2020 19:00,24,19,FALSE,43
3/9/2020 20:00,24,20,FALSE,44
3/9/2020 21:00,25,19,FALSE,44
3/9/2020 22:00,24,24,FALSE,48
3/9/2020 23:00,25,22,FALSE,47
3/10/2020 0:00,23,20,FALSE,43
3/10/2020 1:00,22,20,FALSE,42
3/10/2020 2:00,22,19,FALSE,41
3/10/2020 3:00,22,19,FALSE,41
3/10/2020 4:00,21,17,FALSE,38
3/10/2020 5:00,25,18,FALSE,43
3/10/2020 6:00,22,16,FALSE,38
3/10/2020 7:00,20,14,FALSE,34
3/10/2020 8:00,21,14,FALSE,35
3/10/2020 9:00,20,14,FALSE,34
3/10/2020 10:00,20,14,FALSE,34
3/10/2020 11:00,19,15,FALSE,34
3/10/2020 12:00,19,15,FALSE,34
3/10/2020 13:00,19,14,FALSE,33
3/10/2020 14:00,21,14,FALSE,35
3/10/2020 15:00,21,14,FALSE,35
3/10/2020 16:00,21,14,FALSE,35
3/10/2020 17:00,20,13,FALSE,33
3/10/2020 18:00,21,14,FALSE,35
3/10/2020 19:00,22,15,FALSE,37
3/10/2020 20:00,25,16,FALSE,41
3/10/2020 21:00,23,15,FALSE,38
3/10/2020 22:00,22,17,FALSE,39
3/10/2020 23:00,21,16,FALSE,37
3/11/2020 0:00,21,15,FALSE,36
3/11/2020 0:00,43,31,FALSE,74
3/11/2020 1:00,41,31,FALSE,72
3/11/2020 2:00,45,28,FALSE,73
3/11/2020 3:00,43,32,FALSE,75
3/11/2020 4:00,40,28,FALSE,68
3/11/2020 5:00,43,26,FALSE,69
3/11/2020 6:00,37,26,FALSE,63
3/11/2020 7:00,39,26,FALSE,65
3/11/2020 8:00,39,25,FALSE,64
3/11/2020 9:00,36,23,FALSE,59
3/11/2020 10:00,38,24,FALSE,62
3/11/2020 11:00,37,26,FALSE,63
3/11/2020 12:00,36,24,FALSE,60
3/11/2020 13:00,38,25,FALSE,63
3/11/2020 14:00,38,24,FALSE,62
3/11/2020 15:00,39,25,FALSE,64
3/11/2020 16:00,40,26,FALSE,66
3/11/2020 17:00,38,25,FALSE,63
3/11/2020 18:00,41,29,FALSE,70
3/11/2020 19:00,48,29,FALSE,77
3/11/2020 20:00,49,28,FALSE,77
3/11/2020 21:00,49,30,FALSE,79
3/11/2020 22:00,44,27,FALSE,71
3/11/2020 23:00,44,30,FALSE,74
3/12/2020 0:00,43,32,FALSE,75
3/12/2020 1:00,36,28,FALSE,64
3/12/2020 2:00,41,30,FALSE,71
3/12/2020 3:00,40,33,FALSE,73
3/12/2020 4:00,44,40,FALSE,84
3/12/2020 5:00,44,32,FALSE,76
3/12/2020 6:00,43,33,FALSE,76
3/12/2020 7:00,41,35,FALSE,76
3/12/2020 8:00,42,35,FALSE,77
3/12/2020 9:00,41,32,FALSE,73
3/12/2020 10:00,47,45,FALSE,92
3/12/2020 11:00,58,67,FALSE,125
3/12/2020 12:00,55,64,FALSE,119
3/12/2020 13:00,54,59,FALSE,113
3/12/2020 14:00,54,57,FALSE,111
3/12/2020 15:00,50,51,FALSE,101
3/12/2020 16:00,53,49,FALSE,102
3/12/2020 17:00,53,46,FALSE,99
3/12/2020 18:00,53,49,FALSE,102
3/12/2020 19:00,53,50,FALSE,103
3/12/2020 20:00,57,59,FALSE,116
3/12/2020 21:00,59,61,FALSE,120
3/12/2020 22:00,61,59,FALSE,120
3/12/2020 23:00,63,81,FALSE,144
3/13/2020 0:00,62,85,FALSE,147
3/13/2020 1:00,59,81,FALSE,140
3/13/2020 2:00,63,100,FALSE,163
3/13/2020 3:00,59,77,FALSE,136
3/13/2020 4:00,60,67,FALSE,127
3/13/2020 5:00,64,67,FALSE,131
3/13/2020 6:00,58,60,FALSE,118
3/13/2020 7:00,55,52,FALSE,107
3/13/2020 8:00,55,47,FALSE,102
3/13/2020 9:00,49,44,FALSE,93
3/13/2020 10:00,50,45,FALSE,95
3/13/2020 11:00,49,44,FALSE,93
3/13/2020 12:00,47,43,FALSE,90
3/13/2020 13:00,44,40,FALSE,84
3/13/2020 14:00,46,43,FALSE,89
3/13/2020 15:00,49,45,FALSE,94
3/13/2020 16:00,49,41,FALSE,90
3/13/2020 17:00,48,41,FALSE,89
3/13/2020 18:00,49,42,FALSE,91
3/13/2020 19:00,50,46,FALSE,96
3/13/2020 20:00,53,47,FALSE,100
3/13/2020 21:00,53,50,FALSE,103
3/13/2020 22:00,51,48,FALSE,99
3/13/2020 23:00,52,49,FALSE,101
3/14/2020 0:00,49,47,FALSE,96
3/14/2020 1:00,49,45,FALSE,94
3/14/2020 2:00,46,43,FALSE,89
3/14/2020 3:00,48,44,FALSE,92
3/14/2020 4:00,47,38,FALSE,85
3/14/2020 5:00,49,37,FALSE,86
3/14/2020 6:00,47,37,FALSE,84
3/14/2020 7:00,45,38,FALSE,83
3/14/2020 8:00,42,35,FALSE,77
3/14/2020 9:00,43,31,FALSE,74
3/14/2020 10:00,40,33,FALSE,73
3/14/2020 11:00,39,30,FALSE,69
3/14/2020 12:00,40,31,FALSE,71
3/14/2020 13:00,40,33,FALSE,73
3/14/2020 14:00,42,38,FALSE,80
3/14/2020 15:00,42,33,FALSE,75
3/14/2020 16:00,43,33,FALSE,76
3/14/2020 17:00,41,32,FALSE,73
3/14/2020 18:00,45,33,FALSE,78
3/14/2020 19:00,48,34,FALSE,82
3/14/2020 20:00,52,35,FALSE,87
3/14/2020 21:00,54,36,FALSE,90
3/14/2020 22:00,57,40,FALSE,97
3/14/2020 23:00,60,43,FALSE,103
3/15/2020 0:00,75,41,FALSE,116
3/15/2020 1:00,50,43,FALSE,93
3/15/2020 2:00,47,39,FALSE,86
3/15/2020 3:00,46,36,FALSE,82
3/15/2020 4:00,39,37,FALSE,76
3/15/2020 5:00,40,33,FALSE,73
3/15/2020 6:00,40,34,FALSE,74
3/15/2020 7:00,40,33,FALSE,73
3/15/2020 8:00,37,28,FALSE,65
3/15/2020 9:00,39,28,FALSE,67
3/15/2020 10:00,38,27,FALSE,65
3/15/2020 11:00,37,29,FALSE,66
3/15/2020 12:00,38,31,FALSE,69
3/15/2020 13:00,39,31,FALSE,70
3/15/2020 14:00,36,30,FALSE,66
3/15/2020 15:00,38,28,FALSE,66
3/15/2020 16:00,39,28,FALSE,67
3/15/2020 17:00,39,29,FALSE,68
3/15/2020 18:00,39,29,FALSE,68
3/15/2020 19:00,39,29,FALSE,68
3/15/2020 20:00,41,32,FALSE,73
3/15/2020 21:00,47,40,FALSE,87
3/15/2020 22:00,47,42,FALSE,89
3/15/2020 23:00,45,38,FALSE,83
3/16/2020 0:00,45,39,FALSE,84
3/16/2020 1:00,42,35,FALSE,77
3/16/2020 2:00,40,36,FALSE,76
3/16/2020 3:00,42,34,FALSE,76
3/16/2020 4:00,41,31,FALSE,72
3/16/2020 5:00,39,35,FALSE,74
3/16/2020 6:00,43,35,FALSE,78
3/16/2020 7:00,37,35,FALSE,72
3/16/2020 8:00,41,34,FALSE,75
3/16/2020 9:00,40,31,FALSE,71
3/16/2020 10:00,44,41,FALSE,85
3/16/2020 11:00,42,40,FALSE,82
3/16/2020 12:00,42,35,FALSE,77
3/16/2020 13:00,42,39,FALSE,81
3/16/2020 14:00,43,39,FALSE,82
3/16/2020 15:00,44,36,FALSE,80
3/16/2020 16:00,44,34,FALSE,78
3/16/2020 17:00,44,35,FALSE,79
3/16/2020 18:00,45,36,FALSE,81
3/16/2020 19:00,45,39,FALSE,84
3/16/2020 20:00,50,42,FALSE,92
3/16/2020 21:00,52,44,FALSE,96
3/16/2020 22:00,47,43,FALSE,90
3/16/2020 23:00,47,43,FALSE,90
3/17/2020 0:00,48,43,FALSE,91
3/17/2020 1:00,43,43,FALSE,86
3/17/2020 2:00,46,39,FALSE,85
3/17/2020 3:00,41,37,FALSE,78
3/17/2020 4:00,42,37,FALSE,79
3/17/2020 5:00,44,38,FALSE,82
3/17/2020 6:00,41,34,FALSE,75
3/17/2020 7:00,38,31,FALSE,69
3/17/2020 8:00,40,28,FALSE,68
3/17/2020 9:00,36,28,FALSE,64
3/17/2020 10:00,36,30,FALSE,66
3/17/2020 11:00,38,33,FALSE,71
3/17/2020 12:00,37,31,FALSE,68
3/17/2020 13:00,36,31,FALSE,67
3/17/2020 14:00,38,29,FALSE,67
3/17/2020 15:00,41,30,FALSE,71
3/17/2020 16:00,39,32,FALSE,71
3/17/2020 17:00,40,32,FALSE,72
3/17/2020 18:00,40,35,FALSE,75
3/17/2020 19:00,42,34,FALSE,76
3/17/2020 20:00,44,35,FALSE,79
3/17/2020 21:00,44,38,FALSE,82
3/17/2020 22:00,44,38,FALSE,82
3/17/2020 23:00,43,36,FALSE,79
3/18/2020 0:00,41,36,FALSE,77
3/18/2020 0:00,80,70,FALSE,150
3/18/2020 1:00,81,71,FALSE,152
3/18/2020 2:00,81,66,FALSE,147
3/18/2020 3:00,78,66,FALSE,144
3/18/2020 4:00,80,60,FALSE,140
3/18/2020 5:00,77,59,FALSE,136
3/18/2020 6:00,82,52,FALSE,134
3/18/2020 7:00,74,55,FALSE,129
3/18/2020 8:00,73,52,FALSE,125
3/18/2020 9:00,68,49,FALSE,117
3/18/2020 10:00,69,46,FALSE,115
3/18/2020 11:00,67,52,FALSE,119
3/18/2020 12:00,66,53,FALSE,119
3/18/2020 13:00,72,54,FALSE,126
3/18/2020 14:00,71,58,FALSE,129
3/18/2020 15:00,76,56,FALSE,132
3/18/2020 16:00,73,54,FALSE,127
3/18/2020 17:00,76,62,FALSE,138
3/18/2020 18:00,75,64,FALSE,139
3/18/2020 19:00,76,63,FALSE,139
3/18/2020 20:00,85,70,FALSE,155
3/18/2020 21:00,90,75,FALSE,165
3/18/2020 22:00,81,73,FALSE,154
3/18/2020 23:00,81,73,FALSE,154
3/19/2020 0:00,84,76,FALSE,160
3/19/2020 1:00,85,65,FALSE,150
3/19/2020 2:00,85,73,FALSE,158
3/19/2020 3:00,79,68,FALSE,147
3/19/2020 4:00,80,61,FALSE,141
3/19/2020 5:00,72,62,FALSE,134
3/19/2020 6:00,84,57,FALSE,141
3/19/2020 7:00,79,55,FALSE,134
3/19/2020 8:00,69,49,FALSE,118
3/19/2020 9:00,70,52,FALSE,122
3/19/2020 10:00,70,58,FALSE,128
3/19/2020 11:00,70,55,FALSE,125
3/19/2020 12:00,76,64,FALSE,140
3/19/2020 13:00,75,63,FALSE,138
3/19/2020 14:00,77,65,FALSE,142
3/19/2020 15:00,74,61,FALSE,135
3/19/2020 16:00,82,74,FALSE,156
3/19/2020 17:00,84,77,FALSE,161
3/19/2020 18:00,88,78,FALSE,166
3/19/2020 19:00,87,73,FALSE,160
3/19/2020 20:00,94,76,FALSE,170
3/19/2020 21:00,91,80,FALSE,171
3/19/2020 22:00,96,90,FALSE,186
3/19/2020 23:00,95,86,FALSE,181
3/20/2020 0:00,88,76,FALSE,164
3/20/2020 1:00,80,70,FALSE,150
3/20/2020 2:00,79,66,FALSE,145
3/20/2020 3:00,70,70,FALSE,140
3/20/2020 4:00,73,72,FALSE,145
3/20/2020 5:00,88,66,FALSE,154
3/20/2020 6:00,76,63,FALSE,139
3/20/2020 7:00,78,59,FALSE,137
3/20/2020 8:00,78,64,FALSE,142
3/20/2020 9:00,83,68,FALSE,151
3/20/2020 10:00,82,70,FALSE,152
3/20/2020 11:00,75,68,FALSE,143
3/20/2020 12:00,78,65,FALSE,143
3/20/2020 13:00,77,64,FALSE,141
3/20/2020 14:00,75,63,FALSE,138
3/20/2020 15:00,80,62,FALSE,142
3/20/2020 16:00,75,60,FALSE,135
3/20/2020 17:00,77,62,FALSE,139
3/20/2020 18:00,74,59,FALSE,133
3/20/2020 19:00,80,58,FALSE,138
3/20/2020 20:00,85,68,FALSE,153
3/20/2020 21:00,89,65,FALSE,154
3/20/2020 22:00,85,70,FALSE,155
3/20/2020 23:00,83,72,FALSE,155
3/21/2020 0:00,78,67,FALSE,145
3/21/2020 1:00,75,64,FALSE,139
3/21/2020 2:00,82,65,FALSE,147
3/21/2020 3:00,75,64,FALSE,139
3/21/2020 4:00,71,60,FALSE,131
3/21/2020 5:00,70,55,FALSE,125
3/21/2020 6:00,75,58,FALSE,133
3/21/2020 7:00,73,56,FALSE,129
3/21/2020 8:00,72,49,FALSE,121
3/21/2020 9:00,71,48,FALSE,119
3/21/2020 10:00,67,49,FALSE,116
3/21/2020 11:00,61,48,FALSE,109
3/21/2020 12:00,64,47,FALSE,111
3/21/2020 13:00,69,51,FALSE,120
3/21/2020 14:00,69,49,FALSE,118
3/21/2020 15:00,75,49,FALSE,124
3/21/2020 16:00,70,48,FALSE,118
3/21/2020 17:00,70,49,FALSE,119
3/21/2020 18:00,71,52,FALSE,123
3/21/2020 19:00,75,54,FALSE,129
3/21/2020 20:00,76,57,FALSE,133
3/21/2020 21:00,81,62,FALSE,143
3/21/2020 22:00,83,65,FALSE,148
3/21/2020 23:00,79,57,FALSE,136
3/22/2020 0:00,76,60,FALSE,136
3/22/2020 1:00,76,64,FALSE,140
3/22/2020 2:00,73,55,FALSE,128
3/22/2020 3:00,68,58,FALSE,126
3/22/2020 4:00,71,55,FALSE,126
3/22/2020 5:00,69,54,FALSE,123
3/22/2020 6:00,66,55,FALSE,121
3/22/2020 7:00,68,51,FALSE,119
3/22/2020 8:00,65,44,FALSE,109
3/22/2020 9:00,64,48,FALSE,112
3/22/2020 10:00,65,51,FALSE,116
3/22/2020 11:00,60,48,FALSE,108
3/22/2020 12:00,66,48,FALSE,114
3/22/2020 13:00,63,49,FALSE,112
3/22/2020 14:00,64,48,FALSE,112
3/22/2020 15:00,72,51,FALSE,123
3/22/2020 16:00,64,49,FALSE,113
3/22/2020 17:00,68,52,FALSE,120
3/22/2020 18:00,69,50,FALSE,119
3/22/2020 19:00,74,53,FALSE,127
3/22/2020 20:00,76,55,FALSE,131
3/22/2020 21:00,75,61,FALSE,136
3/22/2020 22:00,79,63,FALSE,142
3/22/2020 23:00,81,64,FALSE,145
3/23/2020 0:00,76,62,FALSE,138
3/23/2020 1:00,77,61,FALSE,138
3/23/2020 2:00,76,64,FALSE,140
3/23/2020 3:00,71,61,FALSE,132
3/23/2020 4:00,72,57,FALSE,129
3/23/2020 5:00,78,59,FALSE,137
3/23/2020 6:00,65,53,FALSE,118
3/23/2020 7:00,64,50,FALSE,114
3/23/2020 8:00,68,43,FALSE,111
3/23/2020 9:00,67,48,FALSE,115
3/23/2020 10:00,67,41,FALSE,108
3/23/2020 11:00,64,45,FALSE,109
3/23/2020 12:00,67,48,FALSE,115
3/23/2020 13:00,67,51,FALSE,118
3/23/2020 14:00,74,52,FALSE,126
3/23/2020 15:00,72,48,FALSE,120
3/23/2020 16:00,72,48,FALSE,120
3/23/2020 17:00,74,51,FALSE,125
3/23/2020 18:00,72,52,FALSE,124
3/23/2020 19:00,73,53,FALSE,126
3/23/2020 20:00,79,52,FALSE,131
3/23/2020 21:00,85,62,FALSE,147
3/23/2020 22:00,76,65,FALSE,141
3/23/2020 23:00,85,63,FALSE,148
3/24/2020 0:00,83,78,FALSE,161
3/24/2020 1:00,80,64,FALSE,144
3/24/2020 2:00,77,67,FALSE,144
3/24/2020 3:00,75,64,FALSE,139
3/24/2020 4:00,73,69,FALSE,142
3/24/2020 5:00,85,73,FALSE,158
3/24/2020 6:00,78,57,FALSE,135
3/24/2020 7:00,70,57,FALSE,127
3/24/2020 8:00,69,57,FALSE,126
3/24/2020 9:00,65,53,FALSE,118
3/24/2020 10:00,67,58,FALSE,125
3/24/2020 11:00,69,57,FALSE,126
3/24/2020 12:00,71,53,FALSE,124
3/24/2020 13:00,68,62,FALSE,130
3/24/2020 14:00,71,62,FALSE,133
3/24/2020 15:00,77,61,FALSE,138
3/24/2020 16:00,78,63,FALSE,141
3/24/2020 17:00,78,62,FALSE,140
3/24/2020 18:00,77,61,FALSE,138
3/24/2020 19:00,81,68,FALSE,149
3/24/2020 20:00,89,72,FALSE,161
3/24/2020 21:00,91,79,FALSE,170
3/24/2020 22:00,92,74,FALSE,166
3/24/2020 23:00,83,80,FALSE,163
3/25/2020 0:00,100,76,FALSE,176
3/25/2020 0:00,71,54,FALSE,125
3/25/2020 1:00,55,50,FALSE,105
3/25/2020 2:00,59,51,FALSE,110
3/25/2020 3:00,51,44,FALSE,95
3/25/2020 4:00,54,41,FALSE,95
3/25/2020 5:00,52,40,FALSE,92
3/25/2020 6:00,51,42,FALSE,93
3/25/2020 7:00,49,39,FALSE,88
3/25/2020 8:00,48,34,FALSE,82
3/25/2020 9:00,51,35,FALSE,86
3/25/2020 10:00,46,36,FALSE,82
3/25/2020 11:00,43,35,FALSE,78
3/25/2020 12:00,47,36,FALSE,83
3/25/2020 13:00,45,37,FALSE,82
3/25/2020 14:00,50,35,FALSE,85
3/25/2020 15:00,52,38,FALSE,90
3/25/2020 16:00,55,41,FALSE,96
3/25/2020 17:00,52,37,FALSE,89
3/25/2020 18:00,51,39,FALSE,90
3/25/2020 19:00,53,40,FALSE,93
3/25/2020 20:00,57,43,FALSE,100
3/25/2020 21:00,58,45,FALSE,103
3/25/2020 22:00,60,47,FALSE,107
3/25/2020 23:00,53,48,FALSE,101
3/26/2020 0:00,60,48,FALSE,108
3/26/2020 1:00,57,48,FALSE,105
3/26/2020 2:00,50,44,FALSE,94
3/26/2020 3:00,58,51,FALSE,109
3/26/2020 4:00,55,47,FALSE,102
3/26/2020 5:00,51,41,FALSE,92
3/26/2020 6:00,50,40,FALSE,90
3/26/2020 7:00,48,34,FALSE,82
3/26/2020 8:00,45,31,FALSE,76
3/26/2020 9:00,46,33,FALSE,79
3/26/2020 10:00,45,32,FALSE,77
3/26/2020 11:00,46,34,FALSE,80
3/26/2020 12:00,47,34,FALSE,81
3/26/2020 13:00,50,34,FALSE,84
3/26/2020 14:00,50,35,FALSE,85
3/26/2020 15:00,51,36,FALSE,87
3/26/2020 16:00,49,39,FALSE,88
3/26/2020 17:00,49,35,FALSE,84
3/26/2020 18:00,56,39,FALSE,95
3/26/2020 19:00,57,40,FALSE,97
3/26/2020 20:00,56,46,FALSE,102
3/26/2020 21:00,73,80,FALSE,153
3/26/2020 22:00,68,71,FALSE,139
3/26/2020 23:00,75,100,FALSE,175
3/27/2020 0:00,70,84,FALSE,154
3/27/2020 1:00,63,71,FALSE,134
3/27/2020 2:00,60,63,FALSE,123
3/27/2020 3:00,57,57,FALSE,114
3/27/2020 4:00,57,53,FALSE,110
3/27/2020 5:00,56,54,FALSE,110
3/27/2020 6:00,56,62,FALSE,118
3/27/2020 7:00,54,47,FALSE,101
3/27/2020 8:00,51,40,FALSE,91
3/27/2020 9:00,52,41,FALSE,93
3/27/2020 10:00,49,39,FALSE,88
3/27/2020 11:00,52,47,FALSE,99
3/27/2020 12:00,52,47,FALSE,99
3/27/2020 13:00,51,42,FALSE,93
3/27/2020 14:00,54,43,FALSE,97
3/27/2020 15:00,55,45,FALSE,100
3/27/2020 16:00,53,45,FALSE,98
3/27/2020 17:00,55,44,FALSE,99
3/27/2020 18:00,55,50,FALSE,105
3/27/2020 19:00,64,65,FALSE,129
3/27/2020 20:00,72,73,FALSE,145
3/27/2020 21:00,74,79,FALSE,153
3/27/2020 22:00,69,69,FALSE,138
3/27/2020 23:00,61,68,FALSE,129
3/28/2020 0:00,62,57,FALSE,119
3/28/2020 1:00,59,55,FALSE,114
3/28/2020 2:00,55,50,FALSE,105
3/28/2020 3:00,58,49,FALSE,107
3/28/2020 4:00,52,45,FALSE,97
3/28/2020 5:00,50,44,FALSE,94
3/28/2020 6:00,53,49,FALSE,102
3/28/2020 7:00,55,47,FALSE,102
3/28/2020 8:00,53,45,FALSE,98
3/28/2020 9:00,48,40,FALSE,88
3/28/2020 10:00,48,40,FALSE,88
3/28/2020 11:00,47,37,FALSE,84
3/28/2020 12:00,48,41,FALSE,89
3/28/2020 13:00,51,35,FALSE,86
3/28/2020 14:00,49,39,FALSE,88
3/28/2020 15:00,53,40,FALSE,93
3/28/2020 16:00,54,41,FALSE,95
3/28/2020 17:00,54,45,FALSE,99
3/28/2020 18:00,56,47,FALSE,103
3/28/2020 19:00,57,45,FALSE,102
3/28/2020 20:00,62,49,FALSE,111
3/28/2020 21:00,67,50,FALSE,117
3/28/2020 22:00,65,53,FALSE,118
3/28/2020 23:00,58,51,FALSE,109
3/29/2020 0:00,60,49,FALSE,109
3/29/2020 1:00,54,47,FALSE,101
3/29/2020 2:00,61,45,FALSE,106
3/29/2020 3:00,55,46,FALSE,101
3/29/2020 4:00,51,43,FALSE,94
3/29/2020 5:00,55,47,FALSE,102
3/29/2020 6:00,56,49,FALSE,105
3/29/2020 7:00,54,47,FALSE,101
3/29/2020 8:00,53,41,FALSE,94
3/29/2020 9:00,54,40,FALSE,94
3/29/2020 10:00,51,37,FALSE,88
3/29/2020 11:00,50,37,FALSE,87
3/29/2020 12:00,49,38,FALSE,87
3/29/2020 13:00,54,39,FALSE,93
3/29/2020 14:00,53,38,FALSE,91
3/29/2020 15:00,52,39,FALSE,91
3/29/2020 16:00,50,38,FALSE,88
3/29/2020 17:00,52,37,FALSE,89
3/29/2020 18:00,56,41,FALSE,97
3/29/2020 19:00,58,47,FALSE,105
3/29/2020 20:00,63,54,FALSE,117
3/29/2020 21:00,61,55,FALSE,116
3/29/2020 22:00,60,56,FALSE,116
3/29/2020 23:00,56,54,FALSE,110
3/30/2020 0:00,52,51,FALSE,103
3/30/2020 1:00,56,48,FALSE,104
3/30/2020 2:00,54,48,FALSE,102
3/30/2020 3:00,52,49,FALSE,101
3/30/2020 4:00,49,46,FALSE,95
3/30/2020 5:00,47,47,FALSE,94
3/30/2020 6:00,51,44,FALSE,95
3/30/2020 7:00,44,38,FALSE,82
3/30/2020 8:00,48,35,FALSE,83
3/30/2020 9:00,47,38,FALSE,85
3/30/2020 10:00,49,36,FALSE,85
3/30/2020 11:00,50,38,FALSE,88
3/30/2020 12:00,46,40,FALSE,86
3/30/2020 13:00,47,36,FALSE,83
3/30/2020 14:00,50,38,FALSE,88
3/30/2020 15:00,51,39,FALSE,90
3/30/2020 16:00,52,38,FALSE,90
3/30/2020 17:00,51,41,FALSE,92
3/30/2020 18:00,55,38,FALSE,93
3/30/2020 19:00,56,45,FALSE,101
3/30/2020 20:00,64,48,FALSE,112
3/30/2020 21:00,58,54,FALSE,112
3/30/2020 22:00,55,50,FALSE,105
3/30/2020 23:00,55,46,FALSE,101
3/31/2020 0:00,57,45,FALSE,102
3/31/2020 1:00,57,46,FALSE,103
3/31/2020 2:00,57,44,FALSE,101
3/31/2020 3:00,54,41,FALSE,95
3/31/2020 4:00,53,42,FALSE,95
3/31/2020 5:00,56,43,FALSE,99
3/31/2020 6:00,51,39,FALSE,90
3/31/2020 7:00,48,33,FALSE,81
3/31/2020 8:00,46,31,FALSE,77
3/31/2020 9:00,47,30,FALSE,77
3/31/2020 10:00,47,33,FALSE,80
3/31/2020 11:00,49,35,FALSE,84
3/31/2020 12:00,44,32,FALSE,76
3/31/2020 13:00,47,32,FALSE,79
3/31/2020 14:00,50,36,FALSE,86
3/31/2020 15:00,55,39,FALSE,94
3/31/2020 16:00,53,39,FALSE,92
3/31/2020 17:00,52,40,FALSE,92
3/31/2020 18:00,54,39,FALSE,93
3/31/2020 19:00,55,43,FALSE,98
3/31/2020 20:00,59,45,FALSE,104
3/31/2020 21:00,59,48,FALSE,107
3/31/2020 22:00,55,45,FALSE,100
3/31/2020 23:00,54,46,FALSE,100
4/1/2020 0:00,56,42,FALSE,98
4/1/2020 0:00,72,55,FALSE,127
4/1/2020 1:00,65,58,FALSE,123
4/1/2020 2:00,67,55,FALSE,122
4/1/2020 3:00,67,53,FALSE,120
4/1/2020 4:00,66,49,FALSE,115
4/1/2020 5:00,61,56,FALSE,117
4/1/2020 6:00,66,46,FALSE,112
4/1/2020 7:00,58,43,FALSE,101
4/1/2020 8:00,61,41,FALSE,102
4/1/2020 9:00,60,43,FALSE,103
4/1/2020 10:00,64,45,FALSE,109
4/1/2020 11:00,57,45,FALSE,102
4/1/2020 12:00,60,45,FALSE,105
4/1/2020 13:00,61,43,FALSE,104
4/1/2020 14:00,63,43,FALSE,106
4/1/2020 15:00,61,47,FALSE,108
4/1/2020 16:00,67,44,FALSE,111
4/1/2020 17:00,65,44,FALSE,109
4/1/2020 18:00,70,49,FALSE,119
4/1/2020 19:00,71,53,FALSE,124
4/1/2020 20:00,76,51,FALSE,127
4/1/2020 21:00,79,58,FALSE,137
4/1/2020 22:00,76,58,FALSE,134
4/1/2020 23:00,82,57,FALSE,139
4/2/2020 0:00,74,64,FALSE,138
4/2/2020 1:00,69,56,FALSE,125
4/2/2020 2:00,75,57,FALSE,132
4/2/2020 3:00,69,60,FALSE,129
4/2/2020 4:00,69,55,FALSE,124
4/2/2020 5:00,75,52,FALSE,127
4/2/2020 6:00,67,48,FALSE,115
4/2/2020 7:00,63,46,FALSE,109
4/2/2020 8:00,65,47,FALSE,112
4/2/2020 9:00,62,44,FALSE,106
4/2/2020 10:00,62,47,FALSE,109
4/2/2020 11:00,64,47,FALSE,111
4/2/2020 12:00,64,46,FALSE,110
4/2/2020 13:00,63,49,FALSE,112
4/2/2020 14:00,65,46,FALSE,111
4/2/2020 15:00,74,50,FALSE,124
4/2/2020 16:00,75,57,FALSE,132
4/2/2020 17:00,77,70,FALSE,147
4/2/2020 18:00,75,64,FALSE,139
4/2/2020 19:00,70,60,FALSE,130
4/2/2020 20:00,80,61,FALSE,141
4/2/2020 21:00,88,67,FALSE,155
4/2/2020 22:00,83,70,FALSE,153
4/2/2020 23:00,75,60,FALSE,135
4/3/2020 0:00,75,62,FALSE,137
4/3/2020 1:00,68,57,FALSE,125
4/3/2020 2:00,72,59,FALSE,131
4/3/2020 3:00,76,59,FALSE,135
4/3/2020 4:00,72,54,FALSE,126
4/3/2020 5:00,70,55,FALSE,125
4/3/2020 6:00,67,48,FALSE,115
4/3/2020 7:00,62,48,FALSE,110
4/3/2020 8:00,64,43,FALSE,107
4/3/2020 9:00,61,47,FALSE,108
4/3/2020 10:00,67,52,FALSE,119
4/3/2020 11:00,64,52,FALSE,116
4/3/2020 12:00,67,47,FALSE,114
4/3/2020 13:00,65,49,FALSE,114
4/3/2020 14:00,63,47,FALSE,110
4/3/2020 15:00,66,48,FALSE,114
4/3/2020 16:00,65,46,FALSE,111
4/3/2020 17:00,65,45,FALSE,110
4/3/2020 18:00,66,45,FALSE,111
4/3/2020 19:00,70,49,FALSE,119
4/3/2020 20:00,73,52,FALSE,125
4/3/2020 21:00,75,55,FALSE,130
4/3/2020 22:00,76,53,FALSE,129
4/3/2020 23:00,70,59,FALSE,129
4/4/2020 0:00,72,53,FALSE,125
4/4/2020 1:00,66,55,FALSE,121
4/4/2020 2:00,67,56,FALSE,123
4/4/2020 3:00,63,49,FALSE,112
4/4/2020 4:00,60,51,FALSE,111
4/4/2020 5:00,71,48,FALSE,119
4/4/2020 6:00,70,47,FALSE,117
4/4/2020 7:00,59,46,FALSE,105
4/4/2020 8:00,60,44,FALSE,104
4/4/2020 9:00,60,47,FALSE,107
4/4/2020 10:00,61,48,FALSE,109
4/4/2020 11:00,62,50,FALSE,112
4/4/2020 12:00,61,45,FALSE,106
4/4/2020 13:00,65,50,FALSE,115
4/4/2020 14:00,63,46,FALSE,109
4/4/2020 15:00,65,46,FALSE,111
4/4/2020 16:00,71,49,FALSE,120
4/4/2020 17:00,70,48,FALSE,118
4/4/2020 18:00,71,49,FALSE,120
4/4/2020 19:00,68,51,FALSE,119
4/4/2020 20:00,76,53,FALSE,129
4/4/2020 21:00,81,56,FALSE,137
4/4/2020 22:00,82,61,FALSE,143
4/4/2020 23:00,79,58,FALSE,137
4/5/2020 0:00,79,59,FALSE,138
4/5/2020 1:00,77,56,FALSE,133
4/5/2020 2:00,73,60,FALSE,133
4/5/2020 3:00,69,56,FALSE,125
4/5/2020 4:00,61,51,FALSE,112
4/5/2020 5:00,63,48,FALSE,111
4/5/2020 6:00,66,50,FALSE,116
4/5/2020 7:00,68,44,FALSE,112
4/5/2020 8:00,60,38,FALSE,98
4/5/2020 9:00,55,38,FALSE,93
4/5/2020 10:00,65,41,FALSE,106
4/5/2020 11:00,59,45,FALSE,104
4/5/2020 12:00,59,44,FALSE,103
4/5/2020 13:00,57,43,FALSE,100
4/5/2020 14:00,63,44,FALSE,107
4/5/2020 15:00,65,46,FALSE,111
4/5/2020 16:00,64,41,FALSE,105
4/5/2020 17:00,64,45,FALSE,109
4/5/2020 18:00,70,43,FALSE,113
4/5/2020 19:00,72,48,FALSE,120
4/5/2020 20:00,70,54,FALSE,124
4/5/2020 21:00,79,55,FALSE,134
4/5/2020 22:00,76,56,FALSE,132
4/5/2020 23:00,72,50,FALSE,122
4/6/2020 0:00,76,54,FALSE,130
4/6/2020 1:00,73,55,FALSE,128
4/6/2020 2:00,72,52,FALSE,124
4/6/2020 3:00,63,51,FALSE,114
4/6/2020 4:00,69,51,FALSE,120
4/6/2020 5:00,71,54,FALSE,125
4/6/2020 6:00,73,55,FALSE,128
4/6/2020 7:00,67,49,FALSE,116
4/6/2020 8:00,69,49,FALSE,118
4/6/2020 9:00,69,55,FALSE,124
4/6/2020 10:00,71,58,FALSE,129
4/6/2020 11:00,68,56,FALSE,124
4/6/2020 12:00,64,53,FALSE,117
4/6/2020 13:00,67,54,FALSE,121
4/6/2020 14:00,70,59,FALSE,129
4/6/2020 15:00,75,56,FALSE,131
4/6/2020 16:00,76,65,FALSE,141
4/6/2020 17:00,80,68,FALSE,148
4/6/2020 18:00,83,67,FALSE,150
4/6/2020 19:00,82,72,FALSE,154
4/6/2020 20:00,88,74,FALSE,162
4/6/2020 21:00,86,77,FALSE,163
4/6/2020 22:00,84,80,FALSE,164
4/6/2020 23:00,80,80,FALSE,160
4/7/2020 0:00,87,100,FALSE,187
4/7/2020 1:00,83,93,FALSE,176
4/7/2020 2:00,85,72,FALSE,157
4/7/2020 3:00,75,73,FALSE,148
4/7/2020 4:00,78,61,FALSE,139
4/7/2020 5:00,78,67,FALSE,145
4/7/2020 6:00,78,58,FALSE,136
4/7/2020 7:00,76,59,FALSE,135
4/7/2020 8:00,77,61,FALSE,138
4/7/2020 9:00,67,56,FALSE,123
4/7/2020 10:00,83,64,FALSE,147
4/7/2020 11:00,78,69,FALSE,147
4/7/2020 12:00,76,62,FALSE,138
4/7/2020 13:00,73,57,FALSE,130
4/7/2020 14:00,71,57,FALSE,128
4/7/2020 15:00,71,55,FALSE,126
4/7/2020 16:00,75,59,FALSE,134
4/7/2020 17:00,77,58,FALSE,135
4/7/2020 18:00,74,53,FALSE,127
4/7/2020 19:00,77,58,FALSE,135
4/7/2020 20:00,78,65,FALSE,143
4/7/2020 21:00,89,61,FALSE,150
4/7/2020 22:00,78,62,FALSE,140
4/7/2020 23:00,78,64,FALSE,142
4/8/2020 0:00,81,54,FALSE,135
4/8/2020 0:00,87,59,FALSE,146
4/8/2020 1:00,83,62,FALSE,145
4/8/2020 2:00,78,57,FALSE,135
4/8/2020 3:00,80,63,FALSE,143
4/8/2020 4:00,79,67,FALSE,146
4/8/2020 5:00,80,68,FALSE,148
4/8/2020 6:00,86,62,FALSE,148
4/8/2020 7:00,71,54,FALSE,125
4/8/2020 8:00,69,50,FALSE,119
4/8/2020 9:00,72,47,FALSE,119
4/8/2020 10:00,69,53,FALSE,122
4/8/2020 11:00,70,50,FALSE,120
4/8/2020 12:00,73,53,FALSE,126
4/8/2020 13:00,71,54,FALSE,125
4/8/2020 14:00,76,56,FALSE,132
4/8/2020 15:00,74,55,FALSE,129
4/8/2020 16:00,81,61,FALSE,142
4/8/2020 17:00,80,56,FALSE,136
4/8/2020 18:00,89,58,FALSE,147
4/8/2020 19:00,83,64,FALSE,147
4/8/2020 20:00,91,73,FALSE,164
4/8/2020 21:00,98,79,FALSE,177
4/8/2020 22:00,98,77,FALSE,175
4/8/2020 23:00,93,75,FALSE,168
4/9/2020 0:00,100,78,FALSE,178
4/9/2020 1:00,91,72,FALSE,163
4/9/2020 2:00,83,69,FALSE,152
4/9/2020 3:00,83,66,FALSE,149
4/9/2020 4:00,79,65,FALSE,144
4/9/2020 5:00,79,59,FALSE,138
4/9/2020 6:00,80,54,FALSE,134
4/9/2020 7:00,84,56,FALSE,140
4/9/2020 8:00,79,51,FALSE,130
4/9/2020 9:00,71,50,FALSE,121
4/9/2020 10:00,81,52,FALSE,133
4/9/2020 11:00,72,55,FALSE,127
4/9/2020 12:00,77,54,FALSE,131
4/9/2020 13:00,74,57,FALSE,131
4/9/2020 14:00,77,56,FALSE,133
4/9/2020 15:00,86,58,FALSE,144
4/9/2020 16:00,86,57,FALSE,143
4/9/2020 17:00,83,59,FALSE,142
4/9/2020 18:00,86,60,FALSE,146
4/9/2020 19:00,93,63,FALSE,156
4/9/2020 20:00,92,68,FALSE,160
4/9/2020 21:00,89,73,FALSE,162
4/9/2020 22:00,91,72,FALSE,163
4/9/2020 23:00,91,73,FALSE,164
4/10/2020 0:00,89,71,FALSE,160
4/10/2020 1:00,84,66,FALSE,150
4/10/2020 2:00,87,63,FALSE,150
4/10/2020 3:00,77,63,FALSE,140
4/10/2020 4:00,75,60,FALSE,135
4/10/2020 5:00,80,64,FALSE,144
4/10/2020 6:00,79,68,FALSE,147
4/10/2020 7:00,77,62,FALSE,139
4/10/2020 8:00,74,57,FALSE,131
4/10/2020 9:00,71,56,FALSE,127
4/10/2020 10:00,78,56,FALSE,134
4/10/2020 11:00,77,58,FALSE,135
4/10/2020 12:00,70,58,FALSE,128
4/10/2020 13:00,74,56,FALSE,130
4/10/2020 14:00,72,60,FALSE,132
4/10/2020 15:00,77,63,FALSE,140
4/10/2020 16:00,75,60,FALSE,135
4/10/2020 17:00,78,56,FALSE,134
4/10/2020 18:00,75,61,FALSE,136
4/10/2020 19:00,80,61,FALSE,141
4/10/2020 20:00,85,64,FALSE,149
4/10/2020 21:00,84,66,FALSE,150
4/10/2020 22:00,85,68,FALSE,153
4/10/2020 23:00,85,71,FALSE,156
4/11/2020 0:00,83,62,FALSE,145
4/11/2020 1:00,86,60,FALSE,146
4/11/2020 2:00,80,61,FALSE,141
4/11/2020 3:00,80,64,FALSE,144
4/11/2020 4:00,77,61,FALSE,138
4/11/2020 5:00,79,54,FALSE,133
4/11/2020 6:00,77,57,FALSE,134
4/11/2020 7:00,74,53,FALSE,127
4/11/2020 8:00,66,45,FALSE,111
4/11/2020 9:00,65,47,FALSE,112
4/11/2020 10:00,71,53,FALSE,124
4/11/2020 11:00,65,47,FALSE,112
4/11/2020 12:00,68,46,FALSE,114
4/11/2020 13:00,69,50,FALSE,119
4/11/2020 14:00,69,52,FALSE,121
4/11/2020 15:00,73,52,FALSE,125
4/11/2020 16:00,72,50,FALSE,122
4/11/2020 17:00,76,50,FALSE,126
4/11/2020 18:00,73,51,FALSE,124
4/11/2020 19:00,76,53,FALSE,129
4/11/2020 20:00,81,58,FALSE,139
4/11/2020 21:00,85,57,FALSE,142
4/11/2020 22:00,78,62,FALSE,140
4/11/2020 23:00,80,64,FALSE,144
4/12/2020 0:00,74,59,FALSE,133
4/12/2020 1:00,82,60,FALSE,142
4/12/2020 2:00,81,58,FALSE,139
4/12/2020 3:00,77,61,FALSE,138
4/12/2020 4:00,75,53,FALSE,128
4/12/2020 5:00,79,52,FALSE,131
4/12/2020 6:00,77,51,FALSE,128
4/12/2020 7:00,70,50,FALSE,120
4/12/2020 8:00,67,45,FALSE,112
4/12/2020 9:00,65,49,FALSE,114
4/12/2020 10:00,71,54,FALSE,125
4/12/2020 11:00,70,51,FALSE,121
4/12/2020 12:00,73,47,FALSE,120
4/12/2020 13:00,67,54,FALSE,121
4/12/2020 14:00,72,53,FALSE,125
4/12/2020 15:00,78,54,FALSE,132
4/12/2020 16:00,71,57,FALSE,128
4/12/2020 17:00,77,57,FALSE,134
4/12/2020 18:00,77,61,FALSE,138
4/12/2020 19:00,79,58,FALSE,137
4/12/2020 20:00,85,66,FALSE,151
4/12/2020 21:00,88,64,FALSE,152
4/12/2020 22:00,87,67,FALSE,154
4/12/2020 23:00,80,67,FALSE,147
4/13/2020 0:00,77,73,FALSE,150
4/13/2020 1:00,80,63,FALSE,143
4/13/2020 2:00,78,61,FALSE,139
4/13/2020 3:00,76,62,FALSE,138
4/13/2020 4:00,70,59,FALSE,129
4/13/2020 5:00,69,57,FALSE,126
4/13/2020 6:00,77,53,FALSE,130
4/13/2020 7:00,76,54,FALSE,130
4/13/2020 8:00,74,47,FALSE,121
4/13/2020 9:00,73,51,FALSE,124
4/13/2020 10:00,76,48,FALSE,124
4/13/2020 11:00,65,46,FALSE,111
4/13/2020 12:00,70,50,FALSE,120
4/13/2020 13:00,66,51,FALSE,117
4/13/2020 14:00,74,51,FALSE,125
4/13/2020 15:00,73,50,FALSE,123
4/13/2020 16:00,68,51,FALSE,119
4/13/2020 17:00,75,50,FALSE,125
4/13/2020 18:00,78,56,FALSE,134
4/13/2020 19:00,77,57,FALSE,134
4/13/2020 20:00,86,66,FALSE,152
4/13/2020 21:00,85,66,FALSE,151
4/13/2020 22:00,80,68,FALSE,148
4/13/2020 23:00,80,66,FALSE,146
4/14/2020 0:00,86,61,FALSE,147
4/14/2020 1:00,79,62,FALSE,141
4/14/2020 2:00,76,60,FALSE,136
4/14/2020 3:00,73,62,FALSE,135
4/14/2020 4:00,79,57,FALSE,136
4/14/2020 5:00,78,58,FALSE,136
4/14/2020 6:00,76,52,FALSE,128
4/14/2020 7:00,67,47,FALSE,114
4/14/2020 8:00,69,46,FALSE,115
4/14/2020 9:00,68,45,FALSE,113
4/14/2020 10:00,66,45,FALSE,111
4/14/2020 11:00,65,48,FALSE,113
4/14/2020 12:00,69,50,FALSE,119
4/14/2020 13:00,72,48,FALSE,120
4/14/2020 14:00,73,51,FALSE,124
4/14/2020 15:00,73,46,FALSE,119
4/14/2020 16:00,70,49,FALSE,119
4/14/2020 17:00,74,51,FALSE,125
4/14/2020 18:00,76,56,FALSE,132
4/14/2020 19:00,85,57,FALSE,142
4/14/2020 20:00,84,61,FALSE,145
4/14/2020 21:00,85,63,FALSE,148
4/14/2020 22:00,81,64,FALSE,145
4/14/2020 23:00,80,63,FALSE,143
4/15/2020 0:00,76,60,FALSE,136
4/15/2020 0:00,78,61,FALSE,139
4/15/2020 1:00,83,61,FALSE,144
4/15/2020 2:00,78,57,FALSE,135
4/15/2020 3:00,78,61,FALSE,139
4/15/2020 4:00,77,58,FALSE,135
4/15/2020 5:00,74,54,FALSE,128
4/15/2020 6:00,73,52,FALSE,125
4/15/2020 7:00,69,48,FALSE,117
4/15/2020 8:00,70,43,FALSE,113
4/15/2020 9:00,68,42,FALSE,110
4/15/2020 10:00,65,49,FALSE,114
4/15/2020 11:00,67,49,FALSE,116
4/15/2020 12:00,64,46,FALSE,110
4/15/2020 13:00,71,49,FALSE,120
4/15/2020 14:00,71,53,FALSE,124
4/15/2020 15:00,71,48,FALSE,119
4/15/2020 16:00,73,50,FALSE,123
4/15/2020 17:00,77,48,FALSE,125
4/15/2020 18:00,78,53,FALSE,131
4/15/2020 19:00,82,59,FALSE,141
4/15/2020 20:00,85,60,FALSE,145
4/15/2020 21:00,88,65,FALSE,153
4/15/2020 22:00,82,68,FALSE,150
4/15/2020 23:00,83,65,FALSE,148
4/16/2020 0:00,83,72,FALSE,155
4/16/2020 1:00,84,67,FALSE,151
4/16/2020 2:00,82,61,FALSE,143
4/16/2020 3:00,76,60,FALSE,136
4/16/2020 4:00,81,66,FALSE,147
4/16/2020 5:00,74,52,FALSE,126
4/16/2020 6:00,76,50,FALSE,126
4/16/2020 7:00,73,47,FALSE,120
4/16/2020 8:00,82,48,FALSE,130
4/16/2020 9:00,71,51,FALSE,122
4/16/2020 10:00,71,48,FALSE,119
4/16/2020 11:00,69,50,FALSE,119
4/16/2020 12:00,69,49,FALSE,118
4/16/2020 13:00,76,51,FALSE,127
4/16/2020 14:00,77,49,FALSE,126
4/16/2020 15:00,75,53,FALSE,128
4/16/2020 16:00,77,50,FALSE,127
4/16/2020 17:00,79,53,FALSE,132
4/16/2020 18:00,79,51,FALSE,130
4/16/2020 19:00,83,58,FALSE,141
4/16/2020 20:00,90,62,FALSE,152
4/16/2020 21:00,85,63,FALSE,148
4/16/2020 22:00,84,72,FALSE,156
4/16/2020 23:00,88,72,FALSE,160
4/17/2020 0:00,84,66,FALSE,150
4/17/2020 1:00,81,67,FALSE,148
4/17/2020 2:00,85,68,FALSE,153
4/17/2020 3:00,81,57,FALSE,138
4/17/2020 4:00,79,58,FALSE,137
4/17/2020 5:00,76,54,FALSE,130
4/17/2020 6:00,74,51,FALSE,125
4/17/2020 7:00,68,47,FALSE,115
4/17/2020 8:00,74,45,FALSE,119
4/17/2020 9:00,64,51,FALSE,115
4/17/2020 10:00,67,49,FALSE,116
4/17/2020 11:00,72,47,FALSE,119
4/17/2020 12:00,68,47,FALSE,115
4/17/2020 13:00,74,48,FALSE,122
4/17/2020 14:00,73,51,FALSE,124
4/17/2020 15:00,72,48,FALSE,120
4/17/2020 16:00,74,50,FALSE,124
4/17/2020 17:00,73,48,FALSE,121
4/17/2020 18:00,81,49,FALSE,130
4/17/2020 19:00,88,54,FALSE,142
4/17/2020 20:00,86,58,FALSE,144
4/17/2020 21:00,90,62,FALSE,152
4/17/2020 22:00,89,61,FALSE,150
4/17/2020 23:00,84,63,FALSE,147
4/18/2020 0:00,82,66,FALSE,148
4/18/2020 1:00,79,56,FALSE,135
4/18/2020 2:00,80,61,FALSE,141
4/18/2020 3:00,75,60,FALSE,135
4/18/2020 4:00,82,62,FALSE,144
4/18/2020 5:00,81,59,FALSE,140
4/18/2020 6:00,79,59,FALSE,138
4/18/2020 7:00,68,52,FALSE,120
4/18/2020 8:00,72,51,FALSE,123
4/18/2020 9:00,70,49,FALSE,119
4/18/2020 10:00,69,51,FALSE,120
4/18/2020 11:00,71,51,FALSE,122
4/18/2020 12:00,71,47,FALSE,118
4/18/2020 13:00,75,57,FALSE,132
4/18/2020 14:00,78,53,FALSE,131
4/18/2020 15:00,76,53,FALSE,129
4/18/2020 16:00,72,51,FALSE,123
4/18/2020 17:00,77,53,FALSE,130
4/18/2020 18:00,78,50,FALSE,128
4/18/2020 19:00,73,54,FALSE,127
4/18/2020 20:00,82,59,FALSE,141
4/18/2020 21:00,87,62,FALSE,149
4/18/2020 22:00,94,71,FALSE,165
4/18/2020 23:00,90,72,FALSE,162
4/19/2020 0:00,88,68,FALSE,156
4/19/2020 1:00,80,62,FALSE,142
4/19/2020 2:00,83,65,FALSE,148
4/19/2020 3:00,79,58,FALSE,137
4/19/2020 4:00,79,63,FALSE,142
4/19/2020 5:00,72,61,FALSE,133
4/19/2020 6:00,81,56,FALSE,137
4/19/2020 7:00,69,51,FALSE,120
4/19/2020 8:00,68,52,FALSE,120
4/19/2020 9:00,70,49,FALSE,119
4/19/2020 10:00,67,47,FALSE,114
4/19/2020 11:00,70,46,FALSE,116
4/19/2020 12:00,73,48,FALSE,121
4/19/2020 13:00,75,51,FALSE,126
4/19/2020 14:00,68,50,FALSE,118
4/19/2020 15:00,72,49,FALSE,121
4/19/2020 16:00,67,46,FALSE,113
4/19/2020 17:00,69,49,FALSE,118
4/19/2020 18:00,79,52,FALSE,131
4/19/2020 19:00,79,54,FALSE,133
4/19/2020 20:00,81,58,FALSE,139
4/19/2020 21:00,90,62,FALSE,152
4/19/2020 22:00,82,65,FALSE,147
4/19/2020 23:00,81,63,FALSE,144
4/20/2020 0:00,81,65,FALSE,146
4/20/2020 1:00,80,56,FALSE,136
4/20/2020 2:00,80,56,FALSE,136
4/20/2020 3:00,72,55,FALSE,127
4/20/2020 4:00,79,59,FALSE,138
4/20/2020 5:00,80,57,FALSE,137
4/20/2020 6:00,77,50,FALSE,127
4/20/2020 7:00,70,48,FALSE,118
4/20/2020 8:00,61,43,FALSE,104
4/20/2020 9:00,63,41,FALSE,104
4/20/2020 10:00,69,44,FALSE,113
4/20/2020 11:00,66,47,FALSE,113
4/20/2020 12:00,68,46,FALSE,114
4/20/2020 13:00,69,48,FALSE,117
4/20/2020 14:00,70,51,FALSE,121
4/20/2020 15:00,75,51,FALSE,126
4/20/2020 16:00,73,48,FALSE,121
4/20/2020 17:00,75,53,FALSE,128
4/20/2020 18:00,79,57,FALSE,136
4/20/2020 19:00,86,67,FALSE,153
4/20/2020 20:00,89,70,FALSE,159
4/20/2020 21:00,92,74,FALSE,166
4/20/2020 22:00,89,68,FALSE,157
4/20/2020 23:00,83,69,FALSE,152
4/21/2020 0:00,87,73,FALSE,160
4/21/2020 1:00,81,59,FALSE,140
4/21/2020 2:00,80,56,FALSE,136
4/21/2020 3:00,82,59,FALSE,141
4/21/2020 4:00,83,60,FALSE,143
4/21/2020 5:00,82,59,FALSE,141
4/21/2020 6:00,83,57,FALSE,140
4/21/2020 7:00,69,46,FALSE,115
4/21/2020 8:00,67,44,FALSE,111
4/21/2020 9:00,73,42,FALSE,115
4/21/2020 10:00,68,47,FALSE,115
4/21/2020 11:00,69,49,FALSE,118
4/21/2020 12:00,68,47,FALSE,115
4/21/2020 13:00,71,48,FALSE,119
4/21/2020 14:00,76,48,FALSE,124
4/21/2020 15:00,75,49,FALSE,124
4/21/2020 16:00,74,46,FALSE,120
4/21/2020 17:00,78,51,FALSE,129
4/21/2020 18:00,84,50,FALSE,134
4/21/2020 19:00,81,52,FALSE,133
4/21/2020 20:00,93,58,FALSE,151
4/21/2020 21:00,100,63,FALSE,163
4/21/2020 22:00,89,66,FALSE,155
4/21/2020 23:00,88,63,FALSE,151
4/22/2020 0:00,83,63,FALSE,146
4/22/2020 0:00,52,40,FALSE,92
4/22/2020 1:00,52,36,FALSE,88
4/22/2020 2:00,50,35,FALSE,85
4/22/2020 3:00,52,35,FALSE,87
4/22/2020 4:00,46,32,FALSE,78
4/22/2020 5:00,48,32,FALSE,80
4/22/2020 6:00,51,26,FALSE,77
4/22/2020 7:00,46,26,FALSE,72
4/22/2020 8:00,46,27,FALSE,73
4/22/2020 9:00,43,24,FALSE,67
4/22/2020 10:00,43,28,FALSE,71
4/22/2020 11:00,44,28,FALSE,72
4/22/2020 12:00,41,30,FALSE,71
4/22/2020 13:00,44,32,FALSE,76
4/22/2020 14:00,47,31,FALSE,78
4/22/2020 15:00,50,31,FALSE,81
4/22/2020 16:00,46,28,FALSE,74
4/22/2020 17:00,48,31,FALSE,79
4/22/2020 18:00,52,30,FALSE,82
4/22/2020 19:00,50,31,FALSE,81
4/22/2020 20:00,55,36,FALSE,91
4/22/2020 21:00,56,37,FALSE,93
4/22/2020 22:00,54,38,FALSE,92
4/22/2020 23:00,55,39,FALSE,94
4/23/2020 0:00,54,39,FALSE,93
4/23/2020 1:00,53,40,FALSE,93
4/23/2020 2:00,54,37,FALSE,91
4/23/2020 3:00,52,36,FALSE,88
4/23/2020 4:00,47,32,FALSE,79
4/23/2020 5:00,51,31,FALSE,82
4/23/2020 6:00,48,28,FALSE,76
4/23/2020 7:00,43,26,FALSE,69
4/23/2020 8:00,44,27,FALSE,71
4/23/2020 9:00,41,27,FALSE,68
4/23/2020 10:00,43,27,FALSE,70
4/23/2020 11:00,46,26,FALSE,72
4/23/2020 12:00,42,26,FALSE,68
4/23/2020 13:00,49,36,FALSE,85
4/23/2020 14:00,52,40,FALSE,92
4/23/2020 15:00,52,36,FALSE,88
4/23/2020 16:00,50,38,FALSE,88
4/23/2020 17:00,51,36,FALSE,87
4/23/2020 18:00,52,37,FALSE,89
4/23/2020 19:00,53,40,FALSE,93
4/23/2020 20:00,58,42,FALSE,100
4/23/2020 21:00,55,44,FALSE,99
4/23/2020 22:00,56,44,FALSE,100
4/23/2020 23:00,54,40,FALSE,94
4/24/2020 0:00,54,41,FALSE,95
4/24/2020 1:00,48,36,FALSE,84
4/24/2020 2:00,52,38,FALSE,90
4/24/2020 3:00,50,38,FALSE,88
4/24/2020 4:00,49,37,FALSE,86
4/24/2020 5:00,51,35,FALSE,86
4/24/2020 6:00,47,33,FALSE,80
4/24/2020 7:00,45,32,FALSE,77
4/24/2020 8:00,46,30,FALSE,76
4/24/2020 9:00,46,28,FALSE,74
4/24/2020 10:00,46,30,FALSE,76
4/24/2020 11:00,46,32,FALSE,78
4/24/2020 12:00,47,29,FALSE,76
4/24/2020 13:00,43,32,FALSE,75
4/24/2020 14:00,46,30,FALSE,76
4/24/2020 15:00,47,30,FALSE,77
4/24/2020 16:00,47,29,FALSE,76
4/24/2020 17:00,48,31,FALSE,79
4/24/2020 18:00,49,31,FALSE,80
4/24/2020 19:00,52,33,FALSE,85
4/24/2020 20:00,51,36,FALSE,87
4/24/2020 21:00,60,37,FALSE,97
4/24/2020 22:00,56,35,FALSE,91
4/24/2020 23:00,56,38,FALSE,94
4/25/2020 0:00,52,35,FALSE,87
4/25/2020 1:00,49,36,FALSE,85
4/25/2020 2:00,47,36,FALSE,83
4/25/2020 3:00,52,34,FALSE,86
4/25/2020 4:00,50,35,FALSE,85
4/25/2020 5:00,51,36,FALSE,87
4/25/2020 6:00,48,34,FALSE,82
4/25/2020 7:00,49,36,FALSE,85
4/25/2020 8:00,44,35,FALSE,79
4/25/2020 9:00,45,32,FALSE,77
4/25/2020 10:00,47,32,FALSE,79
4/25/2020 11:00,46,35,FALSE,81
4/25/2020 12:00,44,34,FALSE,78
4/25/2020 13:00,47,35,FALSE,82
4/25/2020 14:00,46,35,FALSE,81
4/25/2020 15:00,47,34,FALSE,81
4/25/2020 16:00,48,34,FALSE,82
4/25/2020 17:00,48,33,FALSE,81
4/25/2020 18:00,47,32,FALSE,79
4/25/2020 19:00,51,34,FALSE,85
4/25/2020 20:00,52,36,FALSE,88
4/25/2020 21:00,56,37,FALSE,93
4/25/2020 22:00,56,40,FALSE,96
4/25/2020 23:00,51,39,FALSE,90
4/26/2020 0:00,53,39,FALSE,92
4/26/2020 1:00,50,38,FALSE,88
4/26/2020 2:00,49,37,FALSE,86
4/26/2020 3:00,60,37,FALSE,97
4/26/2020 4:00,50,39,FALSE,89
4/26/2020 5:00,45,37,FALSE,82
4/26/2020 6:00,49,34,FALSE,83
4/26/2020 7:00,47,36,FALSE,83
4/26/2020 8:00,46,34,FALSE,80
4/26/2020 9:00,43,31,FALSE,74
4/26/2020 10:00,46,30,FALSE,76
4/26/2020 11:00,46,36,FALSE,82
4/26/2020 12:00,42,35,FALSE,77
4/26/2020 13:00,46,34,FALSE,80
4/26/2020 14:00,47,35,FALSE,82
4/26/2020 15:00,48,33,FALSE,81
4/26/2020 16:00,48,33,FALSE,81
4/26/2020 17:00,47,31,FALSE,78
4/26/2020 18:00,52,36,FALSE,88
4/26/2020 19:00,52,36,FALSE,88
4/26/2020 20:00,53,39,FALSE,92
4/26/2020 21:00,57,41,FALSE,98
4/26/2020 22:00,55,43,FALSE,98
4/26/2020 23:00,56,45,FALSE,101
4/27/2020 0:00,56,44,FALSE,100
4/27/2020 1:00,56,45,FALSE,101
4/27/2020 2:00,53,44,FALSE,97
4/27/2020 3:00,49,43,FALSE,92
4/27/2020 4:00,50,41,FALSE,91
4/27/2020 5:00,52,37,FALSE,89
4/27/2020 6:00,45,32,FALSE,77
4/27/2020 7:00,44,31,FALSE,75
4/27/2020 8:00,44,28,FALSE,72
4/27/2020 9:00,43,31,FALSE,74
4/27/2020 10:00,45,32,FALSE,77
4/27/2020 11:00,44,35,FALSE,79
4/27/2020 12:00,45,32,FALSE,77
4/27/2020 13:00,45,31,FALSE,76
4/27/2020 14:00,46,31,FALSE,77
4/27/2020 15:00,45,32,FALSE,77
4/27/2020 16:00,47,32,FALSE,79
4/27/2020 17:00,44,29,FALSE,73
4/27/2020 18:00,48,32,FALSE,80
4/27/2020 19:00,52,37,FALSE,89
4/27/2020 20:00,55,40,FALSE,95
4/27/2020 21:00,55,40,FALSE,95
4/27/2020 22:00,56,44,FALSE,100
4/27/2020 23:00,56,44,FALSE,100
4/28/2020 0:00,51,38,FALSE,89
4/28/2020 1:00,49,39,FALSE,88
4/28/2020 2:00,50,35,FALSE,85
4/28/2020 3:00,51,41,FALSE,92
4/28/2020 4:00,54,39,FALSE,93
4/28/2020 5:00,50,34,FALSE,84
4/28/2020 6:00,46,29,FALSE,75
4/28/2020 7:00,47,28,FALSE,75
4/28/2020 8:00,48,29,FALSE,77
4/28/2020 9:00,50,38,FALSE,88
4/28/2020 10:00,64,66,FALSE,130
4/28/2020 11:00,59,64,FALSE,123
4/28/2020 12:00,55,56,FALSE,111
4/28/2020 13:00,56,54,FALSE,110
4/28/2020 14:00,53,47,FALSE,100
4/28/2020 15:00,56,47,FALSE,103
4/28/2020 16:00,55,47,FALSE,102
4/28/2020 17:00,56,45,FALSE,101
4/28/2020 18:00,68,69,FALSE,137
4/28/2020 19:00,72,72,FALSE,144
4/28/2020 20:00,73,69,FALSE,142
4/28/2020 21:00,70,71,FALSE,141
4/28/2020 22:00,70,77,FALSE,147
4/28/2020 23:00,73,100,FALSE,173
4/29/2020 0:00,59,74,FALSE,133
4/29/2020 0:00,72,90,FALSE,162
4/29/2020 1:00,71,80,FALSE,151
4/29/2020 2:00,79,81,FALSE,160
4/29/2020 3:00,74,73,FALSE,147
4/29/2020 4:00,72,75,FALSE,147
4/29/2020 5:00,73,73,FALSE,146
4/29/2020 6:00,69,69,FALSE,138
4/29/2020 7:00,72,61,FALSE,133
4/29/2020 8:00,65,52,FALSE,117
4/29/2020 9:00,65,55,FALSE,120
4/29/2020 10:00,74,65,FALSE,139
4/29/2020 11:00,75,72,FALSE,147
4/29/2020 12:00,74,75,FALSE,149
4/29/2020 13:00,74,76,FALSE,150
4/29/2020 14:00,72,70,FALSE,142
4/29/2020 15:00,76,69,FALSE,145
4/29/2020 16:00,80,82,FALSE,162
4/29/2020 17:00,87,91,FALSE,178
4/29/2020 18:00,84,85,FALSE,169
4/29/2020 19:00,87,79,FALSE,166
4/29/2020 20:00,92,87,FALSE,179
4/29/2020 21:00,94,91,FALSE,185
4/29/2020 22:00,83,87,FALSE,170
4/29/2020 23:00,79,83,FALSE,162
4/30/2020 0:00,76,79,FALSE,155
4/30/2020 1:00,78,82,FALSE,160
4/30/2020 2:00,77,76,FALSE,153
4/30/2020 3:00,92,98,FALSE,190
4/30/2020 4:00,88,98,FALSE,186
4/30/2020 5:00,100,86,FALSE,186
4/30/2020 6:00,95,86,FALSE,181
4/30/2020 7:00,82,70,FALSE,152
4/30/2020 8:00,74,59,FALSE,133
4/30/2020 9:00,78,63,FALSE,141
4/30/2020 10:00,72,59,FALSE,131
4/30/2020 11:00,71,65,FALSE,136
4/30/2020 12:00,71,60,FALSE,131
4/30/2020 13:00,68,55,FALSE,123
4/30/2020 14:00,71,56,FALSE,127
4/30/2020 15:00,71,59,FALSE,130
4/30/2020 16:00,72,54,FALSE,126
4/30/2020 17:00,69,55,FALSE,124
4/30/2020 18:00,70,54,FALSE,124
4/30/2020 19:00,73,59,FALSE,132
4/30/2020 20:00,77,61,FALSE,138
4/30/2020 21:00,80,65,FALSE,145
4/30/2020 22:00,75,62,FALSE,137
4/30/2020 23:00,75,62,FALSE,137
5/1/2020 0:00,74,60,FALSE,134
5/1/2020 1:00,74,59,FALSE,133
5/1/2020 2:00,69,60,FALSE,129
5/1/2020 3:00,69,64,FALSE,133
5/1/2020 4:00,71,59,FALSE,130
5/1/2020 5:00,71,60,FALSE,131
5/1/2020 6:00,67,55,FALSE,122
5/1/2020 7:00,66,49,FALSE,115
5/1/2020 8:00,66,45,FALSE,111
5/1/2020 9:00,60,49,FALSE,109
5/1/2020 10:00,68,56,FALSE,124
5/1/2020 11:00,68,57,FALSE,125
5/1/2020 12:00,66,58,FALSE,124
5/1/2020 13:00,66,54,FALSE,120
5/1/2020 14:00,63,48,FALSE,111
5/1/2020 15:00,69,52,FALSE,121
5/1/2020 16:00,68,53,FALSE,121
5/1/2020 17:00,69,50,FALSE,119
5/1/2020 18:00,67,52,FALSE,119
5/1/2020 19:00,69,49,FALSE,118
5/1/2020 20:00,73,54,FALSE,127
5/1/2020 21:00,75,55,FALSE,130
5/1/2020 22:00,81,62,FALSE,143
5/1/2020 23:00,76,58,FALSE,134
5/2/2020 0:00,74,59,FALSE,133
5/2/2020 1:00,71,58,FALSE,129
5/2/2020 2:00,64,52,FALSE,116
5/2/2020 3:00,66,58,FALSE,124
5/2/2020 4:00,67,56,FALSE,123
5/2/2020 5:00,63,49,FALSE,112
5/2/2020 6:00,63,46,FALSE,109
5/2/2020 7:00,59,46,FALSE,105
5/2/2020 8:00,61,45,FALSE,106
5/2/2020 9:00,58,44,FALSE,102
5/2/2020 10:00,63,45,FALSE,108
5/2/2020 11:00,62,46,FALSE,108
5/2/2020 12:00,61,47,FALSE,108
5/2/2020 13:00,67,45,FALSE,112
5/2/2020 14:00,68,50,FALSE,118
5/2/2020 15:00,64,48,FALSE,112
5/2/2020 16:00,65,47,FALSE,112
5/2/2020 17:00,69,53,FALSE,122
5/2/2020 18:00,67,49,FALSE,116
5/2/2020 19:00,67,49,FALSE,116
5/2/2020 20:00,72,56,FALSE,128
5/2/2020 21:00,73,57,FALSE,130
5/2/2020 22:00,78,56,FALSE,134
5/2/2020 23:00,72,60,FALSE,132
5/3/2020 0:00,79,66,FALSE,145
5/3/2020 1:00,75,65,FALSE,140
5/3/2020 2:00,69,61,FALSE,130
5/3/2020 3:00,69,64,FALSE,133
5/3/2020 4:00,66,58,FALSE,124
5/3/2020 5:00,65,57,FALSE,122
5/3/2020 6:00,67,47,FALSE,114
5/3/2020 7:00,61,51,FALSE,112
5/3/2020 8:00,68,43,FALSE,111
5/3/2020 9:00,61,50,FALSE,111
5/3/2020 10:00,69,49,FALSE,118
5/3/2020 11:00,64,46,FALSE,110
5/3/2020 12:00,67,48,FALSE,115
5/3/2020 13:00,64,46,FALSE,110
5/3/2020 14:00,64,46,FALSE,110
5/3/2020 15:00,66,42,FALSE,108
5/3/2020 16:00,68,43,FALSE,111
5/3/2020 17:00,67,45,FALSE,112
5/3/2020 18:00,68,42,FALSE,110
5/3/2020 19:00,71,48,FALSE,119
5/3/2020 20:00,73,50,FALSE,123
5/3/2020 21:00,76,52,FALSE,128
5/3/2020 22:00,76,53,FALSE,129
5/3/2020 23:00,74,56,FALSE,130
5/4/2020 0:00,73,51,FALSE,124
5/4/2020 1:00,68,50,FALSE,118
5/4/2020 2:00,67,52,FALSE,119
5/4/2020 3:00,67,48,FALSE,115
5/4/2020 4:00,66,51,FALSE,117
5/4/2020 5:00,65,46,FALSE,111
5/4/2020 6:00,59,44,FALSE,103
5/4/2020 7:00,55,40,FALSE,95
5/4/2020 8:00,55,34,FALSE,89
5/4/2020 9:00,55,37,FALSE,92
5/4/2020 10:00,58,39,FALSE,97
5/4/2020 11:00,55,43,FALSE,98
5/4/2020 12:00,59,40,FALSE,99
5/4/2020 13:00,56,42,FALSE,98
5/4/2020 14:00,63,45,FALSE,108
5/4/2020 15:00,64,41,FALSE,105
5/4/2020 16:00,61,44,FALSE,105
5/4/2020 17:00,65,44,FALSE,109
5/4/2020 18:00,67,42,FALSE,109
5/4/2020 19:00,68,47,FALSE,115
5/4/2020 20:00,70,50,FALSE,120
5/4/2020 21:00,71,54,FALSE,125
5/4/2020 22:00,72,55,FALSE,127
5/4/2020 23:00,66,50,FALSE,116
5/5/2020 0:00,66,52,FALSE,118
5/5/2020 1:00,67,53,FALSE,120
5/5/2020 2:00,68,55,FALSE,123
5/5/2020 3:00,68,53,FALSE,121
5/5/2020 4:00,65,51,FALSE,116
5/5/2020 5:00,68,54,FALSE,122
5/5/2020 6:00,64,45,FALSE,109
5/5/2020 7:00,61,41,FALSE,102
5/5/2020 8:00,57,37,FALSE,94
5/5/2020 9:00,56,38,FALSE,94
5/5/2020 10:00,61,40,FALSE,101
5/5/2020 11:00,60,40,FALSE,100
5/5/2020 12:00,57,38,FALSE,95
5/5/2020 13:00,60,43,FALSE,103
5/5/2020 14:00,60,39,FALSE,99
5/5/2020 15:00,66,41,FALSE,107
5/5/2020 16:00,66,40,FALSE,106
5/5/2020 17:00,67,41,FALSE,108
5/5/2020 18:00,72,44,FALSE,116
5/5/2020 19:00,73,47,FALSE,120
5/5/2020 20:00,81,50,FALSE,131
5/5/2020 21:00,80,49,FALSE,129
5/5/2020 22:00,78,52,FALSE,130
5/5/2020 23:00,69,53,FALSE,122
5/6/2020 0:00,70,52,FALSE,122
5/6/2020 0:00,25,18,FALSE,43
5/6/2020 1:00,23,16,FALSE,39
5/6/2020 2:00,25,16,FALSE,41
5/6/2020 3:00,23,17,FALSE,40
5/6/2020 4:00,24,18,FALSE,42
5/6/2020 5:00,25,16,FALSE,41
5/6/2020 6:00,23,15,FALSE,38
5/6/2020 7:00,22,14,FALSE,36
5/6/2020 8:00,21,14,FALSE,35
5/6/2020 9:00,23,14,FALSE,37
5/6/2020 10:00,23,16,FALSE,39
5/6/2020 11:00,21,16,FALSE,37
5/6/2020 12:00,22,17,FALSE,39
5/6/2020 13:00,23,16,FALSE,39
5/6/2020 14:00,23,16,FALSE,39
5/6/2020 15:00,23,16,FALSE,39
5/6/2020 16:00,24,16,FALSE,40
5/6/2020 17:00,23,17,FALSE,40
5/6/2020 18:00,24,17,FALSE,41
5/6/2020 19:00,25,18,FALSE,43
5/6/2020 20:00,27,19,FALSE,46
5/6/2020 21:00,26,20,FALSE,46
5/6/2020 22:00,25,21,FALSE,46
5/6/2020 23:00,25,21,FALSE,46
5/7/2020 0:00,27,19,FALSE,46
5/7/2020 1:00,24,20,FALSE,44
5/7/2020 2:00,26,20,FALSE,46
5/7/2020 3:00,25,19,FALSE,44
5/7/2020 4:00,25,18,FALSE,43
5/7/2020 5:00,25,18,FALSE,43
5/7/2020 6:00,22,15,FALSE,37
5/7/2020 7:00,22,15,FALSE,37
5/7/2020 8:00,22,14,FALSE,36
5/7/2020 9:00,22,15,FALSE,37
5/7/2020 10:00,22,16,FALSE,38
5/7/2020 11:00,22,17,FALSE,39
5/7/2020 12:00,21,16,FALSE,37
5/7/2020 13:00,25,18,FALSE,43
5/7/2020 14:00,24,16,FALSE,40
5/7/2020 15:00,24,17,FALSE,41
5/7/2020 16:00,25,18,FALSE,43
5/7/2020 17:00,26,19,FALSE,45
5/7/2020 18:00,26,19,FALSE,45
5/7/2020 19:00,27,22,FALSE,49
5/7/2020 20:00,28,21,FALSE,49
5/7/2020 21:00,29,24,FALSE,53
5/7/2020 22:00,27,23,FALSE,50
5/7/2020 23:00,27,24,FALSE,51
5/8/2020 0:00,27,25,FALSE,52
5/8/2020 1:00,28,26,FALSE,54
5/8/2020 2:00,26,22,FALSE,48
5/8/2020 3:00,26,22,FALSE,48
5/8/2020 4:00,26,22,FALSE,48
5/8/2020 5:00,26,20,FALSE,46
5/8/2020 6:00,26,19,FALSE,45
5/8/2020 7:00,25,17,FALSE,42
5/8/2020 8:00,21,16,FALSE,37
5/8/2020 9:00,23,17,FALSE,40
5/8/2020 10:00,23,16,FALSE,39
5/8/2020 11:00,23,17,FALSE,40
5/8/2020 12:00,24,16,FALSE,40
5/8/2020 13:00,22,18,FALSE,40
5/8/2020 14:00,23,17,FALSE,40
5/8/2020 15:00,25,19,FALSE,44
5/8/2020 16:00,26,18,FALSE,44
5/8/2020 17:00,25,19,FALSE,44
5/8/2020 18:00,25,18,FALSE,43
5/8/2020 19:00,25,18,FALSE,43
5/8/2020 20:00,26,20,FALSE,46
5/8/2020 21:00,27,21,FALSE,48
5/8/2020 22:00,29,23,FALSE,52
5/8/2020 23:00,27,21,FALSE,48
5/9/2020 0:00,26,21,FALSE,47
5/9/2020 1:00,26,22,FALSE,48
5/9/2020 2:00,25,18,FALSE,43
5/9/2020 3:00,25,19,FALSE,44
5/9/2020 4:00,25,19,FALSE,44
5/9/2020 5:00,25,17,FALSE,42
5/9/2020 6:00,26,20,FALSE,46
5/9/2020 7:00,23,18,FALSE,41
5/9/2020 8:00,22,16,FALSE,38
5/9/2020 9:00,23,16,FALSE,39
5/9/2020 10:00,23,16,FALSE,39
5/9/2020 11:00,22,18,FALSE,40
5/9/2020 12:00,23,16,FALSE,39
5/9/2020 13:00,23,17,FALSE,40
5/9/2020 14:00,25,15,FALSE,40
5/9/2020 15:00,23,16,FALSE,39
5/9/2020 16:00,24,18,FALSE,42
5/9/2020 17:00,24,16,FALSE,40
5/9/2020 18:00,25,17,FALSE,42
5/9/2020 19:00,25,18,FALSE,43
5/9/2020 20:00,28,19,FALSE,47
5/9/2020 21:00,30,18,FALSE,48
5/9/2020 22:00,48,20,FALSE,68
5/9/2020 23:00,47,19,FALSE,66
5/10/2020 0:00,55,33,FALSE,88
5/10/2020 1:00,89,28,FALSE,117
5/10/2020 2:00,100,24,FALSE,124
5/10/2020 3:00,75,24,FALSE,99
5/10/2020 4:00,86,23,FALSE,109
5/10/2020 5:00,30,21,FALSE,51
5/10/2020 6:00,26,21,FALSE,47
5/10/2020 7:00,25,20,FALSE,45
5/10/2020 8:00,25,18,FALSE,43
5/10/2020 9:00,23,17,FALSE,40
5/10/2020 10:00,23,18,FALSE,41
5/10/2020 11:00,24,20,FALSE,44
5/10/2020 12:00,22,18,FALSE,40
5/10/2020 13:00,22,18,FALSE,40
5/10/2020 14:00,23,17,FALSE,40
5/10/2020 15:00,23,17,FALSE,40
5/10/2020 16:00,25,18,FALSE,43
5/10/2020 17:00,25,20,FALSE,45
5/10/2020 18:00,25,19,FALSE,44
5/10/2020 19:00,26,19,FALSE,45
5/10/2020 20:00,28,19,FALSE,47
5/10/2020 21:00,27,21,FALSE,48
5/10/2020 22:00,27,21,FALSE,48
5/10/2020 23:00,26,21,FALSE,47
5/11/2020 0:00,26,20,FALSE,46
5/11/2020 1:00,30,19,FALSE,49
5/11/2020 2:00,26,21,FALSE,47
5/11/2020 3:00,23,19,FALSE,42
5/11/2020 4:00,25,18,FALSE,43
5/11/2020 5:00,27,17,FALSE,44
5/11/2020 6:00,23,16,FALSE,39
5/11/2020 7:00,22,14,FALSE,36
5/11/2020 8:00,22,14,FALSE,36
5/11/2020 9:00,23,14,FALSE,37
5/11/2020 10:00,23,15,FALSE,38
5/11/2020 11:00,21,17,FALSE,38
5/11/2020 12:00,21,16,FALSE,37
5/11/2020 13:00,22,16,FALSE,38
5/11/2020 14:00,22,16,FALSE,38
5/11/2020 15:00,23,15,FALSE,38
5/11/2020 16:00,23,16,FALSE,39
5/11/2020 17:00,23,17,FALSE,40
5/11/2020 18:00,25,18,FALSE,43
5/11/2020 19:00,27,21,FALSE,48
5/11/2020 20:00,29,20,FALSE,49
5/11/2020 21:00,28,22,FALSE,50
5/11/2020 22:00,27,21,FALSE,48
5/11/2020 23:00,26,19,FALSE,45
5/12/2020 0:00,24,20,FALSE,44
5/12/2020 1:00,24,19,FALSE,43
5/12/2020 2:00,24,18,FALSE,42
5/12/2020 3:00,25,18,FALSE,43
5/12/2020 4:00,24,18,FALSE,42
5/12/2020 5:00,25,19,FALSE,44
5/12/2020 6:00,23,16,FALSE,39
5/12/2020 7:00,21,14,FALSE,35
5/12/2020 8:00,22,13,FALSE,35
5/12/2020 9:00,21,15,FALSE,36
5/12/2020 10:00,21,15,FALSE,36
5/12/2020 11:00,20,16,FALSE,36
5/12/2020 12:00,22,16,FALSE,38
5/12/2020 13:00,24,16,FALSE,40
5/12/2020 14:00,22,15,FALSE,37
5/12/2020 15:00,23,15,FALSE,38
5/12/2020 16:00,24,16,FALSE,40
5/12/2020 17:00,23,15,FALSE,38
5/12/2020 18:00,25,16,FALSE,41
5/12/2020 19:00,25,16,FALSE,41
5/12/2020 20:00,26,18,FALSE,44
5/12/2020 21:00,26,18,FALSE,44
5/12/2020 22:00,27,18,FALSE,45
5/12/2020 23:00,26,20,FALSE,46
5/13/2020 0:00,26,19,FALSE,45
5/13/2020 0:00,76,57,FALSE,133
5/13/2020 1:00,76,57,FALSE,133
5/13/2020 2:00,73,53,FALSE,126
5/13/2020 3:00,77,53,FALSE,130
5/13/2020 4:00,71,51,FALSE,122
5/13/2020 5:00,73,48,FALSE,121
5/13/2020 6:00,62,41,FALSE,103
5/13/2020 7:00,62,37,FALSE,99
5/13/2020 8:00,62,38,FALSE,100
5/13/2020 9:00,60,36,FALSE,96
5/13/2020 10:00,66,41,FALSE,107
5/13/2020 11:00,61,40,FALSE,101
5/13/2020 12:00,63,46,FALSE,109
5/13/2020 13:00,63,47,FALSE,110
5/13/2020 14:00,66,43,FALSE,109
5/13/2020 15:00,68,47,FALSE,115
5/13/2020 16:00,70,47,FALSE,117
5/13/2020 17:00,69,44,FALSE,113
5/13/2020 18:00,71,46,FALSE,117
5/13/2020 19:00,76,48,FALSE,124
5/13/2020 20:00,83,57,FALSE,140
5/13/2020 21:00,88,60,FALSE,148
5/13/2020 22:00,88,58,FALSE,146
5/13/2020 23:00,100,59,FALSE,159
5/14/2020 0:00,91,52,FALSE,143
5/14/2020 1:00,100,53,FALSE,153
5/14/2020 2:00,88,50,FALSE,138
5/14/2020 3:00,96,54,FALSE,150
5/14/2020 4:00,74,51,FALSE,125
5/14/2020 5:00,74,48,FALSE,122
5/14/2020 6:00,66,45,FALSE,111
5/14/2020 7:00,63,41,FALSE,104
5/14/2020 8:00,66,43,FALSE,109
5/14/2020 9:00,68,52,FALSE,120
5/14/2020 10:00,68,47,FALSE,115
5/14/2020 11:00,65,46,FALSE,111
5/14/2020 12:00,64,47,FALSE,111
5/14/2020 13:00,66,46,FALSE,112
5/14/2020 14:00,64,43,FALSE,107
5/14/2020 15:00,70,45,FALSE,115
5/14/2020 16:00,67,46,FALSE,113
5/14/2020 17:00,63,41,FALSE,104
5/14/2020 18:00,69,47,FALSE,116
5/14/2020 19:00,71,49,FALSE,120
5/14/2020 20:00,78,50,FALSE,128
5/14/2020 21:00,79,55,FALSE,134
5/14/2020 22:00,87,56,FALSE,143
5/14/2020 23:00,77,58,FALSE,135
5/15/2020 0:00,79,50,FALSE,129
5/15/2020 1:00,70,48,FALSE,118
5/15/2020 2:00,71,49,FALSE,120
5/15/2020 3:00,70,51,FALSE,121
5/15/2020 4:00,70,44,FALSE,114
5/15/2020 5:00,71,46,FALSE,117
5/15/2020 6:00,61,42,FALSE,103
5/15/2020 7:00,62,37,FALSE,99
5/15/2020 8:00,61,36,FALSE,97
5/15/2020 9:00,59,37,FALSE,96
5/15/2020 10:00,63,39,FALSE,102
5/15/2020 11:00,65,42,FALSE,107
5/15/2020 12:00,56,40,FALSE,96
5/15/2020 13:00,63,40,FALSE,103
5/15/2020 14:00,64,40,FALSE,104
5/15/2020 15:00,69,38,FALSE,107
5/15/2020 16:00,63,38,FALSE,101
5/15/2020 17:00,60,38,FALSE,98
5/15/2020 18:00,64,37,FALSE,101
5/15/2020 19:00,69,44,FALSE,113
5/15/2020 20:00,72,46,FALSE,118
5/15/2020 21:00,78,48,FALSE,126
5/15/2020 22:00,71,58,FALSE,129
5/15/2020 23:00,75,51,FALSE,126
5/16/2020 0:00,77,49,FALSE,126
5/16/2020 1:00,71,47,FALSE,118
5/16/2020 2:00,64,46,FALSE,110
5/16/2020 3:00,69,43,FALSE,112
5/16/2020 4:00,61,48,FALSE,109
5/16/2020 5:00,65,46,FALSE,111
5/16/2020 6:00,62,42,FALSE,104
5/16/2020 7:00,57,42,FALSE,99
5/16/2020 8:00,60,37,FALSE,97
5/16/2020 9:00,56,41,FALSE,97
5/16/2020 10:00,59,36,FALSE,95
5/16/2020 11:00,59,41,FALSE,100
5/16/2020 12:00,67,43,FALSE,110
5/16/2020 13:00,76,39,FALSE,115
5/16/2020 14:00,64,40,FALSE,104
5/16/2020 15:00,65,37,FALSE,102
5/16/2020 16:00,63,38,FALSE,101
5/16/2020 17:00,61,38,FALSE,99
5/16/2020 18:00,61,38,FALSE,99
5/16/2020 19:00,68,42,FALSE,110
5/16/2020 20:00,69,42,FALSE,111
5/16/2020 21:00,74,48,FALSE,122
5/16/2020 22:00,85,51,FALSE,136
5/16/2020 23:00,85,53,FALSE,138
5/17/2020 0:00,91,45,FALSE,136
5/17/2020 1:00,98,52,FALSE,150
5/17/2020 2:00,95,47,FALSE,142
5/17/2020 3:00,94,49,FALSE,143
5/17/2020 4:00,72,46,FALSE,118
5/17/2020 5:00,65,45,FALSE,110
5/17/2020 6:00,59,40,FALSE,99
5/17/2020 7:00,65,44,FALSE,109
5/17/2020 8:00,60,41,FALSE,101
5/17/2020 9:00,56,44,FALSE,100
5/17/2020 10:00,64,43,FALSE,107
5/17/2020 11:00,62,45,FALSE,107
5/17/2020 12:00,62,44,FALSE,106
5/17/2020 13:00,69,46,FALSE,115
5/17/2020 14:00,66,45,FALSE,111
5/17/2020 15:00,69,45,FALSE,114
5/17/2020 16:00,69,42,FALSE,111
5/17/2020 17:00,66,44,FALSE,110
5/17/2020 18:00,67,44,FALSE,111
5/17/2020 19:00,70,46,FALSE,116
5/17/2020 20:00,80,51,FALSE,131
5/17/2020 21:00,80,54,FALSE,134
5/17/2020 22:00,76,55,FALSE,131
5/17/2020 23:00,75,54,FALSE,129
5/18/2020 0:00,70,55,FALSE,125
5/18/2020 1:00,70,51,FALSE,121
5/18/2020 2:00,74,56,FALSE,130
5/18/2020 3:00,70,58,FALSE,128
5/18/2020 4:00,66,56,FALSE,122
5/18/2020 5:00,78,54,FALSE,132
5/18/2020 6:00,64,46,FALSE,110
5/18/2020 7:00,62,40,FALSE,102
5/18/2020 8:00,65,43,FALSE,108
5/18/2020 9:00,60,41,FALSE,101
5/18/2020 10:00,59,39,FALSE,98
5/18/2020 11:00,60,43,FALSE,103
5/18/2020 12:00,62,41,FALSE,103
5/18/2020 13:00,64,42,FALSE,106
5/18/2020 14:00,64,44,FALSE,108
5/18/2020 15:00,64,47,FALSE,111
5/18/2020 16:00,67,46,FALSE,113
5/18/2020 17:00,65,42,FALSE,107
5/18/2020 18:00,68,46,FALSE,114
5/18/2020 19:00,71,50,FALSE,121
5/18/2020 20:00,76,55,FALSE,131
5/18/2020 21:00,75,55,FALSE,130
5/18/2020 22:00,76,54,FALSE,130
5/18/2020 23:00,73,53,FALSE,126
5/19/2020 0:00,69,51,FALSE,120
5/19/2020 1:00,73,47,FALSE,120
5/19/2020 2:00,73,53,FALSE,126
5/19/2020 3:00,70,49,FALSE,119
5/19/2020 4:00,69,48,FALSE,117
5/19/2020 5:00,65,45,FALSE,110
5/19/2020 6:00,62,40,FALSE,102
5/19/2020 7:00,60,37,FALSE,97
5/19/2020 8:00,59,35,FALSE,94
5/19/2020 9:00,59,37,FALSE,96
5/19/2020 10:00,62,41,FALSE,103
5/19/2020 11:00,61,43,FALSE,104
5/19/2020 12:00,61,40,FALSE,101
5/19/2020 13:00,58,41,FALSE,99
5/19/2020 14:00,62,39,FALSE,101
5/19/2020 15:00,64,42,FALSE,106
5/19/2020 16:00,60,42,FALSE,102
5/19/2020 17:00,65,43,FALSE,108
5/19/2020 18:00,67,41,FALSE,108
5/19/2020 19:00,74,47,FALSE,121
5/19/2020 20:00,77,49,FALSE,126
5/19/2020 21:00,76,54,FALSE,130
5/19/2020 22:00,77,48,FALSE,125
5/19/2020 23:00,75,56,FALSE,131
5/20/2020 0:00,75,51,FALSE,126
5/20/2020 0:00,88,60,FALSE,148
5/20/2020 1:00,100,63,FALSE,163
5/20/2020 2:00,93,59,FALSE,152
5/20/2020 3:00,89,61,FALSE,150
5/20/2020 4:00,83,56,FALSE,139
5/20/2020 5:00,79,55,FALSE,134
5/20/2020 6:00,80,53,FALSE,133
5/20/2020 7:00,74,44,FALSE,118
5/20/2020 8:00,69,48,FALSE,117
5/20/2020 9:00,74,43,FALSE,117
5/20/2020 10:00,81,46,FALSE,127
5/20/2020 11:00,68,47,FALSE,115
5/20/2020 12:00,73,48,FALSE,121
5/20/2020 13:00,71,47,FALSE,118
5/20/2020 14:00,79,46,FALSE,125
5/20/2020 15:00,84,50,FALSE,134
5/20/2020 16:00,82,47,FALSE,129
5/20/2020 17:00,82,47,FALSE,129
5/20/2020 18:00,78,51,FALSE,129
5/20/2020 19:00,85,54,FALSE,139
5/20/2020 20:00,86,55,FALSE,141
5/20/2020 21:00,95,56,FALSE,151
5/20/2020 22:00,89,60,FALSE,149
5/20/2020 23:00,92,61,FALSE,153
5/21/2020 0:00,85,54,FALSE,139
5/21/2020 1:00,89,58,FALSE,147
5/21/2020 2:00,97,54,FALSE,151
5/21/2020 3:00,83,58,FALSE,141
5/21/2020 4:00,92,54,FALSE,146
5/21/2020 5:00,89,54,FALSE,143
5/21/2020 6:00,75,44,FALSE,119
5/21/2020 7:00,98,47,FALSE,145
5/21/2020 8:00,72,47,FALSE,119
5/21/2020 9:00,67,41,FALSE,108
5/21/2020 10:00,75,46,FALSE,121
5/21/2020 11:00,69,47,FALSE,116
5/21/2020 12:00,72,49,FALSE,121
5/21/2020 13:00,73,44,FALSE,117
5/21/2020 14:00,74,49,FALSE,123
5/21/2020 15:00,77,48,FALSE,125
5/21/2020 16:00,76,49,FALSE,125
5/21/2020 17:00,75,45,FALSE,120
5/21/2020 18:00,76,48,FALSE,124
5/21/2020 19:00,83,52,FALSE,135
5/21/2020 20:00,86,54,FALSE,140
5/21/2020 21:00,86,60,FALSE,146
5/21/2020 22:00,85,62,FALSE,147
5/21/2020 23:00,87,53,FALSE,140
5/22/2020 0:00,94,58,FALSE,152
5/22/2020 1:00,100,57,FALSE,157
5/22/2020 2:00,96,58,FALSE,154
5/22/2020 3:00,89,54,FALSE,143
5/22/2020 4:00,83,53,FALSE,136
5/22/2020 5:00,85,52,FALSE,137
5/22/2020 6:00,78,47,FALSE,125
5/22/2020 7:00,76,40,FALSE,116
5/22/2020 8:00,74,45,FALSE,119
5/22/2020 9:00,76,44,FALSE,120
5/22/2020 10:00,75,45,FALSE,120
5/22/2020 11:00,66,46,FALSE,112
5/22/2020 12:00,74,43,FALSE,117
5/22/2020 13:00,77,48,FALSE,125
5/22/2020 14:00,76,46,FALSE,122
5/22/2020 15:00,78,44,FALSE,122
5/22/2020 16:00,79,45,FALSE,124
5/22/2020 17:00,79,43,FALSE,122
5/22/2020 18:00,85,48,FALSE,133
5/22/2020 19:00,85,50,FALSE,135
5/22/2020 20:00,82,51,FALSE,133
5/22/2020 21:00,89,54,FALSE,143
5/22/2020 22:00,91,55,FALSE,146
5/22/2020 23:00,87,54,FALSE,141
5/23/2020 0:00,87,54,FALSE,141
5/23/2020 1:00,91,55,FALSE,146
5/23/2020 2:00,88,52,FALSE,140
5/23/2020 3:00,77,56,FALSE,133
5/23/2020 4:00,88,51,FALSE,139
5/23/2020 5:00,80,50,FALSE,130
5/23/2020 6:00,74,48,FALSE,122
5/23/2020 7:00,73,52,FALSE,125
5/23/2020 8:00,69,46,FALSE,115
5/23/2020 9:00,69,45,FALSE,114
5/23/2020 10:00,71,47,FALSE,118
5/23/2020 11:00,65,43,FALSE,108
5/23/2020 12:00,72,46,FALSE,118
5/23/2020 13:00,74,46,FALSE,120
5/23/2020 14:00,80,47,FALSE,127
5/23/2020 15:00,75,44,FALSE,119
5/23/2020 16:00,74,44,FALSE,118
5/23/2020 17:00,73,44,FALSE,117
5/23/2020 18:00,73,41,FALSE,114
5/23/2020 19:00,79,45,FALSE,124
5/23/2020 20:00,83,48,FALSE,131
5/23/2020 21:00,85,48,FALSE,133
5/23/2020 22:00,86,52,FALSE,138
5/23/2020 23:00,87,54,FALSE,141
5/24/2020 0:00,92,53,FALSE,145
5/24/2020 1:00,89,54,FALSE,143
5/24/2020 2:00,83,54,FALSE,137
5/24/2020 3:00,83,46,FALSE,129
5/24/2020 4:00,73,52,FALSE,125
5/24/2020 5:00,72,45,FALSE,117
5/24/2020 6:00,71,50,FALSE,121
5/24/2020 7:00,70,51,FALSE,121
5/24/2020 8:00,68,49,FALSE,117
5/24/2020 9:00,72,43,FALSE,115
5/24/2020 10:00,67,48,FALSE,115
5/24/2020 11:00,73,47,FALSE,120
5/24/2020 12:00,70,43,FALSE,113
5/24/2020 13:00,74,50,FALSE,124
5/24/2020 14:00,74,45,FALSE,119
5/24/2020 15:00,75,47,FALSE,122
5/24/2020 16:00,75,46,FALSE,121
5/24/2020 17:00,72,44,FALSE,116
5/24/2020 18:00,75,42,FALSE,117
5/24/2020 19:00,76,49,FALSE,125
5/24/2020 20:00,80,51,FALSE,131
5/24/2020 21:00,86,54,FALSE,140
5/24/2020 22:00,89,57,FALSE,146
5/24/2020 23:00,94,59,FALSE,153
5/25/2020 0:00,84,60,FALSE,144
5/25/2020 1:00,82,56,FALSE,138
5/25/2020 2:00,81,55,FALSE,136
5/25/2020 3:00,81,55,FALSE,136
5/25/2020 4:00,74,49,FALSE,123
5/25/2020 5:00,75,51,FALSE,126
5/25/2020 6:00,70,44,FALSE,114
5/25/2020 7:00,64,46,FALSE,110
5/25/2020 8:00,66,43,FALSE,109
5/25/2020 9:00,62,43,FALSE,105
5/25/2020 10:00,65,41,FALSE,106
5/25/2020 11:00,64,46,FALSE,110
5/25/2020 12:00,66,45,FALSE,111
5/25/2020 13:00,67,47,FALSE,114
5/25/2020 14:00,72,47,FALSE,119
5/25/2020 15:00,68,48,FALSE,116
5/25/2020 16:00,74,44,FALSE,118
5/25/2020 17:00,72,45,FALSE,117
5/25/2020 18:00,75,50,FALSE,125
5/25/2020 19:00,78,53,FALSE,131
5/25/2020 20:00,85,52,FALSE,137
5/25/2020 21:00,87,58,FALSE,145
5/25/2020 22:00,86,59,FALSE,145
5/25/2020 23:00,85,58,FALSE,143
5/26/2020 0:00,90,58,FALSE,148
5/26/2020 1:00,87,55,FALSE,142
5/26/2020 2:00,83,58,FALSE,141
5/26/2020 3:00,78,54,FALSE,132
5/26/2020 4:00,81,58,FALSE,139
5/26/2020 5:00,90,55,FALSE,145
5/26/2020 6:00,64,47,FALSE,111
5/26/2020 7:00,63,42,FALSE,105
5/26/2020 8:00,66,41,FALSE,107
5/26/2020 9:00,67,40,FALSE,107
5/26/2020 10:00,67,45,FALSE,112
5/26/2020 11:00,71,44,FALSE,115
5/26/2020 12:00,64,46,FALSE,110
5/26/2020 13:00,71,45,FALSE,116
5/26/2020 14:00,71,48,FALSE,119
5/26/2020 15:00,75,47,FALSE,122
5/26/2020 16:00,83,49,FALSE,132
5/26/2020 17:00,76,47,FALSE,123
5/26/2020 18:00,78,47,FALSE,125
5/26/2020 19:00,75,52,FALSE,127
5/26/2020 20:00,80,57,FALSE,137
5/26/2020 21:00,85,54,FALSE,139
5/26/2020 22:00,81,55,FALSE,136
5/26/2020 23:00,87,60,FALSE,147
5/27/2020 0:00,84,52,FALSE,136
5/27/2020 0:00,76,48,FALSE,124
5/27/2020 1:00,74,47,FALSE,121
5/27/2020 2:00,75,51,FALSE,126
5/27/2020 3:00,83,50,FALSE,133
5/27/2020 4:00,70,50,FALSE,120
5/27/2020 5:00,66,42,FALSE,108
5/27/2020 6:00,62,40,FALSE,102
5/27/2020 7:00,61,37,FALSE,98
5/27/2020 8:00,59,35,FALSE,94
5/27/2020 9:00,56,36,FALSE,92
5/27/2020 10:00,66,40,FALSE,106
5/27/2020 11:00,63,45,FALSE,108
5/27/2020 12:00,65,42,FALSE,107
5/27/2020 13:00,66,44,FALSE,110
5/27/2020 14:00,64,40,FALSE,104
5/27/2020 15:00,68,42,FALSE,110
5/27/2020 16:00,69,41,FALSE,110
5/27/2020 17:00,67,38,FALSE,105
5/27/2020 18:00,73,41,FALSE,114
5/27/2020 19:00,70,46,FALSE,116
5/27/2020 20:00,76,47,FALSE,123
5/27/2020 21:00,80,51,FALSE,131
5/27/2020 22:00,78,50,FALSE,128
5/27/2020 23:00,81,50,FALSE,131
5/28/2020 0:00,77,49,FALSE,126
5/28/2020 1:00,83,49,FALSE,132
5/28/2020 2:00,71,47,FALSE,118
5/28/2020 3:00,73,46,FALSE,119
5/28/2020 4:00,71,44,FALSE,115
5/28/2020 5:00,68,41,FALSE,109
5/28/2020 6:00,61,39,FALSE,100
5/28/2020 7:00,57,37,FALSE,94
5/28/2020 8:00,62,31,FALSE,93
5/28/2020 9:00,58,35,FALSE,93
5/28/2020 10:00,58,36,FALSE,94
5/28/2020 11:00,62,39,FALSE,101
5/28/2020 12:00,61,39,FALSE,100
5/28/2020 13:00,67,41,FALSE,108
5/28/2020 14:00,65,42,FALSE,107
5/28/2020 15:00,65,38,FALSE,103
5/28/2020 16:00,68,38,FALSE,106
5/28/2020 17:00,68,41,FALSE,109
5/28/2020 18:00,67,40,FALSE,107
5/28/2020 19:00,70,44,FALSE,114
5/28/2020 20:00,78,44,FALSE,122
5/28/2020 21:00,81,50,FALSE,131
5/28/2020 22:00,82,48,FALSE,130
5/28/2020 23:00,80,54,FALSE,134
5/29/2020 0:00,80,55,FALSE,135
5/29/2020 1:00,78,53,FALSE,131
5/29/2020 2:00,79,49,FALSE,128
5/29/2020 3:00,74,50,FALSE,124
5/29/2020 4:00,70,44,FALSE,114
5/29/2020 5:00,68,43,FALSE,111
5/29/2020 6:00,60,38,FALSE,98
5/29/2020 7:00,60,41,FALSE,101
5/29/2020 8:00,59,35,FALSE,94
5/29/2020 9:00,60,34,FALSE,94
5/29/2020 10:00,61,39,FALSE,100
5/29/2020 11:00,59,36,FALSE,95
5/29/2020 12:00,57,38,FALSE,95
5/29/2020 13:00,64,36,FALSE,100
5/29/2020 14:00,63,37,FALSE,100
5/29/2020 15:00,67,38,FALSE,105
5/29/2020 16:00,64,36,FALSE,100
5/29/2020 17:00,67,36,FALSE,103
5/29/2020 18:00,66,38,FALSE,104
5/29/2020 19:00,69,39,FALSE,108
5/29/2020 20:00,78,42,FALSE,120
5/29/2020 21:00,83,45,FALSE,128
5/29/2020 22:00,82,47,FALSE,129
5/29/2020 23:00,85,48,FALSE,133
5/30/2020 0:00,76,41,FALSE,117
5/30/2020 1:00,77,42,FALSE,119
5/30/2020 2:00,73,38,FALSE,111
5/30/2020 3:00,75,45,FALSE,120
5/30/2020 4:00,66,41,FALSE,107
5/30/2020 5:00,69,40,FALSE,109
5/30/2020 6:00,67,44,FALSE,111
5/30/2020 7:00,63,42,FALSE,105
5/30/2020 8:00,61,39,FALSE,100
5/30/2020 9:00,61,41,FALSE,102
5/30/2020 10:00,65,42,FALSE,107
5/30/2020 11:00,71,48,FALSE,119
5/30/2020 12:00,68,41,FALSE,109
5/30/2020 13:00,65,43,FALSE,108
5/30/2020 14:00,70,45,FALSE,115
5/30/2020 15:00,67,39,FALSE,106
5/30/2020 16:00,69,40,FALSE,109
5/30/2020 17:00,66,43,FALSE,109
5/30/2020 18:00,66,46,FALSE,112
5/30/2020 19:00,64,44,FALSE,108
5/30/2020 20:00,71,47,FALSE,118
5/30/2020 21:00,81,50,FALSE,131
5/30/2020 22:00,100,61,FALSE,161
5/30/2020 23:00,92,62,FALSE,154
5/31/2020 0:00,95,58,FALSE,153
5/31/2020 1:00,99,56,FALSE,155
5/31/2020 2:00,98,49,FALSE,147
5/31/2020 3:00,91,53,FALSE,144
5/31/2020 4:00,71,45,FALSE,116
5/31/2020 5:00,68,46,FALSE,114
5/31/2020 6:00,67,45,FALSE,112
5/31/2020 7:00,63,43,FALSE,106
5/31/2020 8:00,69,49,FALSE,118
5/31/2020 9:00,65,45,FALSE,110
5/31/2020 10:00,68,57,FALSE,125
5/31/2020 11:00,70,62,FALSE,132
5/31/2020 12:00,66,55,FALSE,121
5/31/2020 13:00,68,51,FALSE,119
5/31/2020 14:00,66,48,FALSE,114
5/31/2020 15:00,67,45,FALSE,112
5/31/2020 16:00,68,44,FALSE,112
5/31/2020 17:00,70,44,FALSE,114
5/31/2020 18:00,68,43,FALSE,111
5/31/2020 19:00,78,49,FALSE,127
5/31/2020 20:00,77,50,FALSE,127
5/31/2020 21:00,76,54,FALSE,130
5/31/2020 22:00,74,54,FALSE,128
5/31/2020 23:00,76,48,FALSE,124
6/1/2020 0:00,73,48,FALSE,121
6/1/2020 1:00,73,46,FALSE,119
6/1/2020 2:00,75,49,FALSE,124
6/1/2020 3:00,65,47,FALSE,112
6/1/2020 4:00,65,47,FALSE,112
6/1/2020 5:00,65,43,FALSE,108
6/1/2020 6:00,65,42,FALSE,107
6/1/2020 7:00,57,40,FALSE,97
6/1/2020 8:00,58,38,FALSE,96
6/1/2020 9:00,56,33,FALSE,89
6/1/2020 10:00,58,37,FALSE,95
6/1/2020 11:00,55,40,FALSE,95
6/1/2020 12:00,59,39,FALSE,98
6/1/2020 13:00,63,43,FALSE,106
6/1/2020 14:00,63,37,FALSE,100
6/1/2020 15:00,65,41,FALSE,106
6/1/2020 16:00,70,42,FALSE,112
6/1/2020 17:00,63,41,FALSE,104
6/1/2020 18:00,66,46,FALSE,112
6/1/2020 19:00,67,44,FALSE,111
6/1/2020 20:00,71,49,FALSE,120
6/1/2020 21:00,74,51,FALSE,125
6/1/2020 22:00,74,57,FALSE,131
6/1/2020 23:00,78,76,FALSE,154
6/2/2020 0:00,81,77,FALSE,158
6/2/2020 1:00,75,66,FALSE,141
6/2/2020 2:00,73,62,FALSE,135
6/2/2020 3:00,72,62,FALSE,134
6/2/2020 4:00,88,57,FALSE,145
6/2/2020 5:00,76,57,FALSE,133
6/2/2020 6:00,67,50,FALSE,117
6/2/2020 7:00,66,49,FALSE,115
6/2/2020 8:00,70,49,FALSE,119
6/2/2020 9:00,69,48,FALSE,117
6/2/2020 10:00,72,52,FALSE,124
6/2/2020 11:00,68,52,FALSE,120
6/2/2020 12:00,68,53,FALSE,121
6/2/2020 13:00,75,55,FALSE,130
6/2/2020 14:00,73,54,FALSE,127
6/2/2020 15:00,72,49,FALSE,121
6/2/2020 16:00,70,46,FALSE,116
6/2/2020 17:00,69,44,FALSE,113
6/2/2020 18:00,68,47,FALSE,115
6/2/2020 19:00,74,48,FALSE,122
6/2/2020 20:00,77,52,FALSE,129
6/2/2020 21:00,80,55,FALSE,135
6/2/2020 22:00,82,53,FALSE,135
6/2/2020 23:00,74,54,FALSE,128
6/3/2020 0:00,77,52,FALSE,129
6/3/2020 0:00,43,29,FALSE,72
6/3/2020 1:00,41,26,FALSE,67
6/3/2020 2:00,37,28,FALSE,65
6/3/2020 3:00,38,29,FALSE,67
6/3/2020 4:00,36,26,FALSE,62
6/3/2020 5:00,39,24,FALSE,63
6/3/2020 6:00,34,23,FALSE,57
6/3/2020 7:00,34,23,FALSE,57
6/3/2020 8:00,36,20,FALSE,56
6/3/2020 9:00,36,21,FALSE,57
6/3/2020 10:00,36,21,FALSE,57
6/3/2020 11:00,35,22,FALSE,57
6/3/2020 12:00,34,22,FALSE,56
6/3/2020 13:00,34,21,FALSE,55
6/3/2020 14:00,35,22,FALSE,57
6/3/2020 15:00,37,23,FALSE,60
6/3/2020 16:00,36,21,FALSE,57
6/3/2020 17:00,37,22,FALSE,59
6/3/2020 18:00,38,23,FALSE,61
6/3/2020 19:00,39,26,FALSE,65
6/3/2020 20:00,41,27,FALSE,68
6/3/2020 21:00,46,28,FALSE,74
6/3/2020 22:00,44,29,FALSE,73
6/3/2020 23:00,43,29,FALSE,72
6/4/2020 0:00,42,28,FALSE,70
6/4/2020 1:00,45,27,FALSE,72
6/4/2020 2:00,61,29,FALSE,90
6/4/2020 3:00,62,29,FALSE,91
6/4/2020 4:00,51,29,FALSE,80
6/4/2020 5:00,45,30,FALSE,75
6/4/2020 6:00,34,21,FALSE,55
6/4/2020 7:00,35,22,FALSE,57
6/4/2020 8:00,35,20,FALSE,55
6/4/2020 9:00,32,22,FALSE,54
6/4/2020 10:00,35,20,FALSE,55
6/4/2020 11:00,37,22,FALSE,59
6/4/2020 12:00,40,23,FALSE,63
6/4/2020 13:00,41,23,FALSE,64
6/4/2020 14:00,37,23,FALSE,60
6/4/2020 15:00,41,23,FALSE,64
6/4/2020 16:00,40,23,FALSE,63
6/4/2020 17:00,41,23,FALSE,64
6/4/2020 18:00,41,24,FALSE,65
6/4/2020 19:00,41,24,FALSE,65
6/4/2020 20:00,44,28,FALSE,72
6/4/2020 21:00,46,27,FALSE,73
6/4/2020 22:00,45,30,FALSE,75
6/4/2020 23:00,44,29,FALSE,73
6/5/2020 0:00,45,27,FALSE,72
6/5/2020 1:00,44,26,FALSE,70
6/5/2020 2:00,42,26,FALSE,68
6/5/2020 3:00,40,26,FALSE,66
6/5/2020 4:00,44,25,FALSE,69
6/5/2020 5:00,39,24,FALSE,63
6/5/2020 6:00,33,20,FALSE,53
6/5/2020 7:00,34,22,FALSE,56
6/5/2020 8:00,35,19,FALSE,54
6/5/2020 9:00,35,20,FALSE,55
6/5/2020 10:00,34,20,FALSE,54
6/5/2020 11:00,33,21,FALSE,54
6/5/2020 12:00,33,19,FALSE,52
6/5/2020 13:00,36,22,FALSE,58
6/5/2020 14:00,38,22,FALSE,60
6/5/2020 15:00,35,23,FALSE,58
6/5/2020 16:00,37,23,FALSE,60
6/5/2020 17:00,36,21,FALSE,57
6/5/2020 18:00,39,23,FALSE,62
6/5/2020 19:00,39,23,FALSE,62
6/5/2020 20:00,40,26,FALSE,66
6/5/2020 21:00,42,26,FALSE,68
6/5/2020 22:00,47,29,FALSE,76
6/5/2020 23:00,43,28,FALSE,71
6/6/2020 0:00,45,27,FALSE,72
6/6/2020 1:00,40,25,FALSE,65
6/6/2020 2:00,41,26,FALSE,67
6/6/2020 3:00,41,25,FALSE,66
6/6/2020 4:00,38,24,FALSE,62
6/6/2020 5:00,38,21,FALSE,59
6/6/2020 6:00,38,22,FALSE,60
6/6/2020 7:00,34,22,FALSE,56
6/6/2020 8:00,34,21,FALSE,55
6/6/2020 9:00,33,20,FALSE,53
6/6/2020 10:00,34,22,FALSE,56
6/6/2020 11:00,35,23,FALSE,58
6/6/2020 12:00,35,21,FALSE,56
6/6/2020 13:00,37,21,FALSE,58
6/6/2020 14:00,36,21,FALSE,57
6/6/2020 15:00,37,23,FALSE,60
6/6/2020 16:00,37,21,FALSE,58
6/6/2020 17:00,36,21,FALSE,57
6/6/2020 18:00,37,21,FALSE,58
6/6/2020 19:00,42,23,FALSE,65
6/6/2020 20:00,41,24,FALSE,65
6/6/2020 21:00,48,27,FALSE,75
6/6/2020 22:00,52,28,FALSE,80
6/6/2020 23:00,50,28,FALSE,78
6/7/2020 0:00,59,28,FALSE,87
6/7/2020 1:00,70,27,FALSE,97
6/7/2020 2:00,100,27,FALSE,127
6/7/2020 3:00,72,23,FALSE,95
6/7/2020 4:00,53,26,FALSE,79
6/7/2020 5:00,40,26,FALSE,66
6/7/2020 6:00,37,25,FALSE,62
6/7/2020 7:00,29,21,FALSE,50
6/7/2020 8:00,35,21,FALSE,56
6/7/2020 9:00,32,21,FALSE,53
6/7/2020 10:00,32,20,FALSE,52
6/7/2020 11:00,32,20,FALSE,52
6/7/2020 12:00,33,20,FALSE,53
6/7/2020 13:00,36,23,FALSE,59
6/7/2020 14:00,35,21,FALSE,56
6/7/2020 15:00,37,22,FALSE,59
6/7/2020 16:00,37,22,FALSE,59
6/7/2020 17:00,37,21,FALSE,58
6/7/2020 18:00,37,22,FALSE,59
6/7/2020 19:00,40,23,FALSE,63
6/7/2020 20:00,41,25,FALSE,66
6/7/2020 21:00,42,26,FALSE,68
6/7/2020 22:00,48,29,FALSE,77
6/7/2020 23:00,43,29,FALSE,72
6/8/2020 0:00,43,24,FALSE,67
6/8/2020 1:00,42,28,FALSE,70
6/8/2020 2:00,43,27,FALSE,70
6/8/2020 3:00,39,27,FALSE,66
6/8/2020 4:00,39,25,FALSE,64
6/8/2020 5:00,39,25,FALSE,64
6/8/2020 6:00,34,21,FALSE,55
6/8/2020 7:00,34,20,FALSE,54
6/8/2020 8:00,36,21,FALSE,57
6/8/2020 9:00,32,21,FALSE,53
6/8/2020 10:00,33,21,FALSE,54
6/8/2020 11:00,32,23,FALSE,55
6/8/2020 12:00,34,21,FALSE,55
6/8/2020 13:00,35,22,FALSE,57
6/8/2020 14:00,34,21,FALSE,55
6/8/2020 15:00,36,22,FALSE,58
6/8/2020 16:00,37,22,FALSE,59
6/8/2020 17:00,38,22,FALSE,60
6/8/2020 18:00,41,26,FALSE,67
6/8/2020 19:00,41,26,FALSE,67
6/8/2020 20:00,46,29,FALSE,75
6/8/2020 21:00,44,31,FALSE,75
6/8/2020 22:00,46,31,FALSE,77
6/8/2020 23:00,43,32,FALSE,75
6/9/2020 0:00,43,30,FALSE,73
6/9/2020 1:00,48,28,FALSE,76
6/9/2020 2:00,42,32,FALSE,74
6/9/2020 3:00,43,29,FALSE,72
6/9/2020 4:00,44,28,FALSE,72
6/9/2020 5:00,42,28,FALSE,70
6/9/2020 6:00,36,23,FALSE,59
6/9/2020 7:00,36,23,FALSE,59
6/9/2020 8:00,34,23,FALSE,57
6/9/2020 9:00,33,21,FALSE,54
6/9/2020 10:00,34,22,FALSE,56
6/9/2020 11:00,35,22,FALSE,57
6/9/2020 12:00,32,22,FALSE,54
6/9/2020 13:00,37,23,FALSE,60
6/9/2020 14:00,38,22,FALSE,60
6/9/2020 15:00,37,23,FALSE,60
6/9/2020 16:00,38,25,FALSE,63
6/9/2020 17:00,37,21,FALSE,58
6/9/2020 18:00,39,25,FALSE,64
6/9/2020 19:00,41,26,FALSE,67
6/9/2020 20:00,45,30,FALSE,75
6/9/2020 21:00,49,32,FALSE,81
6/9/2020 22:00,45,34,FALSE,79
6/9/2020 23:00,48,32,FALSE,80
6/10/2020 0:00,45,31,FALSE,76
6/10/2020 0:00,91,62,FALSE,153
6/10/2020 1:00,92,58,FALSE,150
6/10/2020 2:00,92,64,FALSE,156
6/10/2020 3:00,92,59,FALSE,151
6/10/2020 4:00,82,61,FALSE,143
6/10/2020 5:00,87,48,FALSE,135
6/10/2020 6:00,78,43,FALSE,121
6/10/2020 7:00,70,47,FALSE,117
6/10/2020 8:00,73,40,FALSE,113
6/10/2020 9:00,72,38,FALSE,110
6/10/2020 10:00,65,43,FALSE,108
6/10/2020 11:00,65,42,FALSE,107
6/10/2020 12:00,69,44,FALSE,113
6/10/2020 13:00,71,43,FALSE,114
6/10/2020 14:00,77,45,FALSE,122
6/10/2020 15:00,73,48,FALSE,121
6/10/2020 16:00,76,46,FALSE,122
6/10/2020 17:00,79,43,FALSE,122
6/10/2020 18:00,87,46,FALSE,133
6/10/2020 19:00,85,50,FALSE,135
6/10/2020 20:00,88,55,FALSE,143
6/10/2020 21:00,95,56,FALSE,151
6/10/2020 22:00,89,59,FALSE,148
6/10/2020 23:00,91,64,FALSE,155
6/11/2020 0:00,87,55,FALSE,142
6/11/2020 1:00,90,54,FALSE,144
6/11/2020 2:00,84,54,FALSE,138
6/11/2020 3:00,87,57,FALSE,144
6/11/2020 4:00,76,52,FALSE,128
6/11/2020 5:00,81,49,FALSE,130
6/11/2020 6:00,67,43,FALSE,110
6/11/2020 7:00,67,40,FALSE,107
6/11/2020 8:00,73,42,FALSE,115
6/11/2020 9:00,65,42,FALSE,107
6/11/2020 10:00,74,43,FALSE,117
6/11/2020 11:00,68,46,FALSE,114
6/11/2020 12:00,72,43,FALSE,115
6/11/2020 13:00,71,44,FALSE,115
6/11/2020 14:00,73,45,FALSE,118
6/11/2020 15:00,76,49,FALSE,125
6/11/2020 16:00,77,48,FALSE,125
6/11/2020 17:00,78,49,FALSE,127
6/11/2020 18:00,81,48,FALSE,129
6/11/2020 19:00,83,55,FALSE,138
6/11/2020 20:00,89,58,FALSE,147
6/11/2020 21:00,86,59,FALSE,145
6/11/2020 22:00,88,64,FALSE,152
6/11/2020 23:00,91,57,FALSE,148
6/12/2020 0:00,86,55,FALSE,141
6/12/2020 1:00,85,54,FALSE,139
6/12/2020 2:00,81,56,FALSE,137
6/12/2020 3:00,78,53,FALSE,131
6/12/2020 4:00,85,53,FALSE,138
6/12/2020 5:00,79,43,FALSE,122
6/12/2020 6:00,69,45,FALSE,114
6/12/2020 7:00,71,43,FALSE,114
6/12/2020 8:00,67,36,FALSE,103
6/12/2020 9:00,69,40,FALSE,109
6/12/2020 10:00,67,41,FALSE,108
6/12/2020 11:00,70,44,FALSE,114
6/12/2020 12:00,65,40,FALSE,105
6/12/2020 13:00,73,45,FALSE,118
6/12/2020 14:00,74,41,FALSE,115
6/12/2020 15:00,69,41,FALSE,110
6/12/2020 16:00,71,39,FALSE,110
6/12/2020 17:00,72,43,FALSE,115
6/12/2020 18:00,79,42,FALSE,121
6/12/2020 19:00,78,43,FALSE,121
6/12/2020 20:00,82,46,FALSE,128
6/12/2020 21:00,88,53,FALSE,141
6/12/2020 22:00,86,51,FALSE,137
6/12/2020 23:00,82,53,FALSE,135
6/13/2020 0:00,88,55,FALSE,143
6/13/2020 1:00,85,43,FALSE,128
6/13/2020 2:00,82,48,FALSE,130
6/13/2020 3:00,81,44,FALSE,125
6/13/2020 4:00,82,42,FALSE,124
6/13/2020 5:00,74,45,FALSE,119
6/13/2020 6:00,65,41,FALSE,106
6/13/2020 7:00,61,38,FALSE,99
6/13/2020 8:00,66,41,FALSE,107
6/13/2020 9:00,66,36,FALSE,102
6/13/2020 10:00,68,45,FALSE,113
6/13/2020 11:00,72,44,FALSE,116
6/13/2020 12:00,67,42,FALSE,109
6/13/2020 13:00,71,40,FALSE,111
6/13/2020 14:00,72,41,FALSE,113
6/13/2020 15:00,67,37,FALSE,104
6/13/2020 16:00,72,39,FALSE,111
6/13/2020 17:00,75,42,FALSE,117
6/13/2020 18:00,81,43,FALSE,124
6/13/2020 19:00,89,43,FALSE,132
6/13/2020 20:00,91,49,FALSE,140
6/13/2020 21:00,93,50,FALSE,143
6/13/2020 22:00,96,51,FALSE,147
6/13/2020 23:00,97,47,FALSE,144
6/14/2020 0:00,100,53,FALSE,153
6/14/2020 1:00,95,52,FALSE,147
6/14/2020 2:00,99,53,FALSE,152
6/14/2020 3:00,94,47,FALSE,141
6/14/2020 4:00,79,48,FALSE,127
6/14/2020 5:00,76,45,FALSE,121
6/14/2020 6:00,68,40,FALSE,108
6/14/2020 7:00,62,39,FALSE,101
6/14/2020 8:00,72,46,FALSE,118
6/14/2020 9:00,61,37,FALSE,98
6/14/2020 10:00,67,42,FALSE,109
6/14/2020 11:00,67,38,FALSE,105
6/14/2020 12:00,64,39,FALSE,103
6/14/2020 13:00,71,40,FALSE,111
6/14/2020 14:00,70,38,FALSE,108
6/14/2020 15:00,74,54,FALSE,128
6/14/2020 16:00,76,40,FALSE,116
6/14/2020 17:00,88,43,FALSE,131
6/14/2020 18:00,79,42,FALSE,121
6/14/2020 19:00,82,44,FALSE,126
6/14/2020 20:00,89,49,FALSE,138
6/14/2020 21:00,88,55,FALSE,143
6/14/2020 22:00,91,55,FALSE,146
6/14/2020 23:00,88,54,FALSE,142
6/15/2020 0:00,85,54,FALSE,139
6/15/2020 1:00,86,48,FALSE,134
6/15/2020 2:00,85,52,FALSE,137
6/15/2020 3:00,86,54,FALSE,140
6/15/2020 4:00,80,52,FALSE,132
6/15/2020 5:00,77,46,FALSE,123
6/15/2020 6:00,70,50,FALSE,120
6/15/2020 7:00,64,41,FALSE,105
6/15/2020 8:00,72,40,FALSE,112
6/15/2020 9:00,68,39,FALSE,107
6/15/2020 10:00,65,43,FALSE,108
6/15/2020 11:00,67,45,FALSE,112
6/15/2020 12:00,74,44,FALSE,118
6/15/2020 13:00,79,46,FALSE,125
6/15/2020 14:00,77,44,FALSE,121
6/15/2020 15:00,79,46,FALSE,125
6/15/2020 16:00,80,45,FALSE,125
6/15/2020 17:00,82,48,FALSE,130
6/15/2020 18:00,84,54,FALSE,138
6/15/2020 19:00,85,48,FALSE,133
6/15/2020 20:00,88,57,FALSE,145
6/15/2020 21:00,94,60,FALSE,154
6/15/2020 22:00,96,70,FALSE,166
6/15/2020 23:00,97,56,FALSE,153
6/16/2020 0:00,99,60,FALSE,159
6/16/2020 1:00,99,62,FALSE,161
6/16/2020 2:00,97,55,FALSE,152
6/16/2020 3:00,93,49,FALSE,142
6/16/2020 4:00,93,55,FALSE,148
6/16/2020 5:00,83,54,FALSE,137
6/16/2020 6:00,71,45,FALSE,116
6/16/2020 7:00,69,41,FALSE,110
6/16/2020 8:00,68,40,FALSE,108
6/16/2020 9:00,70,38,FALSE,108
6/16/2020 10:00,73,43,FALSE,116
6/16/2020 11:00,69,42,FALSE,111
6/16/2020 12:00,70,45,FALSE,115
6/16/2020 13:00,77,47,FALSE,124
6/16/2020 14:00,78,48,FALSE,126
6/16/2020 15:00,81,47,FALSE,128
6/16/2020 16:00,83,46,FALSE,129
6/16/2020 17:00,81,45,FALSE,126
6/16/2020 18:00,88,50,FALSE,138
6/16/2020 19:00,90,51,FALSE,141
6/16/2020 20:00,96,53,FALSE,149
6/16/2020 21:00,94,57,FALSE,151
6/16/2020 22:00,98,60,FALSE,158
6/16/2020 23:00,94,57,FALSE,151
6/17/2020 0:00,97,51,FALSE,148
6/17/2020 0:00,76,40,FALSE,116
6/17/2020 1:00,77,43,FALSE,120
6/17/2020 2:00,77,43,FALSE,120
6/17/2020 3:00,68,40,FALSE,108
6/17/2020 4:00,65,40,FALSE,105
6/17/2020 5:00,60,37,FALSE,97
6/17/2020 6:00,61,34,FALSE,95
6/17/2020 7:00,57,34,FALSE,91
6/17/2020 8:00,55,33,FALSE,88
6/17/2020 9:00,56,32,FALSE,88
6/17/2020 10:00,54,30,FALSE,84
6/17/2020 11:00,56,34,FALSE,90
6/17/2020 12:00,60,40,FALSE,100
6/17/2020 13:00,66,42,FALSE,108
6/17/2020 14:00,64,39,FALSE,103
6/17/2020 15:00,63,40,FALSE,103
6/17/2020 16:00,65,40,FALSE,105
6/17/2020 17:00,68,37,FALSE,105
6/17/2020 18:00,70,39,FALSE,109
6/17/2020 19:00,84,38,FALSE,122
6/17/2020 20:00,78,46,FALSE,124
6/17/2020 21:00,72,47,FALSE,119
6/17/2020 22:00,78,47,FALSE,125
6/17/2020 23:00,78,49,FALSE,127
6/18/2020 0:00,78,46,FALSE,124
6/18/2020 1:00,75,44,FALSE,119
6/18/2020 2:00,73,47,FALSE,120
6/18/2020 3:00,69,42,FALSE,111
6/18/2020 4:00,65,40,FALSE,105
6/18/2020 5:00,59,38,FALSE,97
6/18/2020 6:00,52,32,FALSE,84
6/18/2020 7:00,55,31,FALSE,86
6/18/2020 8:00,56,33,FALSE,89
6/18/2020 9:00,51,29,FALSE,80
6/18/2020 10:00,57,33,FALSE,90
6/18/2020 11:00,55,32,FALSE,87
6/18/2020 12:00,54,34,FALSE,88
6/18/2020 13:00,59,36,FALSE,95
6/18/2020 14:00,62,36,FALSE,98
6/18/2020 15:00,63,36,FALSE,99
6/18/2020 16:00,64,36,FALSE,100
6/18/2020 17:00,64,36,FALSE,100
6/18/2020 18:00,64,37,FALSE,101
6/18/2020 19:00,71,37,FALSE,108
6/18/2020 20:00,73,44,FALSE,117
6/18/2020 21:00,100,50,FALSE,150
6/18/2020 22:00,86,49,FALSE,135
6/18/2020 23:00,75,48,FALSE,123
6/19/2020 0:00,79,42,FALSE,121
6/19/2020 1:00,78,43,FALSE,121
6/19/2020 2:00,70,43,FALSE,113
6/19/2020 3:00,66,44,FALSE,110
6/19/2020 4:00,65,39,FALSE,104
6/19/2020 5:00,62,41,FALSE,103
6/19/2020 6:00,55,34,FALSE,89
6/19/2020 7:00,56,32,FALSE,88
6/19/2020 8:00,58,31,FALSE,89
6/19/2020 9:00,59,28,FALSE,87
6/19/2020 10:00,56,32,FALSE,88
6/19/2020 11:00,55,33,FALSE,88
6/19/2020 12:00,57,35,FALSE,92
6/19/2020 13:00,58,33,FALSE,91
6/19/2020 14:00,57,37,FALSE,94
6/19/2020 15:00,61,37,FALSE,98
6/19/2020 16:00,60,33,FALSE,93
6/19/2020 17:00,60,36,FALSE,96
6/19/2020 18:00,65,35,FALSE,100
6/19/2020 19:00,78,36,FALSE,114
6/19/2020 20:00,69,37,FALSE,106
6/19/2020 21:00,69,41,FALSE,110
6/19/2020 22:00,69,45,FALSE,114
6/19/2020 23:00,72,41,FALSE,113
6/20/2020 0:00,70,40,FALSE,110
6/20/2020 1:00,65,39,FALSE,104
6/20/2020 2:00,65,39,FALSE,104
6/20/2020 3:00,59,39,FALSE,98
6/20/2020 4:00,62,32,FALSE,94
6/20/2020 5:00,52,35,FALSE,87
6/20/2020 6:00,55,37,FALSE,92
6/20/2020 7:00,53,29,FALSE,82
6/20/2020 8:00,53,32,FALSE,85
6/20/2020 9:00,46,30,FALSE,76
6/20/2020 10:00,46,31,FALSE,77
6/20/2020 11:00,53,33,FALSE,86
6/20/2020 12:00,51,30,FALSE,81
6/20/2020 13:00,60,32,FALSE,92
6/20/2020 14:00,56,35,FALSE,91
6/20/2020 15:00,59,32,FALSE,91
6/20/2020 16:00,57,30,FALSE,87
6/20/2020 17:00,57,31,FALSE,88
6/20/2020 18:00,62,30,FALSE,92
6/20/2020 19:00,63,33,FALSE,96
6/20/2020 20:00,61,33,FALSE,94
6/20/2020 21:00,73,37,FALSE,110
6/20/2020 22:00,72,43,FALSE,115
6/20/2020 23:00,72,40,FALSE,112
6/21/2020 0:00,76,38,FALSE,114
6/21/2020 1:00,85,37,FALSE,122
6/21/2020 2:00,85,38,FALSE,123
6/21/2020 3:00,64,36,FALSE,100
6/21/2020 4:00,53,34,FALSE,87
6/21/2020 5:00,61,32,FALSE,93
6/21/2020 6:00,51,32,FALSE,83
6/21/2020 7:00,46,30,FALSE,76
6/21/2020 8:00,50,30,FALSE,80
6/21/2020 9:00,48,30,FALSE,78
6/21/2020 10:00,51,31,FALSE,82
6/21/2020 11:00,50,35,FALSE,85
6/21/2020 12:00,49,30,FALSE,79
6/21/2020 13:00,56,32,FALSE,88
6/21/2020 14:00,71,32,FALSE,103
6/21/2020 15:00,56,30,FALSE,86
6/21/2020 16:00,57,32,FALSE,89
6/21/2020 17:00,56,35,FALSE,91
6/21/2020 18:00,65,35,FALSE,100
6/21/2020 19:00,59,38,FALSE,97
6/21/2020 20:00,65,39,FALSE,104
6/21/2020 21:00,70,41,FALSE,111
6/21/2020 22:00,64,43,FALSE,107
6/21/2020 23:00,69,44,FALSE,113
6/22/2020 0:00,67,41,FALSE,108
6/22/2020 1:00,67,39,FALSE,106
6/22/2020 2:00,61,43,FALSE,104
6/22/2020 3:00,63,38,FALSE,101
6/22/2020 4:00,57,33,FALSE,90
6/22/2020 5:00,55,35,FALSE,90
6/22/2020 6:00,48,31,FALSE,79
6/22/2020 7:00,54,30,FALSE,84
6/22/2020 8:00,55,30,FALSE,85
6/22/2020 9:00,53,29,FALSE,82
6/22/2020 10:00,50,34,FALSE,84
6/22/2020 11:00,56,35,FALSE,91
6/22/2020 12:00,52,33,FALSE,85
6/22/2020 13:00,57,35,FALSE,92
6/22/2020 14:00,61,36,FALSE,97
6/22/2020 15:00,61,35,FALSE,96
6/22/2020 16:00,60,37,FALSE,97
6/22/2020 17:00,67,37,FALSE,104
6/22/2020 18:00,68,39,FALSE,107
6/22/2020 19:00,69,39,FALSE,108
6/22/2020 20:00,74,45,FALSE,119
6/22/2020 21:00,78,48,FALSE,126
6/22/2020 22:00,76,50,FALSE,126
6/22/2020 23:00,80,51,FALSE,131
6/23/2020 0:00,78,45,FALSE,123
6/23/2020 1:00,78,48,FALSE,126
6/23/2020 2:00,73,46,FALSE,119
6/23/2020 3:00,69,45,FALSE,114
6/23/2020 4:00,68,43,FALSE,111
6/23/2020 5:00,69,44,FALSE,113
6/23/2020 6:00,55,35,FALSE,90
6/23/2020 7:00,60,34,FALSE,94
6/23/2020 8:00,57,35,FALSE,92
6/23/2020 9:00,58,31,FALSE,89
6/23/2020 10:00,57,35,FALSE,92
6/23/2020 11:00,54,34,FALSE,88
6/23/2020 12:00,56,32,FALSE,88
6/23/2020 13:00,57,33,FALSE,90
6/23/2020 14:00,58,34,FALSE,92
6/23/2020 15:00,61,37,FALSE,98
6/23/2020 16:00,62,39,FALSE,101
6/23/2020 17:00,63,35,FALSE,98
6/23/2020 18:00,64,37,FALSE,101
6/23/2020 19:00,68,38,FALSE,106
6/23/2020 20:00,73,40,FALSE,113
6/23/2020 21:00,72,43,FALSE,115
6/23/2020 22:00,73,48,FALSE,121
6/23/2020 23:00,78,42,FALSE,120
6/24/2020 0:00,73,48,FALSE,121
6/24/2020 0:00,78,51,FALSE,129
6/24/2020 1:00,74,44,FALSE,118
6/24/2020 2:00,82,46,FALSE,128
6/24/2020 3:00,68,43,FALSE,111
6/24/2020 4:00,73,40,FALSE,113
6/24/2020 5:00,65,44,FALSE,109
6/24/2020 6:00,61,37,FALSE,98
6/24/2020 7:00,58,34,FALSE,92
6/24/2020 8:00,58,35,FALSE,93
6/24/2020 9:00,59,33,FALSE,92
6/24/2020 10:00,56,35,FALSE,91
6/24/2020 11:00,59,40,FALSE,99
6/24/2020 12:00,57,39,FALSE,96
6/24/2020 13:00,60,39,FALSE,99
6/24/2020 14:00,63,39,FALSE,102
6/24/2020 15:00,64,37,FALSE,101
6/24/2020 16:00,61,37,FALSE,98
6/24/2020 17:00,65,37,FALSE,102
6/24/2020 18:00,65,37,FALSE,102
6/24/2020 19:00,71,39,FALSE,110
6/24/2020 20:00,71,43,FALSE,114
6/24/2020 21:00,74,45,FALSE,119
6/24/2020 22:00,72,44,FALSE,116
6/24/2020 23:00,75,47,FALSE,122
6/25/2020 0:00,81,45,FALSE,126
6/25/2020 1:00,72,42,FALSE,114
6/25/2020 2:00,73,40,FALSE,113
6/25/2020 3:00,70,47,FALSE,117
6/25/2020 4:00,69,47,FALSE,116
6/25/2020 5:00,63,37,FALSE,100
6/25/2020 6:00,59,38,FALSE,97
6/25/2020 7:00,52,33,FALSE,85
6/25/2020 8:00,58,30,FALSE,88
6/25/2020 9:00,53,29,FALSE,82
6/25/2020 10:00,54,30,FALSE,84
6/25/2020 11:00,53,34,FALSE,87
6/25/2020 12:00,55,34,FALSE,89
6/25/2020 13:00,59,32,FALSE,91
6/25/2020 14:00,59,34,FALSE,93
6/25/2020 15:00,65,36,FALSE,101
6/25/2020 16:00,67,39,FALSE,106
6/25/2020 17:00,65,36,FALSE,101
6/25/2020 18:00,68,39,FALSE,107
6/25/2020 19:00,76,37,FALSE,113
6/25/2020 20:00,75,42,FALSE,117
6/25/2020 21:00,71,47,FALSE,118
6/25/2020 22:00,76,47,FALSE,123
6/25/2020 23:00,69,42,FALSE,111
6/26/2020 0:00,73,42,FALSE,115
6/26/2020 1:00,71,43,FALSE,114
6/26/2020 2:00,76,40,FALSE,116
6/26/2020 3:00,65,45,FALSE,110
6/26/2020 4:00,62,42,FALSE,104
6/26/2020 5:00,59,38,FALSE,97
6/26/2020 6:00,55,32,FALSE,87
6/26/2020 7:00,55,36,FALSE,91
6/26/2020 8:00,55,35,FALSE,90
6/26/2020 9:00,59,35,FALSE,94
6/26/2020 10:00,55,34,FALSE,89
6/26/2020 11:00,52,33,FALSE,85
6/26/2020 12:00,60,45,FALSE,105
6/26/2020 13:00,56,38,FALSE,94
6/26/2020 14:00,58,34,FALSE,92
6/26/2020 15:00,60,35,FALSE,95
6/26/2020 16:00,62,33,FALSE,95
6/26/2020 17:00,62,39,FALSE,101
6/26/2020 18:00,60,38,FALSE,98
6/26/2020 19:00,67,38,FALSE,105
6/26/2020 20:00,68,40,FALSE,108
6/26/2020 21:00,73,43,FALSE,116
6/26/2020 22:00,72,47,FALSE,119
6/26/2020 23:00,77,43,FALSE,120
6/27/2020 0:00,72,41,FALSE,113
6/27/2020 1:00,76,41,FALSE,117
6/27/2020 2:00,76,41,FALSE,117
6/27/2020 3:00,77,41,FALSE,118
6/27/2020 4:00,74,38,FALSE,112
6/27/2020 5:00,65,38,FALSE,103
6/27/2020 6:00,57,33,FALSE,90
6/27/2020 7:00,53,33,FALSE,86
6/27/2020 8:00,53,34,FALSE,87
6/27/2020 9:00,51,31,FALSE,82
6/27/2020 10:00,52,35,FALSE,87
6/27/2020 11:00,59,34,FALSE,93
6/27/2020 12:00,55,33,FALSE,88
6/27/2020 13:00,55,36,FALSE,91
6/27/2020 14:00,59,35,FALSE,94
6/27/2020 15:00,60,35,FALSE,95
6/27/2020 16:00,67,34,FALSE,101
6/27/2020 17:00,64,34,FALSE,98
6/27/2020 18:00,67,39,FALSE,106
6/27/2020 19:00,65,40,FALSE,105
6/27/2020 20:00,75,56,FALSE,131
6/27/2020 21:00,78,53,FALSE,131
6/27/2020 22:00,83,51,FALSE,134
6/27/2020 23:00,83,54,FALSE,137
6/28/2020 0:00,93,48,FALSE,141
6/28/2020 1:00,94,49,FALSE,143
6/28/2020 2:00,100,50,FALSE,150
6/28/2020 3:00,82,46,FALSE,128
6/28/2020 4:00,72,44,FALSE,116
6/28/2020 5:00,66,40,FALSE,106
6/28/2020 6:00,57,40,FALSE,97
6/28/2020 7:00,53,36,FALSE,89
6/28/2020 8:00,52,36,FALSE,88
6/28/2020 9:00,53,33,FALSE,86
6/28/2020 10:00,56,36,FALSE,92
6/28/2020 11:00,53,36,FALSE,89
6/28/2020 12:00,59,37,FALSE,96
6/28/2020 13:00,59,40,FALSE,99
6/28/2020 14:00,62,38,FALSE,100
6/28/2020 15:00,61,38,FALSE,99
6/28/2020 16:00,63,35,FALSE,98
6/28/2020 17:00,60,35,FALSE,95
6/28/2020 18:00,63,40,FALSE,103
6/28/2020 19:00,68,38,FALSE,106
6/28/2020 20:00,73,41,FALSE,114
6/28/2020 21:00,75,49,FALSE,124
6/28/2020 22:00,74,48,FALSE,122
6/28/2020 23:00,75,48,FALSE,123
6/29/2020 0:00,77,41,FALSE,118
6/29/2020 1:00,77,45,FALSE,122
6/29/2020 2:00,72,42,FALSE,114
6/29/2020 3:00,70,40,FALSE,110
6/29/2020 4:00,68,37,FALSE,105
6/29/2020 5:00,61,36,FALSE,97
6/29/2020 6:00,56,33,FALSE,89
6/29/2020 7:00,54,35,FALSE,89
6/29/2020 8:00,59,32,FALSE,91
6/29/2020 9:00,55,31,FALSE,86
6/29/2020 10:00,56,34,FALSE,90
6/29/2020 11:00,56,34,FALSE,90
6/29/2020 12:00,51,32,FALSE,83
6/29/2020 13:00,56,37,FALSE,93
6/29/2020 14:00,63,39,FALSE,102
6/29/2020 15:00,59,35,FALSE,94
6/29/2020 16:00,65,36,FALSE,101
6/29/2020 17:00,61,36,FALSE,97
6/29/2020 18:00,64,38,FALSE,102
6/29/2020 19:00,67,36,FALSE,103
6/29/2020 20:00,75,43,FALSE,118
6/29/2020 21:00,71,46,FALSE,117
6/29/2020 22:00,70,46,FALSE,116
6/29/2020 23:00,79,45,FALSE,124
6/30/2020 0:00,76,44,FALSE,120
6/30/2020 1:00,80,47,FALSE,127
6/30/2020 2:00,72,48,FALSE,120
6/30/2020 3:00,66,41,FALSE,107
6/30/2020 4:00,64,44,FALSE,108
6/30/2020 5:00,65,37,FALSE,102
6/30/2020 6:00,52,34,FALSE,86
6/30/2020 7:00,53,33,FALSE,86
6/30/2020 8:00,55,33,FALSE,88
6/30/2020 9:00,53,31,FALSE,84
6/30/2020 10:00,50,32,FALSE,82
6/30/2020 11:00,52,32,FALSE,84
6/30/2020 12:00,58,35,FALSE,93
6/30/2020 13:00,59,34,FALSE,93
6/30/2020 14:00,60,34,FALSE,94
6/30/2020 15:00,63,35,FALSE,98
6/30/2020 16:00,63,33,FALSE,96
6/30/2020 17:00,62,38,FALSE,100
6/30/2020 18:00,64,39,FALSE,103
6/30/2020 19:00,67,38,FALSE,105
6/30/2020 20:00,76,41,FALSE,117
6/30/2020 21:00,71,43,FALSE,114
6/30/2020 22:00,71,45,FALSE,116
6/30/2020 23:00,70,43,FALSE,113
7/1/2020 0:00,73,46,FALSE,119
7/1/2020 0:00,97,61,FALSE,158
7/1/2020 1:00,98,52,FALSE,150
7/1/2020 2:00,94,55,FALSE,149
7/1/2020 3:00,92,59,FALSE,151
7/1/2020 4:00,83,58,FALSE,141
7/1/2020 5:00,84,51,FALSE,135
7/1/2020 6:00,68,42,FALSE,110
7/1/2020 7:00,71,43,FALSE,114
7/1/2020 8:00,74,41,FALSE,115
7/1/2020 9:00,73,39,FALSE,112
7/1/2020 10:00,67,40,FALSE,107
7/1/2020 11:00,71,47,FALSE,118
7/1/2020 12:00,71,45,FALSE,116
7/1/2020 13:00,77,45,FALSE,122
7/1/2020 14:00,78,44,FALSE,122
7/1/2020 15:00,78,47,FALSE,125
7/1/2020 16:00,80,47,FALSE,127
7/1/2020 17:00,82,47,FALSE,129
7/1/2020 18:00,83,45,FALSE,128
7/1/2020 19:00,82,49,FALSE,131
7/1/2020 20:00,98,57,FALSE,155
7/1/2020 21:00,92,58,FALSE,150
7/1/2020 22:00,94,60,FALSE,154
7/1/2020 23:00,100,61,FALSE,161
7/2/2020 0:00,94,56,FALSE,150
7/2/2020 1:00,88,51,FALSE,139
7/2/2020 2:00,90,59,FALSE,149
7/2/2020 3:00,87,63,FALSE,150
7/2/2020 4:00,87,54,FALSE,141
7/2/2020 5:00,85,51,FALSE,136
7/2/2020 6:00,74,48,FALSE,122
7/2/2020 7:00,70,47,FALSE,117
7/2/2020 8:00,73,40,FALSE,113
7/2/2020 9:00,68,43,FALSE,111
7/2/2020 10:00,72,42,FALSE,114
7/2/2020 11:00,69,46,FALSE,115
7/2/2020 12:00,72,44,FALSE,116
7/2/2020 13:00,79,46,FALSE,125
7/2/2020 14:00,76,48,FALSE,124
7/2/2020 15:00,76,51,FALSE,127
7/2/2020 16:00,79,45,FALSE,124
7/2/2020 17:00,82,45,FALSE,127
7/2/2020 18:00,85,49,FALSE,134
7/2/2020 19:00,98,53,FALSE,151
7/2/2020 20:00,93,51,FALSE,144
7/2/2020 21:00,90,54,FALSE,144
7/2/2020 22:00,86,53,FALSE,139
7/2/2020 23:00,92,53,FALSE,145
7/3/2020 0:00,87,50,FALSE,137
7/3/2020 1:00,97,54,FALSE,151
7/3/2020 2:00,98,53,FALSE,151
7/3/2020 3:00,84,54,FALSE,138
7/3/2020 4:00,87,49,FALSE,136
7/3/2020 5:00,78,48,FALSE,126
7/3/2020 6:00,71,44,FALSE,115
7/3/2020 7:00,70,42,FALSE,112
7/3/2020 8:00,66,44,FALSE,110
7/3/2020 9:00,70,40,FALSE,110
7/3/2020 10:00,71,37,FALSE,108
7/3/2020 11:00,71,44,FALSE,115
7/3/2020 12:00,70,43,FALSE,113
7/3/2020 13:00,71,46,FALSE,117
7/3/2020 14:00,75,46,FALSE,121
7/3/2020 15:00,75,43,FALSE,118
7/3/2020 16:00,77,46,FALSE,123
7/3/2020 17:00,75,45,FALSE,120
7/3/2020 18:00,78,46,FALSE,124
7/3/2020 19:00,76,48,FALSE,124
7/3/2020 20:00,83,50,FALSE,133
7/3/2020 21:00,84,54,FALSE,138
7/3/2020 22:00,83,53,FALSE,136
7/3/2020 23:00,86,56,FALSE,142
7/4/2020 0:00,86,52,FALSE,138
7/4/2020 1:00,90,53,FALSE,143
7/4/2020 2:00,85,49,FALSE,134
7/4/2020 3:00,86,59,FALSE,145
7/4/2020 4:00,83,50,FALSE,133
7/4/2020 5:00,77,49,FALSE,126
7/4/2020 6:00,65,45,FALSE,110
7/4/2020 7:00,61,44,FALSE,105
7/4/2020 8:00,67,43,FALSE,110
7/4/2020 9:00,65,43,FALSE,108
7/4/2020 10:00,62,42,FALSE,104
7/4/2020 11:00,66,42,FALSE,108
7/4/2020 12:00,66,44,FALSE,110
7/4/2020 13:00,69,47,FALSE,116
7/4/2020 14:00,76,45,FALSE,121
7/4/2020 15:00,76,43,FALSE,119
7/4/2020 16:00,73,45,FALSE,118
7/4/2020 17:00,74,45,FALSE,119
7/4/2020 18:00,76,53,FALSE,129
7/4/2020 19:00,80,46,FALSE,126
7/4/2020 20:00,80,51,FALSE,131
7/4/2020 21:00,85,53,FALSE,138
7/4/2020 22:00,79,56,FALSE,135
7/4/2020 23:00,83,51,FALSE,134
7/5/2020 0:00,89,51,FALSE,140
7/5/2020 1:00,80,49,FALSE,129
7/5/2020 2:00,75,47,FALSE,122
7/5/2020 3:00,78,48,FALSE,126
7/5/2020 4:00,76,48,FALSE,124
7/5/2020 5:00,77,47,FALSE,124
7/5/2020 6:00,69,48,FALSE,117
7/5/2020 7:00,66,46,FALSE,112
7/5/2020 8:00,61,43,FALSE,104
7/5/2020 9:00,64,40,FALSE,104
7/5/2020 10:00,62,43,FALSE,105
7/5/2020 11:00,60,41,FALSE,101
7/5/2020 12:00,65,42,FALSE,107
7/5/2020 13:00,76,44,FALSE,120
7/5/2020 14:00,76,51,FALSE,127
7/5/2020 15:00,75,48,FALSE,123
7/5/2020 16:00,71,44,FALSE,115
7/5/2020 17:00,75,48,FALSE,123
7/5/2020 18:00,79,49,FALSE,128
7/5/2020 19:00,86,53,FALSE,139
7/5/2020 20:00,91,52,FALSE,143
7/5/2020 21:00,89,54,FALSE,143
7/5/2020 22:00,96,61,FALSE,157
7/5/2020 23:00,94,55,FALSE,149
7/6/2020 0:00,93,55,FALSE,148
7/6/2020 1:00,90,52,FALSE,142
7/6/2020 2:00,88,52,FALSE,140
7/6/2020 3:00,78,54,FALSE,132
7/6/2020 4:00,82,51,FALSE,133
7/6/2020 5:00,81,48,FALSE,129
7/6/2020 6:00,74,45,FALSE,119
7/6/2020 7:00,73,52,FALSE,125
7/6/2020 8:00,76,49,FALSE,125
7/6/2020 9:00,72,47,FALSE,119
7/6/2020 10:00,72,56,FALSE,128
7/6/2020 11:00,78,60,FALSE,138
7/6/2020 12:00,79,63,FALSE,142
7/6/2020 13:00,81,66,FALSE,147
7/6/2020 14:00,80,62,FALSE,142
7/6/2020 15:00,81,59,FALSE,140
7/6/2020 16:00,81,62,FALSE,143
7/6/2020 17:00,84,59,FALSE,143
7/6/2020 18:00,79,54,FALSE,133
7/6/2020 19:00,87,62,FALSE,149
7/6/2020 20:00,94,64,FALSE,158
7/6/2020 21:00,97,74,FALSE,171
7/6/2020 22:00,99,71,FALSE,170
7/6/2020 23:00,96,69,FALSE,165
7/7/2020 0:00,92,68,FALSE,160
7/7/2020 1:00,100,73,FALSE,173
7/7/2020 2:00,97,64,FALSE,161
7/7/2020 3:00,88,68,FALSE,156
7/7/2020 4:00,96,67,FALSE,163
7/7/2020 5:00,91,61,FALSE,152
7/7/2020 6:00,78,57,FALSE,135
7/7/2020 7:00,69,49,FALSE,118
7/7/2020 8:00,70,48,FALSE,118
7/7/2020 9:00,71,43,FALSE,114
7/7/2020 10:00,71,48,FALSE,119
7/7/2020 11:00,69,47,FALSE,116
7/7/2020 12:00,75,48,FALSE,123
7/7/2020 13:00,75,52,FALSE,127
7/7/2020 14:00,80,47,FALSE,127
7/7/2020 15:00,81,50,FALSE,131
7/7/2020 16:00,82,52,FALSE,134
7/7/2020 17:00,83,55,FALSE,138
7/7/2020 18:00,90,52,FALSE,142
7/7/2020 19:00,90,51,FALSE,141
7/7/2020 20:00,93,56,FALSE,149
7/7/2020 21:00,94,57,FALSE,151
7/7/2020 22:00,94,66,FALSE,160
7/7/2020 23:00,92,61,FALSE,153
7/8/2020 0:00,93,65,FALSE,158
7/15/2020 0:00,87,60,FALSE,147
7/15/2020 1:00,78,56,FALSE,134
7/15/2020 2:00,83,57,FALSE,140
7/15/2020 3:00,75,56,FALSE,131
7/15/2020 4:00,74,53,FALSE,127
7/15/2020 5:00,69,51,FALSE,120
7/15/2020 6:00,65,45,FALSE,110
7/15/2020 7:00,59,42,FALSE,101
7/15/2020 8:00,67,38,FALSE,105
7/15/2020 9:00,64,40,FALSE,104
7/15/2020 10:00,62,43,FALSE,105
7/15/2020 11:00,63,47,FALSE,110
7/15/2020 12:00,66,45,FALSE,111
7/15/2020 13:00,71,43,FALSE,114
7/15/2020 14:00,68,44,FALSE,112
7/15/2020 15:00,72,46,FALSE,118
7/15/2020 16:00,73,47,FALSE,120
7/15/2020 17:00,73,50,FALSE,123
7/15/2020 18:00,73,49,FALSE,122
7/15/2020 19:00,76,51,FALSE,127
7/15/2020 20:00,88,57,FALSE,145
7/15/2020 21:00,90,59,FALSE,149
7/15/2020 22:00,93,65,FALSE,158
7/15/2020 23:00,97,63,FALSE,160
7/16/2020 0:00,91,57,FALSE,148
7/16/2020 1:00,86,55,FALSE,141
7/16/2020 2:00,80,52,FALSE,132
7/16/2020 3:00,87,50,FALSE,137
7/16/2020 4:00,79,51,FALSE,130
7/16/2020 5:00,79,46,FALSE,125
7/16/2020 6:00,73,40,FALSE,113
7/16/2020 7:00,68,44,FALSE,112
7/16/2020 8:00,63,41,FALSE,104
7/16/2020 9:00,66,40,FALSE,106
7/16/2020 10:00,62,47,FALSE,109
7/16/2020 11:00,68,47,FALSE,115
7/16/2020 12:00,65,44,FALSE,109
7/16/2020 13:00,67,41,FALSE,108
7/16/2020 14:00,77,44,FALSE,121
7/16/2020 15:00,75,43,FALSE,118
7/16/2020 16:00,74,46,FALSE,120
7/16/2020 17:00,75,47,FALSE,122
7/16/2020 18:00,78,47,FALSE,125
7/16/2020 19:00,81,48,FALSE,129
7/16/2020 20:00,80,51,FALSE,131
7/16/2020 21:00,80,56,FALSE,136
7/16/2020 22:00,77,49,FALSE,126
7/16/2020 23:00,91,54,FALSE,145
7/17/2020 0:00,79,60,FALSE,139
7/17/2020 1:00,77,53,FALSE,130
7/17/2020 2:00,78,52,FALSE,130
7/17/2020 3:00,73,52,FALSE,125
7/17/2020 4:00,74,48,FALSE,122
7/17/2020 5:00,73,48,FALSE,121
7/17/2020 6:00,65,42,FALSE,107
7/17/2020 7:00,61,40,FALSE,101
7/17/2020 8:00,60,36,FALSE,96
7/17/2020 9:00,64,42,FALSE,106
7/17/2020 10:00,59,38,FALSE,97
7/17/2020 11:00,64,41,FALSE,105
7/17/2020 12:00,63,46,FALSE,109
7/17/2020 13:00,66,48,FALSE,114
7/17/2020 14:00,70,43,FALSE,113
7/17/2020 15:00,71,45,FALSE,116
7/17/2020 16:00,67,41,FALSE,108
7/17/2020 17:00,72,46,FALSE,118
7/17/2020 18:00,70,41,FALSE,111
7/17/2020 19:00,76,48,FALSE,124
7/17/2020 20:00,78,51,FALSE,129
7/17/2020 21:00,80,53,FALSE,133
7/17/2020 22:00,87,55,FALSE,142
7/17/2020 23:00,76,51,FALSE,127
7/18/2020 0:00,75,50,FALSE,125
7/18/2020 1:00,80,51,FALSE,131
7/18/2020 2:00,77,46,FALSE,123
7/18/2020 3:00,76,51,FALSE,127
7/18/2020 4:00,68,47,FALSE,115
7/18/2020 5:00,70,43,FALSE,113
7/18/2020 6:00,59,41,FALSE,100
7/18/2020 7:00,53,40,FALSE,93
7/18/2020 8:00,55,38,FALSE,93
7/18/2020 9:00,58,38,FALSE,96
7/18/2020 10:00,55,38,FALSE,93
7/18/2020 11:00,55,39,FALSE,94
7/18/2020 12:00,58,40,FALSE,98
7/18/2020 13:00,68,43,FALSE,111
7/18/2020 14:00,70,45,FALSE,115
7/18/2020 15:00,70,41,FALSE,111
7/18/2020 16:00,66,44,FALSE,110
7/18/2020 17:00,73,57,FALSE,130
7/18/2020 18:00,76,54,FALSE,130
7/18/2020 19:00,80,50,FALSE,130
7/18/2020 20:00,76,56,FALSE,132
7/18/2020 21:00,94,58,FALSE,152
7/18/2020 22:00,84,62,FALSE,146
7/18/2020 23:00,90,59,FALSE,149
7/19/2020 0:00,100,57,FALSE,157
7/19/2020 1:00,92,52,FALSE,144
7/19/2020 2:00,84,55,FALSE,139
7/19/2020 3:00,77,55,FALSE,132
7/19/2020 4:00,70,47,FALSE,117
7/19/2020 5:00,68,47,FALSE,115
7/19/2020 6:00,64,48,FALSE,112
7/19/2020 7:00,60,44,FALSE,104
7/19/2020 8:00,59,43,FALSE,102
7/19/2020 9:00,60,43,FALSE,103
7/19/2020 10:00,55,41,FALSE,96
7/19/2020 11:00,62,47,FALSE,109
7/19/2020 12:00,61,44,FALSE,105
7/19/2020 13:00,64,42,FALSE,106
7/19/2020 14:00,66,43,FALSE,109
7/19/2020 15:00,73,44,FALSE,117
7/19/2020 16:00,67,43,FALSE,110
7/19/2020 17:00,73,45,FALSE,118
7/19/2020 18:00,70,46,FALSE,116
7/19/2020 19:00,71,45,FALSE,116
7/19/2020 20:00,75,55,FALSE,130
7/19/2020 21:00,85,57,FALSE,142
7/19/2020 22:00,82,57,FALSE,139
7/19/2020 23:00,84,57,FALSE,141
7/20/2020 0:00,87,54,FALSE,141
7/20/2020 1:00,86,54,FALSE,140
7/20/2020 2:00,76,52,FALSE,128
7/20/2020 3:00,70,49,FALSE,119
7/20/2020 4:00,68,49,FALSE,117
7/20/2020 5:00,70,46,FALSE,116
7/20/2020 6:00,64,45,FALSE,109
7/20/2020 7:00,58,44,FALSE,102
7/20/2020 8:00,61,40,FALSE,101
7/20/2020 9:00,67,41,FALSE,108
7/20/2020 10:00,60,43,FALSE,103
7/20/2020 11:00,59,44,FALSE,103
7/20/2020 12:00,60,42,FALSE,102
7/20/2020 13:00,66,44,FALSE,110
7/20/2020 14:00,69,48,FALSE,117
7/20/2020 15:00,67,43,FALSE,110
7/20/2020 16:00,67,45,FALSE,112
7/20/2020 17:00,71,47,FALSE,118
7/20/2020 18:00,76,49,FALSE,125
7/20/2020 19:00,76,50,FALSE,126
7/20/2020 20:00,80,53,FALSE,133
7/20/2020 21:00,79,54,FALSE,133
7/20/2020 22:00,81,58,FALSE,139
7/20/2020 23:00,80,58,FALSE,138
7/21/2020 0:00,78,59,FALSE,137
7/21/2020 1:00,80,57,FALSE,137
7/21/2020 2:00,77,51,FALSE,128
7/21/2020 3:00,80,54,FALSE,134
7/21/2020 4:00,73,49,FALSE,122
7/21/2020 5:00,81,55,FALSE,136
7/21/2020 6:00,72,48,FALSE,120
7/21/2020 7:00,82,45,FALSE,127
7/21/2020 8:00,63,47,FALSE,110
7/21/2020 9:00,69,44,FALSE,113
7/21/2020 10:00,66,46,FALSE,112
7/21/2020 11:00,81,50,FALSE,131
7/21/2020 12:00,66,52,FALSE,118
7/21/2020 13:00,72,51,FALSE,123
7/21/2020 14:00,68,51,FALSE,119
7/21/2020 15:00,71,51,FALSE,122
7/21/2020 16:00,70,51,FALSE,121
7/21/2020 17:00,77,52,FALSE,129
7/21/2020 18:00,81,56,FALSE,137
7/21/2020 19:00,81,60,FALSE,141
7/21/2020 20:00,86,57,FALSE,143
7/21/2020 21:00,87,65,FALSE,152
7/21/2020 22:00,84,66,FALSE,150
7/21/2020 23:00,84,58,FALSE,142
7/22/2020 0:00,90,57,FALSE,147
7/22/2020 0:00,60,38,FALSE,98
7/22/2020 1:00,58,35,FALSE,93
7/22/2020 2:00,49,37,FALSE,86
7/22/2020 3:00,46,35,FALSE,81
7/22/2020 4:00,50,34,FALSE,84
7/22/2020 5:00,50,31,FALSE,81
7/22/2020 6:00,47,30,FALSE,77
7/22/2020 7:00,41,25,FALSE,66
7/22/2020 8:00,42,26,FALSE,68
7/22/2020 9:00,43,26,FALSE,69
7/22/2020 10:00,42,26,FALSE,68
7/22/2020 11:00,40,28,FALSE,68
7/22/2020 12:00,38,28,FALSE,66
7/22/2020 13:00,46,28,FALSE,74
7/22/2020 14:00,46,27,FALSE,73
7/22/2020 15:00,45,28,FALSE,73
7/22/2020 16:00,44,28,FALSE,72
7/22/2020 17:00,49,29,FALSE,78
7/22/2020 18:00,50,35,FALSE,85
7/22/2020 19:00,57,38,FALSE,95
7/22/2020 20:00,53,42,FALSE,95
7/22/2020 21:00,58,42,FALSE,100
7/22/2020 22:00,54,46,FALSE,100
7/22/2020 23:00,55,52,FALSE,107
7/23/2020 0:00,58,53,FALSE,111
7/23/2020 1:00,56,47,FALSE,103
7/23/2020 2:00,51,47,FALSE,98
7/23/2020 3:00,50,47,FALSE,97
7/23/2020 4:00,52,48,FALSE,100
7/23/2020 5:00,51,42,FALSE,93
7/23/2020 6:00,47,40,FALSE,87
7/23/2020 7:00,46,33,FALSE,79
7/23/2020 8:00,47,34,FALSE,81
7/23/2020 9:00,45,34,FALSE,79
7/23/2020 10:00,46,37,FALSE,83
7/23/2020 11:00,42,35,FALSE,77
7/23/2020 12:00,48,39,FALSE,87
7/23/2020 13:00,49,49,FALSE,98
7/23/2020 14:00,55,47,FALSE,102
7/23/2020 15:00,50,43,FALSE,93
7/23/2020 16:00,52,48,FALSE,100
7/23/2020 17:00,53,49,FALSE,102
7/23/2020 18:00,54,44,FALSE,98
7/23/2020 19:00,57,49,FALSE,106
7/23/2020 20:00,56,51,FALSE,107
7/23/2020 21:00,60,49,FALSE,109
7/23/2020 22:00,60,54,FALSE,114
7/23/2020 23:00,67,51,FALSE,118
7/24/2020 0:00,62,49,FALSE,111
7/24/2020 1:00,54,46,FALSE,100
7/24/2020 2:00,55,45,FALSE,100
7/24/2020 3:00,49,44,FALSE,93
7/24/2020 4:00,52,41,FALSE,93
7/24/2020 5:00,47,39,FALSE,86
7/24/2020 6:00,43,34,FALSE,77
7/24/2020 7:00,42,31,FALSE,73
7/24/2020 8:00,41,28,FALSE,69
7/24/2020 9:00,46,29,FALSE,75
7/24/2020 10:00,40,32,FALSE,72
7/24/2020 11:00,42,31,FALSE,73
7/24/2020 12:00,45,32,FALSE,77
7/24/2020 13:00,47,34,FALSE,81
7/24/2020 14:00,49,33,FALSE,82
7/24/2020 15:00,49,34,FALSE,83
7/24/2020 16:00,45,32,FALSE,77
7/24/2020 17:00,48,34,FALSE,82
7/24/2020 18:00,49,34,FALSE,83
7/24/2020 19:00,50,36,FALSE,86
7/24/2020 20:00,53,38,FALSE,91
7/24/2020 21:00,60,44,FALSE,104
7/24/2020 22:00,58,44,FALSE,102
7/24/2020 23:00,59,40,FALSE,99
7/25/2020 0:00,56,40,FALSE,96
7/25/2020 1:00,54,35,FALSE,89
7/25/2020 2:00,57,38,FALSE,95
7/25/2020 3:00,52,40,FALSE,92
7/25/2020 4:00,50,38,FALSE,88
7/25/2020 5:00,49,39,FALSE,88
7/25/2020 6:00,46,36,FALSE,82
7/25/2020 7:00,45,37,FALSE,82
7/25/2020 8:00,45,34,FALSE,79
7/25/2020 9:00,45,35,FALSE,80
7/25/2020 10:00,43,32,FALSE,75
7/25/2020 11:00,42,36,FALSE,78
7/25/2020 12:00,42,32,FALSE,74
7/25/2020 13:00,50,33,FALSE,83
7/25/2020 14:00,46,32,FALSE,78
7/25/2020 15:00,49,34,FALSE,83
7/25/2020 16:00,49,37,FALSE,86
7/25/2020 17:00,53,43,FALSE,96
7/25/2020 18:00,51,43,FALSE,94
7/25/2020 19:00,59,56,FALSE,115
7/25/2020 20:00,70,68,FALSE,138
7/25/2020 21:00,73,66,FALSE,139
7/25/2020 22:00,70,62,FALSE,132
7/25/2020 23:00,73,60,FALSE,133
7/26/2020 0:00,75,56,FALSE,131
7/26/2020 1:00,73,56,FALSE,129
7/26/2020 2:00,78,60,FALSE,138
7/26/2020 3:00,70,71,FALSE,141
7/26/2020 4:00,58,61,FALSE,119
7/26/2020 5:00,58,56,FALSE,114
7/26/2020 6:00,59,73,FALSE,132
7/26/2020 7:00,58,63,FALSE,121
7/26/2020 8:00,59,64,FALSE,123
7/26/2020 9:00,58,57,FALSE,115
7/26/2020 10:00,54,55,FALSE,109
7/26/2020 11:00,52,52,FALSE,104
7/26/2020 12:00,54,49,FALSE,103
7/26/2020 13:00,53,48,FALSE,101
7/26/2020 14:00,58,47,FALSE,105
7/26/2020 15:00,66,49,FALSE,115
7/26/2020 16:00,57,45,FALSE,102
7/26/2020 17:00,53,48,FALSE,101
7/26/2020 18:00,55,47,FALSE,102
7/26/2020 19:00,61,51,FALSE,112
7/26/2020 20:00,58,52,FALSE,110
7/26/2020 21:00,64,53,FALSE,117
7/26/2020 22:00,64,56,FALSE,120
7/26/2020 23:00,65,58,FALSE,123
7/27/2020 0:00,57,49,FALSE,106
7/27/2020 1:00,61,59,FALSE,120
7/27/2020 2:00,58,54,FALSE,112
7/27/2020 3:00,58,53,FALSE,111
7/27/2020 4:00,59,54,FALSE,113
7/27/2020 5:00,60,52,FALSE,112
7/27/2020 6:00,59,48,FALSE,107
7/27/2020 7:00,53,46,FALSE,99
7/27/2020 8:00,57,42,FALSE,99
7/27/2020 9:00,50,41,FALSE,91
7/27/2020 10:00,53,45,FALSE,98
7/27/2020 11:00,56,46,FALSE,102
7/27/2020 12:00,56,54,FALSE,110
7/27/2020 13:00,55,53,FALSE,108
7/27/2020 14:00,59,50,FALSE,109
7/27/2020 15:00,59,51,FALSE,110
7/27/2020 16:00,58,50,FALSE,108
7/27/2020 17:00,65,59,FALSE,124
7/27/2020 18:00,68,64,FALSE,132
7/27/2020 19:00,68,62,FALSE,130
7/27/2020 20:00,76,73,FALSE,149
7/27/2020 21:00,75,79,FALSE,154
7/27/2020 22:00,82,100,FALSE,182
7/27/2020 23:00,72,85,FALSE,157
7/28/2020 0:00,72,77,FALSE,149
7/28/2020 1:00,69,72,FALSE,141
7/28/2020 2:00,62,69,FALSE,131
7/28/2020 3:00,62,63,FALSE,125
7/28/2020 4:00,67,63,FALSE,130
7/28/2020 5:00,65,61,FALSE,126
7/28/2020 6:00,57,50,FALSE,107
7/28/2020 7:00,57,49,FALSE,106
7/28/2020 8:00,54,44,FALSE,98
7/28/2020 9:00,54,43,FALSE,97
7/28/2020 10:00,53,46,FALSE,99
7/28/2020 11:00,52,46,FALSE,98
7/28/2020 12:00,52,48,FALSE,100
7/28/2020 13:00,56,48,FALSE,104
7/28/2020 14:00,57,52,FALSE,109
7/28/2020 15:00,62,57,FALSE,119
7/28/2020 16:00,59,56,FALSE,115
7/28/2020 17:00,63,54,FALSE,117
7/28/2020 18:00,68,56,FALSE,124
7/28/2020 19:00,68,57,FALSE,125
7/28/2020 20:00,82,86,FALSE,168
7/28/2020 21:00,80,90,FALSE,170
7/28/2020 22:00,75,80,FALSE,155
7/28/2020 23:00,69,72,FALSE,141
7/29/2020 0:00,71,69,FALSE,140
7/29/2020 0:00,25,24,FALSE,49
7/29/2020 1:00,24,27,FALSE,51
7/29/2020 2:00,26,32,FALSE,58
7/29/2020 3:00,26,35,FALSE,61
7/29/2020 4:00,26,34,FALSE,60
7/29/2020 5:00,28,31,FALSE,59
7/29/2020 6:00,25,28,FALSE,53
7/29/2020 7:00,24,23,FALSE,47
7/29/2020 8:00,23,21,FALSE,44
7/29/2020 9:00,23,21,FALSE,44
7/29/2020 10:00,22,23,FALSE,45
7/29/2020 11:00,23,28,FALSE,51
7/29/2020 12:00,24,26,FALSE,50
7/29/2020 13:00,25,24,FALSE,49
7/29/2020 14:00,23,25,FALSE,48
7/29/2020 15:00,24,24,FALSE,48
7/29/2020 16:00,24,25,FALSE,49
7/29/2020 17:00,24,23,FALSE,47
7/29/2020 18:00,24,24,FALSE,48
7/29/2020 19:00,26,27,FALSE,53
7/29/2020 20:00,28,31,FALSE,59
7/29/2020 21:00,32,42,FALSE,74
7/29/2020 22:00,30,42,FALSE,72
7/29/2020 23:00,25,32,FALSE,57
7/30/2020 0:00,24,29,FALSE,53
7/30/2020 1:00,24,25,FALSE,49
7/30/2020 2:00,22,24,FALSE,46
7/30/2020 3:00,22,23,FALSE,45
7/30/2020 4:00,22,22,FALSE,44
7/30/2020 5:00,21,21,FALSE,42
7/30/2020 6:00,22,19,FALSE,41
7/30/2020 7:00,21,20,FALSE,41
7/30/2020 8:00,22,21,FALSE,43
7/30/2020 9:00,21,19,FALSE,40
7/30/2020 10:00,20,19,FALSE,39
7/30/2020 11:00,19,18,FALSE,37
7/30/2020 12:00,18,19,FALSE,37
7/30/2020 13:00,21,19,FALSE,40
7/30/2020 14:00,20,19,FALSE,39
7/30/2020 15:00,21,19,FALSE,40
7/30/2020 16:00,21,20,FALSE,41
7/30/2020 17:00,22,20,FALSE,42
7/30/2020 18:00,21,21,FALSE,42
7/30/2020 19:00,23,22,FALSE,45
7/30/2020 20:00,25,27,FALSE,52
7/30/2020 21:00,27,26,FALSE,53
7/30/2020 22:00,26,24,FALSE,50
7/30/2020 23:00,26,26,FALSE,52
7/31/2020 0:00,24,22,FALSE,46
7/31/2020 1:00,26,23,FALSE,49
7/31/2020 2:00,23,23,FALSE,46
7/31/2020 3:00,24,22,FALSE,46
7/31/2020 4:00,21,20,FALSE,41
7/31/2020 5:00,22,21,FALSE,43
7/31/2020 6:00,21,19,FALSE,40
7/31/2020 7:00,19,17,FALSE,36
7/31/2020 8:00,18,16,FALSE,34
7/31/2020 9:00,19,16,FALSE,35
7/31/2020 10:00,18,17,FALSE,35
7/31/2020 11:00,19,20,FALSE,39
7/31/2020 12:00,20,19,FALSE,39
7/31/2020 13:00,20,19,FALSE,39
7/31/2020 14:00,21,20,FALSE,41
7/31/2020 15:00,22,19,FALSE,41
7/31/2020 16:00,22,24,FALSE,46
7/31/2020 17:00,25,28,FALSE,53
7/31/2020 18:00,23,25,FALSE,48
7/31/2020 19:00,27,31,FALSE,58
7/31/2020 20:00,27,32,FALSE,59
7/31/2020 21:00,29,32,FALSE,61
7/31/2020 22:00,29,34,FALSE,63
7/31/2020 23:00,28,37,FALSE,65
8/1/2020 0:00,26,35,FALSE,61
8/1/2020 1:00,27,32,FALSE,59
8/1/2020 2:00,25,31,FALSE,56
8/1/2020 3:00,24,33,FALSE,57
8/1/2020 4:00,26,37,FALSE,63
8/1/2020 5:00,28,44,FALSE,72
8/1/2020 6:00,28,38,FALSE,66
8/1/2020 7:00,28,32,FALSE,60
8/1/2020 8:00,27,31,FALSE,58
8/1/2020 9:00,26,31,FALSE,57
8/1/2020 10:00,28,35,FALSE,63
8/1/2020 11:00,26,32,FALSE,58
8/1/2020 12:00,27,36,FALSE,63
8/1/2020 13:00,25,32,FALSE,57
8/1/2020 14:00,25,30,FALSE,55
8/1/2020 15:00,25,29,FALSE,54
8/1/2020 16:00,30,39,FALSE,69
8/1/2020 17:00,37,55,FALSE,92
8/1/2020 18:00,35,54,FALSE,89
8/1/2020 19:00,44,69,FALSE,113
8/1/2020 20:00,43,69,FALSE,112
8/1/2020 21:00,42,67,FALSE,109
8/1/2020 22:00,39,59,FALSE,98
8/1/2020 23:00,36,55,FALSE,91
8/2/2020 0:00,36,50,FALSE,86
8/2/2020 1:00,33,48,FALSE,81
8/2/2020 2:00,37,61,FALSE,98
8/2/2020 3:00,48,100,FALSE,148
8/2/2020 4:00,45,87,FALSE,132
8/2/2020 5:00,34,56,FALSE,90
8/2/2020 6:00,30,45,FALSE,75
8/2/2020 7:00,32,45,FALSE,77
8/2/2020 8:00,34,48,FALSE,82
8/2/2020 9:00,29,38,FALSE,67
8/2/2020 10:00,28,38,FALSE,66
8/2/2020 11:00,27,37,FALSE,64
8/2/2020 12:00,26,36,FALSE,62
8/2/2020 13:00,27,35,FALSE,62
8/2/2020 14:00,27,35,FALSE,62
8/2/2020 15:00,27,36,FALSE,63
8/2/2020 16:00,28,35,FALSE,63
8/2/2020 17:00,28,38,FALSE,66
8/2/2020 18:00,29,35,FALSE,64
8/2/2020 19:00,29,36,FALSE,65
8/2/2020 20:00,30,37,FALSE,67
8/2/2020 21:00,31,38,FALSE,69
8/2/2020 22:00,30,41,FALSE,71
8/2/2020 23:00,26,37,FALSE,63
8/3/2020 0:00,28,38,FALSE,66
8/3/2020 1:00,26,37,FALSE,63
8/3/2020 2:00,24,37,FALSE,61
8/3/2020 3:00,24,33,FALSE,57
8/3/2020 4:00,25,32,FALSE,57
8/3/2020 5:00,26,31,FALSE,57
8/3/2020 6:00,26,31,FALSE,57
8/3/2020 7:00,27,30,FALSE,57
8/3/2020 8:00,25,29,FALSE,54
8/3/2020 9:00,26,29,FALSE,55
8/3/2020 10:00,26,28,FALSE,54
8/3/2020 11:00,26,30,FALSE,56
8/3/2020 12:00,27,34,FALSE,61
8/3/2020 13:00,32,45,FALSE,77
8/3/2020 14:00,35,49,FALSE,84
8/3/2020 15:00,31,42,FALSE,73
8/3/2020 16:00,31,43,FALSE,74
8/3/2020 17:00,33,41,FALSE,74
8/3/2020 18:00,33,45,FALSE,78
8/3/2020 19:00,36,50,FALSE,86
8/3/2020 20:00,37,50,FALSE,87
8/3/2020 21:00,35,49,FALSE,84
8/3/2020 22:00,34,47,FALSE,81
8/3/2020 23:00,28,43,FALSE,71
8/4/2020 0:00,30,43,FALSE,73
8/4/2020 1:00,30,44,FALSE,74
8/4/2020 2:00,28,40,FALSE,68
8/4/2020 3:00,25,36,FALSE,61
8/4/2020 4:00,30,37,FALSE,67
8/4/2020 5:00,30,36,FALSE,66
8/4/2020 6:00,28,32,FALSE,60
8/4/2020 7:00,27,27,FALSE,54
8/4/2020 8:00,26,27,FALSE,53
8/4/2020 9:00,26,27,FALSE,53
8/4/2020 10:00,25,27,FALSE,52
8/4/2020 11:00,25,28,FALSE,53
8/4/2020 12:00,24,31,FALSE,55
8/4/2020 13:00,25,32,FALSE,57
8/4/2020 14:00,26,28,FALSE,54
8/4/2020 15:00,25,29,FALSE,54
8/4/2020 16:00,26,27,FALSE,53
8/4/2020 17:00,25,26,FALSE,51
8/4/2020 18:00,27,27,FALSE,54
8/4/2020 19:00,27,28,FALSE,55
8/4/2020 20:00,28,31,FALSE,59
8/4/2020 21:00,29,32,FALSE,61
8/4/2020 22:00,28,32,FALSE,60
8/4/2020 23:00,26,30,FALSE,56
8/5/2020 0:00,26,28,FALSE,54
8/5/2020 0:00,81,85,FALSE,166
8/5/2020 1:00,78,88,FALSE,166
8/5/2020 2:00,82,95,FALSE,177
8/5/2020 3:00,78,83,FALSE,161
8/5/2020 4:00,79,77,FALSE,156
8/5/2020 5:00,77,83,FALSE,160
8/5/2020 6:00,72,66,FALSE,138
8/5/2020 7:00,74,65,FALSE,139
8/5/2020 8:00,65,61,FALSE,126
8/5/2020 9:00,70,63,FALSE,133
8/5/2020 10:00,68,69,FALSE,137
8/5/2020 11:00,69,71,FALSE,140
8/5/2020 12:00,69,70,FALSE,139
8/5/2020 13:00,71,77,FALSE,148
8/5/2020 14:00,71,75,FALSE,146
8/5/2020 15:00,72,74,FALSE,146
8/5/2020 16:00,71,75,FALSE,146
8/5/2020 17:00,73,76,FALSE,149
8/5/2020 18:00,79,75,FALSE,154
8/5/2020 19:00,82,81,FALSE,163
8/5/2020 20:00,89,95,FALSE,184
8/5/2020 21:00,85,99,FALSE,184
8/5/2020 22:00,84,100,FALSE,184
8/5/2020 23:00,77,90,FALSE,167
8/6/2020 0:00,72,83,FALSE,155
8/6/2020 1:00,70,80,FALSE,150
8/6/2020 2:00,71,80,FALSE,151
8/6/2020 3:00,70,83,FALSE,153
8/6/2020 4:00,74,73,FALSE,147
8/6/2020 5:00,70,72,FALSE,142
8/6/2020 6:00,69,65,FALSE,134
8/6/2020 7:00,72,61,FALSE,133
8/6/2020 8:00,70,60,FALSE,130
8/6/2020 9:00,70,60,FALSE,130
8/6/2020 10:00,71,63,FALSE,134
8/6/2020 11:00,63,63,FALSE,126
8/6/2020 12:00,69,62,FALSE,131
8/6/2020 13:00,73,65,FALSE,138
8/6/2020 14:00,77,72,FALSE,149
8/6/2020 15:00,78,81,FALSE,159
8/6/2020 16:00,73,75,FALSE,148
8/6/2020 17:00,74,72,FALSE,146
8/6/2020 18:00,78,77,FALSE,155
8/6/2020 19:00,80,80,FALSE,160
8/6/2020 20:00,86,88,FALSE,174
8/6/2020 21:00,83,89,FALSE,172
8/6/2020 22:00,78,84,FALSE,162
8/6/2020 23:00,78,85,FALSE,163
8/7/2020 0:00,73,85,FALSE,158
8/7/2020 1:00,72,77,FALSE,149
8/7/2020 2:00,72,74,FALSE,146
8/7/2020 3:00,69,77,FALSE,146
8/7/2020 4:00,73,75,FALSE,148
8/7/2020 5:00,68,74,FALSE,142
8/7/2020 6:00,70,65,FALSE,135
8/7/2020 7:00,63,59,FALSE,122
8/7/2020 8:00,64,56,FALSE,120
8/7/2020 9:00,69,62,FALSE,131
8/7/2020 10:00,64,61,FALSE,125
8/7/2020 11:00,64,61,FALSE,125
8/7/2020 12:00,62,60,FALSE,122
8/7/2020 13:00,65,66,FALSE,131
8/7/2020 14:00,68,61,FALSE,129
8/7/2020 15:00,67,61,FALSE,128
8/7/2020 16:00,65,63,FALSE,128
8/7/2020 17:00,64,67,FALSE,131
8/7/2020 18:00,78,68,FALSE,146
8/7/2020 19:00,88,64,FALSE,152
8/7/2020 20:00,78,61,FALSE,139
8/7/2020 21:00,75,75,FALSE,150
8/7/2020 22:00,72,73,FALSE,145
8/7/2020 23:00,68,70,FALSE,138
8/8/2020 0:00,72,68,FALSE,140
8/8/2020 1:00,69,64,FALSE,133
8/8/2020 2:00,68,66,FALSE,134
8/8/2020 3:00,71,68,FALSE,139
8/8/2020 4:00,64,63,FALSE,127
8/8/2020 5:00,65,61,FALSE,126
8/8/2020 6:00,62,54,FALSE,116
8/8/2020 7:00,57,49,FALSE,106
8/8/2020 8:00,58,47,FALSE,105
8/8/2020 9:00,58,49,FALSE,107
8/8/2020 10:00,55,54,FALSE,109
8/8/2020 11:00,60,55,FALSE,115
8/8/2020 12:00,60,53,FALSE,113
8/8/2020 13:00,60,54,FALSE,114
8/8/2020 14:00,64,57,FALSE,121
8/8/2020 15:00,64,57,FALSE,121
8/8/2020 16:00,66,57,FALSE,123
8/8/2020 17:00,65,54,FALSE,119
8/8/2020 18:00,72,55,FALSE,127
8/8/2020 19:00,76,59,FALSE,135
8/8/2020 20:00,76,66,FALSE,142
8/8/2020 21:00,76,71,FALSE,147
8/8/2020 22:00,84,75,FALSE,159
8/8/2020 23:00,78,75,FALSE,153
8/9/2020 0:00,82,71,FALSE,153
8/9/2020 1:00,83,72,FALSE,155
8/9/2020 2:00,94,69,FALSE,163
8/9/2020 3:00,76,68,FALSE,144
8/9/2020 4:00,70,66,FALSE,136
8/9/2020 5:00,66,63,FALSE,129
8/9/2020 6:00,64,58,FALSE,122
8/9/2020 7:00,58,51,FALSE,109
8/9/2020 8:00,64,54,FALSE,118
8/9/2020 9:00,60,50,FALSE,110
8/9/2020 10:00,59,51,FALSE,110
8/9/2020 11:00,62,57,FALSE,119
8/9/2020 12:00,62,57,FALSE,119
8/9/2020 13:00,62,62,FALSE,124
8/9/2020 14:00,69,62,FALSE,131
8/9/2020 15:00,65,62,FALSE,127
8/9/2020 16:00,66,56,FALSE,122
8/9/2020 17:00,67,59,FALSE,126
8/9/2020 18:00,69,61,FALSE,130
8/9/2020 19:00,75,63,FALSE,138
8/9/2020 20:00,76,71,FALSE,147
8/9/2020 21:00,77,75,FALSE,152
8/9/2020 22:00,73,72,FALSE,145
8/9/2020 23:00,73,72,FALSE,145
8/10/2020 0:00,69,68,FALSE,137
8/10/2020 1:00,69,70,FALSE,139
8/10/2020 2:00,72,75,FALSE,147
8/10/2020 3:00,69,74,FALSE,143
8/10/2020 4:00,67,68,FALSE,135
8/10/2020 5:00,69,67,FALSE,136
8/10/2020 6:00,61,59,FALSE,120
8/10/2020 7:00,61,58,FALSE,119
8/10/2020 8:00,64,56,FALSE,120
8/10/2020 9:00,58,54,FALSE,112
8/10/2020 10:00,63,58,FALSE,121
8/10/2020 11:00,60,56,FALSE,116
8/10/2020 12:00,57,59,FALSE,116
8/10/2020 13:00,62,60,FALSE,122
8/10/2020 14:00,68,64,FALSE,132
8/10/2020 15:00,63,59,FALSE,122
8/10/2020 16:00,67,63,FALSE,130
8/10/2020 17:00,65,62,FALSE,127
8/10/2020 18:00,70,64,FALSE,134
8/10/2020 19:00,77,66,FALSE,143
8/10/2020 20:00,78,74,FALSE,152
8/10/2020 21:00,78,79,FALSE,157
8/10/2020 22:00,77,80,FALSE,157
8/10/2020 23:00,69,76,FALSE,145
8/11/2020 0:00,70,73,FALSE,143
8/11/2020 1:00,76,97,FALSE,173
8/11/2020 2:00,68,83,FALSE,151
8/11/2020 3:00,72,76,FALSE,148
8/11/2020 4:00,72,76,FALSE,148
8/11/2020 5:00,74,69,FALSE,143
8/11/2020 6:00,66,62,FALSE,128
8/11/2020 7:00,59,55,FALSE,114
8/11/2020 8:00,60,51,FALSE,111
8/11/2020 9:00,60,49,FALSE,109
8/11/2020 10:00,57,55,FALSE,112
8/11/2020 11:00,58,56,FALSE,114
8/11/2020 12:00,56,57,FALSE,113
8/11/2020 13:00,58,53,FALSE,111
8/11/2020 14:00,62,55,FALSE,117
8/11/2020 15:00,62,56,FALSE,118
8/11/2020 16:00,61,57,FALSE,118
8/11/2020 17:00,60,55,FALSE,115
8/11/2020 18:00,66,57,FALSE,123
8/11/2020 19:00,67,56,FALSE,123
8/11/2020 20:00,72,69,FALSE,141
8/11/2020 21:00,72,80,FALSE,152
8/11/2020 22:00,69,74,FALSE,143
8/11/2020 23:00,70,69,FALSE,139
8/12/2020 0:00,71,66,FALSE,137
8/12/2020 0:00,46,43,FALSE,89
8/12/2020 1:00,43,42,FALSE,85
8/12/2020 2:00,43,46,FALSE,89
8/12/2020 3:00,39,41,FALSE,80
8/12/2020 4:00,40,39,FALSE,79
8/12/2020 5:00,40,38,FALSE,78
8/12/2020 6:00,38,33,FALSE,71
8/12/2020 7:00,37,32,FALSE,69
8/12/2020 8:00,38,29,FALSE,67
8/12/2020 9:00,36,30,FALSE,66
8/12/2020 10:00,34,32,FALSE,66
8/12/2020 11:00,35,32,FALSE,67
8/12/2020 12:00,35,32,FALSE,67
8/12/2020 13:00,37,33,FALSE,70
8/12/2020 14:00,38,36,FALSE,74
8/12/2020 15:00,39,36,FALSE,75
8/12/2020 16:00,37,36,FALSE,73
8/12/2020 17:00,39,37,FALSE,76
8/12/2020 18:00,40,38,FALSE,78
8/12/2020 19:00,48,38,FALSE,86
8/12/2020 20:00,46,40,FALSE,86
8/12/2020 21:00,45,44,FALSE,89
8/12/2020 22:00,48,45,FALSE,93
8/12/2020 23:00,44,47,FALSE,91
8/13/2020 0:00,44,47,FALSE,91
8/13/2020 1:00,43,46,FALSE,89
8/13/2020 2:00,42,43,FALSE,85
8/13/2020 3:00,41,43,FALSE,84
8/13/2020 4:00,42,38,FALSE,80
8/13/2020 5:00,41,38,FALSE,79
8/13/2020 6:00,39,35,FALSE,74
8/13/2020 7:00,40,33,FALSE,73
8/13/2020 8:00,37,33,FALSE,70
8/13/2020 9:00,37,32,FALSE,69
8/13/2020 10:00,37,31,FALSE,68
8/13/2020 11:00,38,36,FALSE,74
8/13/2020 12:00,37,37,FALSE,74
8/13/2020 13:00,38,36,FALSE,74
8/13/2020 14:00,39,36,FALSE,75
8/13/2020 15:00,39,37,FALSE,76
8/13/2020 16:00,41,35,FALSE,76
8/13/2020 17:00,43,40,FALSE,83
8/13/2020 18:00,45,38,FALSE,83
8/13/2020 19:00,54,42,FALSE,96
8/13/2020 20:00,52,45,FALSE,97
8/13/2020 21:00,56,56,FALSE,112
8/13/2020 22:00,51,60,FALSE,111
8/13/2020 23:00,49,61,FALSE,110
8/14/2020 0:00,48,61,FALSE,109
8/14/2020 1:00,48,53,FALSE,101
8/14/2020 2:00,45,50,FALSE,95
8/14/2020 3:00,45,49,FALSE,94
8/14/2020 4:00,43,45,FALSE,88
8/14/2020 5:00,46,43,FALSE,89
8/14/2020 6:00,40,40,FALSE,80
8/14/2020 7:00,41,39,FALSE,80
8/14/2020 8:00,41,34,FALSE,75
8/14/2020 9:00,37,35,FALSE,72
8/14/2020 10:00,39,37,FALSE,76
8/14/2020 11:00,38,38,FALSE,76
8/14/2020 12:00,40,41,FALSE,81
8/14/2020 13:00,42,43,FALSE,85
8/14/2020 14:00,43,40,FALSE,83
8/14/2020 15:00,42,39,FALSE,81
8/14/2020 16:00,41,40,FALSE,81
8/14/2020 17:00,42,42,FALSE,84
8/14/2020 18:00,54,48,FALSE,102
8/14/2020 19:00,60,48,FALSE,108
8/14/2020 20:00,52,47,FALSE,99
8/14/2020 21:00,47,49,FALSE,96
8/14/2020 22:00,48,52,FALSE,100
8/14/2020 23:00,45,50,FALSE,95
8/15/2020 0:00,45,48,FALSE,93
8/15/2020 1:00,45,50,FALSE,95
8/15/2020 2:00,41,46,FALSE,87
8/15/2020 3:00,42,42,FALSE,84
8/15/2020 4:00,43,43,FALSE,86
8/15/2020 5:00,43,40,FALSE,83
8/15/2020 6:00,41,37,FALSE,78
8/15/2020 7:00,38,36,FALSE,74
8/15/2020 8:00,41,34,FALSE,75
8/15/2020 9:00,37,34,FALSE,71
8/15/2020 10:00,36,36,FALSE,72
8/15/2020 11:00,38,34,FALSE,72
8/15/2020 12:00,39,36,FALSE,75
8/15/2020 13:00,39,34,FALSE,73
8/15/2020 14:00,39,38,FALSE,77
8/15/2020 15:00,43,36,FALSE,79
8/15/2020 16:00,40,37,FALSE,77
8/15/2020 17:00,40,36,FALSE,76
8/15/2020 18:00,46,40,FALSE,86
8/15/2020 19:00,52,38,FALSE,90
8/15/2020 20:00,51,41,FALSE,92
8/15/2020 21:00,50,45,FALSE,95
8/15/2020 22:00,52,48,FALSE,100
8/15/2020 23:00,56,46,FALSE,102
8/16/2020 0:00,55,43,FALSE,98
8/16/2020 1:00,63,42,FALSE,105
8/16/2020 2:00,91,43,FALSE,134
8/16/2020 3:00,100,43,FALSE,143
8/16/2020 4:00,68,41,FALSE,109
8/16/2020 5:00,42,39,FALSE,81
8/16/2020 6:00,40,38,FALSE,78
8/16/2020 7:00,38,36,FALSE,74
8/16/2020 8:00,37,33,FALSE,70
8/16/2020 9:00,38,34,FALSE,72
8/16/2020 10:00,35,30,FALSE,65
8/16/2020 11:00,37,36,FALSE,73
8/16/2020 12:00,38,34,FALSE,72
8/16/2020 13:00,38,34,FALSE,72
8/16/2020 14:00,40,36,FALSE,76
8/16/2020 15:00,41,38,FALSE,79
8/16/2020 16:00,41,39,FALSE,80
8/16/2020 17:00,43,35,FALSE,78
8/16/2020 18:00,47,38,FALSE,85
8/16/2020 19:00,50,38,FALSE,88
8/16/2020 20:00,48,43,FALSE,91
8/16/2020 21:00,49,47,FALSE,96
8/16/2020 22:00,51,48,FALSE,99
8/16/2020 23:00,44,48,FALSE,92
8/17/2020 0:00,45,45,FALSE,90
8/17/2020 1:00,44,44,FALSE,88
8/17/2020 2:00,45,41,FALSE,86
8/17/2020 3:00,39,41,FALSE,80
8/17/2020 4:00,43,40,FALSE,83
8/17/2020 5:00,38,35,FALSE,73
8/17/2020 6:00,41,35,FALSE,76
8/17/2020 7:00,36,32,FALSE,68
8/17/2020 8:00,36,31,FALSE,67
8/17/2020 9:00,35,32,FALSE,67
8/17/2020 10:00,38,37,FALSE,75
8/17/2020 11:00,38,39,FALSE,77
8/17/2020 12:00,40,44,FALSE,84
8/17/2020 13:00,47,60,FALSE,107
8/17/2020 14:00,47,52,FALSE,99
8/17/2020 15:00,46,48,FALSE,94
8/17/2020 16:00,53,70,FALSE,123
8/17/2020 17:00,56,71,FALSE,127
8/17/2020 18:00,57,79,FALSE,136
8/17/2020 19:00,58,70,FALSE,128
8/17/2020 20:00,62,75,FALSE,137
8/17/2020 21:00,64,80,FALSE,144
8/17/2020 22:00,57,76,FALSE,133
8/17/2020 23:00,51,64,FALSE,115
8/18/2020 0:00,51,65,FALSE,116
8/18/2020 1:00,51,59,FALSE,110
8/18/2020 2:00,51,57,FALSE,108
8/18/2020 3:00,48,56,FALSE,104
8/18/2020 4:00,50,53,FALSE,103
8/18/2020 5:00,50,52,FALSE,102
8/18/2020 6:00,45,45,FALSE,90
8/18/2020 7:00,44,41,FALSE,85
8/18/2020 8:00,45,41,FALSE,86
8/18/2020 9:00,43,42,FALSE,85
8/18/2020 10:00,44,42,FALSE,86
8/18/2020 11:00,44,44,FALSE,88
8/18/2020 12:00,41,42,FALSE,83
8/18/2020 13:00,44,43,FALSE,87
8/18/2020 14:00,44,42,FALSE,86
8/18/2020 15:00,42,39,FALSE,81
8/18/2020 16:00,41,41,FALSE,82
8/18/2020 17:00,43,40,FALSE,83
8/18/2020 18:00,51,41,FALSE,92
8/18/2020 19:00,57,43,FALSE,100
8/18/2020 20:00,52,46,FALSE,98
8/18/2020 21:00,49,49,FALSE,98
8/18/2020 22:00,49,50,FALSE,99
8/18/2020 23:00,48,48,FALSE,96
8/19/2020 0:00,44,43,FALSE,87
8/19/2020 0:00,80,80,FALSE,160
8/19/2020 1:00,89,86,FALSE,175
8/19/2020 2:00,84,85,FALSE,169
8/19/2020 3:00,86,77,FALSE,163
8/19/2020 4:00,82,89,FALSE,171
8/19/2020 5:00,85,77,FALSE,162
8/19/2020 6:00,76,76,FALSE,152
8/19/2020 7:00,66,64,FALSE,130
8/19/2020 8:00,67,58,FALSE,125
8/19/2020 9:00,66,57,FALSE,123
8/19/2020 10:00,72,65,FALSE,137
8/19/2020 11:00,63,62,FALSE,125
8/19/2020 12:00,67,60,FALSE,127
8/19/2020 13:00,70,62,FALSE,132
8/19/2020 14:00,75,69,FALSE,144
8/19/2020 15:00,77,70,FALSE,147
8/19/2020 16:00,73,67,FALSE,140
8/19/2020 17:00,75,70,FALSE,145
8/19/2020 18:00,85,72,FALSE,157
8/19/2020 19:00,95,78,FALSE,173
8/19/2020 20:00,92,83,FALSE,175
8/19/2020 21:00,87,85,FALSE,172
8/19/2020 22:00,86,88,FALSE,174
8/19/2020 23:00,83,85,FALSE,168
8/20/2020 0:00,79,80,FALSE,159
8/20/2020 1:00,83,79,FALSE,162
8/20/2020 2:00,83,80,FALSE,163
8/20/2020 3:00,85,75,FALSE,160
8/20/2020 4:00,77,73,FALSE,150
8/20/2020 5:00,72,68,FALSE,140
8/20/2020 6:00,73,65,FALSE,138
8/20/2020 7:00,67,55,FALSE,122
8/20/2020 8:00,68,50,FALSE,118
8/20/2020 9:00,69,52,FALSE,121
8/20/2020 10:00,71,57,FALSE,128
8/20/2020 11:00,67,59,FALSE,126
8/20/2020 12:00,69,57,FALSE,126
8/20/2020 13:00,70,58,FALSE,128
8/20/2020 14:00,76,62,FALSE,138
8/20/2020 15:00,76,64,FALSE,140
8/20/2020 16:00,73,59,FALSE,132
8/20/2020 17:00,78,63,FALSE,141
8/20/2020 18:00,78,65,FALSE,143
8/20/2020 19:00,79,79,FALSE,158
8/20/2020 20:00,85,81,FALSE,166
8/20/2020 21:00,79,78,FALSE,157
8/20/2020 22:00,84,80,FALSE,164
8/20/2020 23:00,78,80,FALSE,158
8/21/2020 0:00,79,72,FALSE,151
8/21/2020 1:00,87,76,FALSE,163
8/21/2020 2:00,75,71,FALSE,146
8/21/2020 3:00,73,72,FALSE,145
8/21/2020 4:00,72,74,FALSE,146
8/21/2020 5:00,77,67,FALSE,144
8/21/2020 6:00,70,60,FALSE,130
8/21/2020 7:00,69,59,FALSE,128
8/21/2020 8:00,63,56,FALSE,119
8/21/2020 9:00,69,55,FALSE,124
8/21/2020 10:00,65,57,FALSE,122
8/21/2020 11:00,67,58,FALSE,125
8/21/2020 12:00,64,59,FALSE,123
8/21/2020 13:00,64,58,FALSE,122
8/21/2020 14:00,67,66,FALSE,133
8/21/2020 15:00,66,59,FALSE,125
8/21/2020 16:00,65,61,FALSE,126
8/21/2020 17:00,68,66,FALSE,134
8/21/2020 18:00,71,63,FALSE,134
8/21/2020 19:00,80,65,FALSE,145
8/21/2020 20:00,77,68,FALSE,145
8/21/2020 21:00,78,75,FALSE,153
8/21/2020 22:00,82,75,FALSE,157
8/21/2020 23:00,79,82,FALSE,161
8/22/2020 0:00,80,77,FALSE,157
8/22/2020 1:00,84,78,FALSE,162
8/22/2020 2:00,80,71,FALSE,151
8/22/2020 3:00,86,69,FALSE,155
8/22/2020 4:00,72,68,FALSE,140
8/22/2020 5:00,69,65,FALSE,134
8/22/2020 6:00,64,62,FALSE,126
8/22/2020 7:00,61,59,FALSE,120
8/22/2020 8:00,58,53,FALSE,111
8/22/2020 9:00,56,55,FALSE,111
8/22/2020 10:00,58,53,FALSE,111
8/22/2020 11:00,63,57,FALSE,120
8/22/2020 12:00,61,54,FALSE,115
8/22/2020 13:00,66,56,FALSE,122
8/22/2020 14:00,65,56,FALSE,121
8/22/2020 15:00,66,56,FALSE,122
8/22/2020 16:00,67,57,FALSE,124
8/22/2020 17:00,70,55,FALSE,125
8/22/2020 18:00,69,56,FALSE,125
8/22/2020 19:00,70,62,FALSE,132
8/22/2020 20:00,83,62,FALSE,145
8/22/2020 21:00,85,68,FALSE,153
8/22/2020 22:00,81,70,FALSE,151
8/22/2020 23:00,80,72,FALSE,152
8/23/2020 0:00,85,73,FALSE,158
8/23/2020 1:00,85,68,FALSE,153
8/23/2020 2:00,99,70,FALSE,169
8/23/2020 3:00,74,60,FALSE,134
8/23/2020 4:00,63,65,FALSE,128
8/23/2020 5:00,66,58,FALSE,124
8/23/2020 6:00,61,56,FALSE,117
8/23/2020 7:00,61,54,FALSE,115
8/23/2020 8:00,56,51,FALSE,107
8/23/2020 9:00,57,50,FALSE,107
8/23/2020 10:00,52,47,FALSE,99
8/23/2020 11:00,57,53,FALSE,110
8/23/2020 12:00,59,56,FALSE,115
8/23/2020 13:00,65,54,FALSE,119
8/23/2020 14:00,66,56,FALSE,122
8/23/2020 15:00,64,53,FALSE,117
8/23/2020 16:00,67,55,FALSE,122
8/23/2020 17:00,71,55,FALSE,126
8/23/2020 18:00,81,56,FALSE,137
8/23/2020 19:00,100,57,FALSE,157
8/23/2020 20:00,85,63,FALSE,148
8/23/2020 21:00,81,67,FALSE,148
8/23/2020 22:00,83,74,FALSE,157
8/23/2020 23:00,73,71,FALSE,144
8/24/2020 0:00,70,71,FALSE,141
8/24/2020 1:00,77,66,FALSE,143
8/24/2020 2:00,70,69,FALSE,139
8/24/2020 3:00,68,70,FALSE,138
8/24/2020 4:00,73,63,FALSE,136
8/24/2020 5:00,72,61,FALSE,133
8/24/2020 6:00,67,57,FALSE,124
8/24/2020 7:00,62,52,FALSE,114
8/24/2020 8:00,65,49,FALSE,114
8/24/2020 9:00,60,53,FALSE,113
8/24/2020 10:00,64,54,FALSE,118
8/24/2020 11:00,63,62,FALSE,125
8/24/2020 12:00,62,58,FALSE,120
8/24/2020 13:00,62,56,FALSE,118
8/24/2020 14:00,68,58,FALSE,126
8/24/2020 15:00,66,55,FALSE,121
8/24/2020 16:00,68,58,FALSE,126
8/24/2020 17:00,64,57,FALSE,121
8/24/2020 18:00,73,61,FALSE,134
8/24/2020 19:00,71,63,FALSE,134
8/24/2020 20:00,76,74,FALSE,150
8/24/2020 21:00,84,81,FALSE,165
8/24/2020 22:00,82,68,FALSE,150
8/24/2020 23:00,77,72,FALSE,149
8/25/2020 0:00,78,71,FALSE,149
8/25/2020 1:00,75,64,FALSE,139
8/25/2020 2:00,73,67,FALSE,140
8/25/2020 3:00,68,62,FALSE,130
8/25/2020 4:00,70,61,FALSE,131
8/25/2020 5:00,70,61,FALSE,131
8/25/2020 6:00,66,52,FALSE,118
8/25/2020 7:00,61,50,FALSE,111
8/25/2020 8:00,60,47,FALSE,107
8/25/2020 9:00,62,46,FALSE,108
8/25/2020 10:00,61,56,FALSE,117
8/25/2020 11:00,59,52,FALSE,111
8/25/2020 12:00,63,54,FALSE,117
8/25/2020 13:00,64,55,FALSE,119
8/25/2020 14:00,66,57,FALSE,123
8/25/2020 15:00,64,55,FALSE,119
8/25/2020 16:00,67,55,FALSE,122
8/25/2020 17:00,65,61,FALSE,126
8/25/2020 18:00,68,65,FALSE,133
8/25/2020 19:00,67,62,FALSE,129
8/25/2020 20:00,75,70,FALSE,145
8/25/2020 21:00,77,71,FALSE,148
8/25/2020 22:00,74,74,FALSE,148
8/25/2020 23:00,75,71,FALSE,146
8/26/2020 0:00,78,72,FALSE,150
8/26/2020 0:00,48,44,FALSE,92
8/26/2020 1:00,48,38,FALSE,86
8/26/2020 2:00,47,41,FALSE,88
8/26/2020 3:00,42,39,FALSE,81
8/26/2020 4:00,44,39,FALSE,83
8/26/2020 5:00,41,36,FALSE,77
8/26/2020 6:00,41,34,FALSE,75
8/26/2020 7:00,37,31,FALSE,68
8/26/2020 8:00,39,27,FALSE,66
8/26/2020 9:00,41,31,FALSE,72
8/26/2020 10:00,40,32,FALSE,72
8/26/2020 11:00,41,34,FALSE,75
8/26/2020 12:00,38,32,FALSE,70
8/26/2020 13:00,39,34,FALSE,73
8/26/2020 14:00,38,34,FALSE,72
8/26/2020 15:00,38,33,FALSE,71
8/26/2020 16:00,43,35,FALSE,78
8/26/2020 17:00,43,36,FALSE,79
8/26/2020 18:00,46,38,FALSE,84
8/26/2020 19:00,48,39,FALSE,87
8/26/2020 20:00,48,45,FALSE,93
8/26/2020 21:00,49,43,FALSE,92
8/26/2020 22:00,46,41,FALSE,87
8/26/2020 23:00,46,43,FALSE,89
8/27/2020 0:00,45,39,FALSE,84
8/27/2020 1:00,46,41,FALSE,87
8/27/2020 2:00,43,37,FALSE,80
8/27/2020 3:00,41,36,FALSE,77
8/27/2020 4:00,42,37,FALSE,79
8/27/2020 5:00,41,34,FALSE,75
8/27/2020 6:00,39,33,FALSE,72
8/27/2020 7:00,37,31,FALSE,68
8/27/2020 8:00,35,28,FALSE,63
8/27/2020 9:00,36,29,FALSE,65
8/27/2020 10:00,37,30,FALSE,67
8/27/2020 11:00,36,32,FALSE,68
8/27/2020 12:00,38,37,FALSE,75
8/27/2020 13:00,38,34,FALSE,72
8/27/2020 14:00,43,38,FALSE,81
8/27/2020 15:00,43,38,FALSE,81
8/27/2020 16:00,42,37,FALSE,79
8/27/2020 17:00,44,46,FALSE,90
8/27/2020 18:00,41,39,FALSE,80
8/27/2020 19:00,42,41,FALSE,83
8/27/2020 20:00,47,44,FALSE,91
8/27/2020 21:00,48,42,FALSE,90
8/27/2020 22:00,47,42,FALSE,89
8/27/2020 23:00,45,43,FALSE,88
8/28/2020 0:00,45,44,FALSE,89
8/28/2020 1:00,41,40,FALSE,81
8/28/2020 2:00,39,38,FALSE,77
8/28/2020 3:00,37,38,FALSE,75
8/28/2020 4:00,44,36,FALSE,80
8/28/2020 5:00,42,35,FALSE,77
8/28/2020 6:00,38,32,FALSE,70
8/28/2020 7:00,36,31,FALSE,67
8/28/2020 8:00,35,28,FALSE,63
8/28/2020 9:00,35,27,FALSE,62
8/28/2020 10:00,35,30,FALSE,65
8/28/2020 11:00,36,33,FALSE,69
8/28/2020 12:00,36,32,FALSE,68
8/28/2020 13:00,38,32,FALSE,70
8/28/2020 14:00,39,32,FALSE,71
8/28/2020 15:00,41,35,FALSE,76
8/28/2020 16:00,39,34,FALSE,73
8/28/2020 17:00,41,34,FALSE,75
8/28/2020 18:00,40,37,FALSE,77
8/28/2020 19:00,41,36,FALSE,77
8/28/2020 20:00,45,40,FALSE,85
8/28/2020 21:00,46,40,FALSE,86
8/28/2020 22:00,47,45,FALSE,92
8/28/2020 23:00,44,41,FALSE,85
8/29/2020 0:00,44,43,FALSE,87
8/29/2020 1:00,45,38,FALSE,83
8/29/2020 2:00,34,33,FALSE,67
8/29/2020 3:00,37,33,FALSE,70
8/29/2020 4:00,39,35,FALSE,74
8/29/2020 5:00,40,32,FALSE,72
8/29/2020 6:00,36,31,FALSE,67
8/29/2020 7:00,35,30,FALSE,65
8/29/2020 8:00,35,30,FALSE,65
8/29/2020 9:00,34,30,FALSE,64
8/29/2020 10:00,33,29,FALSE,62
8/29/2020 11:00,35,32,FALSE,67
8/29/2020 12:00,36,31,FALSE,67
8/29/2020 13:00,40,30,FALSE,70
8/29/2020 14:00,40,32,FALSE,72
8/29/2020 15:00,52,32,FALSE,84
8/29/2020 16:00,41,33,FALSE,74
8/29/2020 17:00,44,31,FALSE,75
8/29/2020 18:00,39,34,FALSE,73
8/29/2020 19:00,41,36,FALSE,77
8/29/2020 20:00,48,39,FALSE,87
8/29/2020 21:00,46,36,FALSE,82
8/29/2020 22:00,51,41,FALSE,92
8/29/2020 23:00,51,36,FALSE,87
8/30/2020 0:00,50,40,FALSE,90
8/30/2020 1:00,57,38,FALSE,95
8/30/2020 2:00,53,41,FALSE,94
8/30/2020 3:00,56,38,FALSE,94
8/30/2020 4:00,44,39,FALSE,83
8/30/2020 5:00,39,35,FALSE,74
8/30/2020 6:00,38,36,FALSE,74
8/30/2020 7:00,37,33,FALSE,70
8/30/2020 8:00,33,31,FALSE,64
8/30/2020 9:00,34,29,FALSE,63
8/30/2020 10:00,33,27,FALSE,60
8/30/2020 11:00,33,30,FALSE,63
8/30/2020 12:00,34,32,FALSE,66
8/30/2020 13:00,38,34,FALSE,72
8/30/2020 14:00,38,34,FALSE,72
8/30/2020 15:00,39,34,FALSE,73
8/30/2020 16:00,39,37,FALSE,76
8/30/2020 17:00,43,36,FALSE,79
8/30/2020 18:00,43,36,FALSE,79
8/30/2020 19:00,45,40,FALSE,85
8/30/2020 20:00,50,45,FALSE,95
8/30/2020 21:00,48,42,FALSE,90
8/30/2020 22:00,49,46,FALSE,95
8/30/2020 23:00,49,45,FALSE,94
8/31/2020 0:00,44,45,FALSE,89
8/31/2020 1:00,47,44,FALSE,91
8/31/2020 2:00,44,42,FALSE,86
8/31/2020 3:00,41,42,FALSE,83
8/31/2020 4:00,43,40,FALSE,83
8/31/2020 5:00,40,37,FALSE,77
8/31/2020 6:00,37,32,FALSE,69
8/31/2020 7:00,35,31,FALSE,66
8/31/2020 8:00,36,30,FALSE,66
8/31/2020 9:00,33,32,FALSE,65
8/31/2020 10:00,35,31,FALSE,66
8/31/2020 11:00,35,32,FALSE,67
8/31/2020 12:00,36,32,FALSE,68
8/31/2020 13:00,35,34,FALSE,69
8/31/2020 14:00,40,35,FALSE,75
8/31/2020 15:00,37,35,FALSE,72
8/31/2020 16:00,39,35,FALSE,74
8/31/2020 17:00,40,36,FALSE,76
8/31/2020 18:00,42,36,FALSE,78
8/31/2020 19:00,41,39,FALSE,80
8/31/2020 20:00,46,42,FALSE,88
8/31/2020 21:00,46,45,FALSE,91
8/31/2020 22:00,45,46,FALSE,91
8/31/2020 23:00,48,44,FALSE,92
9/1/2020 0:00,48,42,FALSE,90
9/1/2020 1:00,45,40,FALSE,85
9/1/2020 2:00,42,40,FALSE,82
9/1/2020 3:00,43,42,FALSE,85
9/1/2020 4:00,40,40,FALSE,80
9/1/2020 5:00,41,43,FALSE,84
9/1/2020 6:00,41,44,FALSE,85
9/1/2020 7:00,39,42,FALSE,81
9/1/2020 8:00,40,36,FALSE,76
9/1/2020 9:00,39,36,FALSE,75
9/1/2020 10:00,39,36,FALSE,75
9/1/2020 11:00,40,38,FALSE,78
9/1/2020 12:00,37,38,FALSE,75
9/1/2020 13:00,40,36,FALSE,76
9/1/2020 14:00,41,38,FALSE,79
9/1/2020 15:00,41,41,FALSE,82
9/1/2020 16:00,43,41,FALSE,84
9/1/2020 17:00,44,38,FALSE,82
9/1/2020 18:00,44,39,FALSE,83
9/1/2020 19:00,48,46,FALSE,94
9/1/2020 20:00,58,49,FALSE,107
9/1/2020 21:00,92,49,FALSE,141
9/1/2020 22:00,100,59,FALSE,159
9/1/2020 23:00,93,53,FALSE,146
9/2/2020 0:00,85,55,FALSE,140
9/2/2020 0:00,99,63,FALSE,162
9/2/2020 1:00,100,62,FALSE,162
9/2/2020 2:00,96,57,FALSE,153
9/2/2020 3:00,66,53,FALSE,119
9/2/2020 4:00,59,53,FALSE,112
9/2/2020 5:00,55,52,FALSE,107
9/2/2020 6:00,51,43,FALSE,94
9/2/2020 7:00,43,38,FALSE,81
9/2/2020 8:00,46,38,FALSE,84
9/2/2020 9:00,43,37,FALSE,80
9/2/2020 10:00,45,37,FALSE,82
9/2/2020 11:00,48,43,FALSE,91
9/2/2020 12:00,41,38,FALSE,79
9/2/2020 13:00,44,38,FALSE,82
9/2/2020 14:00,47,40,FALSE,87
9/2/2020 15:00,47,38,FALSE,85
9/2/2020 16:00,54,40,FALSE,94
9/2/2020 17:00,61,39,FALSE,100
9/2/2020 18:00,64,37,FALSE,101
9/2/2020 19:00,64,42,FALSE,106
9/2/2020 20:00,66,45,FALSE,111
9/2/2020 21:00,66,47,FALSE,113
9/2/2020 22:00,65,45,FALSE,110
9/2/2020 23:00,65,45,FALSE,110
9/3/2020 0:00,70,44,FALSE,114
9/3/2020 1:00,70,40,FALSE,110
9/3/2020 2:00,59,40,FALSE,99
9/3/2020 3:00,66,40,FALSE,106
9/3/2020 4:00,58,41,FALSE,99
9/3/2020 5:00,56,42,FALSE,98
9/3/2020 6:00,47,34,FALSE,81
9/3/2020 7:00,42,33,FALSE,75
9/3/2020 8:00,42,31,FALSE,73
9/3/2020 9:00,43,29,FALSE,72
9/3/2020 10:00,43,34,FALSE,77
9/3/2020 11:00,43,37,FALSE,80
9/3/2020 12:00,43,38,FALSE,81
9/3/2020 13:00,44,37,FALSE,81
9/3/2020 14:00,45,37,FALSE,82
9/3/2020 15:00,46,38,FALSE,84
9/3/2020 16:00,48,35,FALSE,83
9/3/2020 17:00,47,40,FALSE,87
9/3/2020 18:00,51,40,FALSE,91
9/3/2020 19:00,53,42,FALSE,95
9/3/2020 20:00,53,45,FALSE,98
9/3/2020 21:00,53,46,FALSE,99
9/3/2020 22:00,61,46,FALSE,107
9/3/2020 23:00,59,59,FALSE,118
9/4/2020 0:00,57,56,FALSE,113
9/4/2020 1:00,56,48,FALSE,104
9/4/2020 2:00,54,50,FALSE,104
9/4/2020 3:00,52,45,FALSE,97
9/4/2020 4:00,56,44,FALSE,100
9/4/2020 5:00,51,45,FALSE,96
9/4/2020 6:00,48,40,FALSE,88
9/4/2020 7:00,45,37,FALSE,82
9/4/2020 8:00,43,34,FALSE,77
9/4/2020 9:00,44,33,FALSE,77
9/4/2020 10:00,40,34,FALSE,74
9/4/2020 11:00,41,34,FALSE,75
9/4/2020 12:00,39,33,FALSE,72
9/4/2020 13:00,41,33,FALSE,74
9/4/2020 14:00,44,37,FALSE,81
9/4/2020 15:00,47,38,FALSE,85
9/4/2020 16:00,47,35,FALSE,82
9/4/2020 17:00,42,33,FALSE,75
9/4/2020 18:00,47,36,FALSE,83
9/4/2020 19:00,45,36,FALSE,81
9/4/2020 20:00,49,38,FALSE,87
9/4/2020 21:00,52,38,FALSE,90
9/4/2020 22:00,52,41,FALSE,93
9/4/2020 23:00,51,41,FALSE,92
9/5/2020 0:00,59,40,FALSE,99
9/5/2020 1:00,60,36,FALSE,96
9/5/2020 2:00,53,37,FALSE,90
9/5/2020 3:00,49,31,FALSE,80
9/5/2020 4:00,49,34,FALSE,83
9/5/2020 5:00,47,32,FALSE,79
9/5/2020 6:00,42,32,FALSE,74
9/5/2020 7:00,40,30,FALSE,70
9/5/2020 8:00,40,29,FALSE,69
9/5/2020 9:00,36,31,FALSE,67
9/5/2020 10:00,39,29,FALSE,68
9/5/2020 11:00,40,35,FALSE,75
9/5/2020 12:00,40,36,FALSE,76
9/5/2020 13:00,40,37,FALSE,77
9/5/2020 14:00,41,33,FALSE,74
9/5/2020 15:00,39,32,FALSE,71
9/5/2020 16:00,43,31,FALSE,74
9/5/2020 17:00,44,34,FALSE,78
9/5/2020 18:00,45,35,FALSE,80
9/5/2020 19:00,52,47,FALSE,99
9/5/2020 20:00,53,44,FALSE,97
9/5/2020 21:00,52,43,FALSE,95
9/5/2020 22:00,62,48,FALSE,110
9/5/2020 23:00,58,47,FALSE,105
9/6/2020 0:00,65,41,FALSE,106
9/6/2020 1:00,60,40,FALSE,100
9/6/2020 2:00,56,43,FALSE,99
9/6/2020 3:00,49,40,FALSE,89
9/6/2020 4:00,44,40,FALSE,84
9/6/2020 5:00,42,39,FALSE,81
9/6/2020 6:00,40,37,FALSE,77
9/6/2020 7:00,41,36,FALSE,77
9/6/2020 8:00,38,33,FALSE,71
9/6/2020 9:00,36,29,FALSE,65
9/6/2020 10:00,39,30,FALSE,69
9/6/2020 11:00,39,33,FALSE,72
9/6/2020 12:00,39,32,FALSE,71
9/6/2020 13:00,44,34,FALSE,78
9/6/2020 14:00,46,35,FALSE,81
9/6/2020 15:00,42,33,FALSE,75
9/6/2020 16:00,43,33,FALSE,76
9/6/2020 17:00,43,35,FALSE,78
9/6/2020 18:00,43,34,FALSE,77
9/6/2020 19:00,49,37,FALSE,86
9/6/2020 20:00,52,39,FALSE,91
9/6/2020 21:00,52,39,FALSE,91
9/6/2020 22:00,52,38,FALSE,90
9/6/2020 23:00,50,42,FALSE,92
9/7/2020 0:00,55,38,FALSE,93
9/7/2020 1:00,53,36,FALSE,89
9/7/2020 2:00,48,33,FALSE,81
9/7/2020 3:00,49,34,FALSE,83
9/7/2020 4:00,45,31,FALSE,76
9/7/2020 5:00,42,32,FALSE,74
9/7/2020 6:00,42,31,FALSE,73
9/7/2020 7:00,38,29,FALSE,67
9/7/2020 8:00,40,25,FALSE,65
9/7/2020 9:00,41,28,FALSE,69
9/7/2020 10:00,40,29,FALSE,69
9/7/2020 11:00,39,32,FALSE,71
9/7/2020 12:00,41,33,FALSE,74
9/7/2020 13:00,41,31,FALSE,72
9/7/2020 14:00,40,33,FALSE,73
9/7/2020 15:00,42,31,FALSE,73
9/7/2020 16:00,42,35,FALSE,77
9/7/2020 17:00,43,32,FALSE,75
9/7/2020 18:00,44,34,FALSE,78
9/7/2020 19:00,47,37,FALSE,84
9/7/2020 20:00,50,38,FALSE,88
9/7/2020 21:00,51,41,FALSE,92
9/7/2020 22:00,53,42,FALSE,95
9/7/2020 23:00,52,41,FALSE,93
9/8/2020 0:00,49,37,FALSE,86
9/8/2020 1:00,49,37,FALSE,86
9/8/2020 2:00,48,37,FALSE,85
9/8/2020 3:00,48,35,FALSE,83
9/8/2020 4:00,45,36,FALSE,81
9/8/2020 5:00,45,33,FALSE,78
9/8/2020 6:00,43,30,FALSE,73
9/8/2020 7:00,41,26,FALSE,67
9/8/2020 8:00,42,26,FALSE,68
9/8/2020 9:00,42,29,FALSE,71
9/8/2020 10:00,41,29,FALSE,70
9/8/2020 11:00,38,32,FALSE,70
9/8/2020 12:00,39,31,FALSE,70
9/8/2020 13:00,41,31,FALSE,72
9/8/2020 14:00,39,29,FALSE,68
9/8/2020 15:00,42,31,FALSE,73
9/8/2020 16:00,40,30,FALSE,70
9/8/2020 17:00,40,30,FALSE,70
9/8/2020 18:00,45,33,FALSE,78
9/8/2020 19:00,47,36,FALSE,83
9/8/2020 20:00,49,39,FALSE,88
9/8/2020 21:00,55,40,FALSE,95
9/8/2020 22:00,51,39,FALSE,90
9/8/2020 23:00,49,36,FALSE,85
9/9/2020 0:00,50,39,FALSE,89
9/9/2020 0:00,80,62,FALSE,142
9/9/2020 1:00,88,59,FALSE,147
9/9/2020 2:00,81,57,FALSE,138
9/9/2020 3:00,80,55,FALSE,135
9/9/2020 4:00,72,54,FALSE,126
9/9/2020 5:00,63,52,FALSE,115
9/9/2020 6:00,65,43,FALSE,108
9/9/2020 7:00,59,41,FALSE,100
9/9/2020 8:00,60,41,FALSE,101
9/9/2020 9:00,61,39,FALSE,100
9/9/2020 10:00,62,46,FALSE,108
9/9/2020 11:00,66,47,FALSE,113
9/9/2020 12:00,58,48,FALSE,106
9/9/2020 13:00,64,47,FALSE,111
9/9/2020 14:00,67,47,FALSE,114
9/9/2020 15:00,70,51,FALSE,121
9/9/2020 16:00,65,49,FALSE,114
9/9/2020 17:00,66,47,FALSE,113
9/9/2020 18:00,70,49,FALSE,119
9/9/2020 19:00,73,58,FALSE,131
9/9/2020 20:00,74,60,FALSE,134
9/9/2020 21:00,77,67,FALSE,144
9/9/2020 22:00,80,61,FALSE,141
9/9/2020 23:00,76,66,FALSE,142
9/10/2020 0:00,84,59,FALSE,143
9/10/2020 1:00,81,57,FALSE,138
9/10/2020 2:00,79,58,FALSE,137
9/10/2020 3:00,75,62,FALSE,137
9/10/2020 4:00,71,60,FALSE,131
9/10/2020 5:00,68,53,FALSE,121
9/10/2020 6:00,67,48,FALSE,115
9/10/2020 7:00,62,44,FALSE,106
9/10/2020 8:00,63,44,FALSE,107
9/10/2020 9:00,65,41,FALSE,106
9/10/2020 10:00,67,49,FALSE,116
9/10/2020 11:00,58,48,FALSE,106
9/10/2020 12:00,63,47,FALSE,110
9/10/2020 13:00,61,48,FALSE,109
9/10/2020 14:00,71,48,FALSE,119
9/10/2020 15:00,69,48,FALSE,117
9/10/2020 16:00,65,48,FALSE,113
9/10/2020 17:00,70,50,FALSE,120
9/10/2020 18:00,67,49,FALSE,116
9/10/2020 19:00,72,55,FALSE,127
9/10/2020 20:00,77,59,FALSE,136
9/10/2020 21:00,77,58,FALSE,135
9/10/2020 22:00,91,56,FALSE,147
9/10/2020 23:00,98,59,FALSE,157
9/11/2020 0:00,99,58,FALSE,157
9/11/2020 1:00,93,55,FALSE,148
9/11/2020 2:00,84,53,FALSE,137
9/11/2020 3:00,75,57,FALSE,132
9/11/2020 4:00,82,58,FALSE,140
9/11/2020 5:00,75,49,FALSE,124
9/11/2020 6:00,70,49,FALSE,119
9/11/2020 7:00,64,43,FALSE,107
9/11/2020 8:00,65,42,FALSE,107
9/11/2020 9:00,62,45,FALSE,107
9/11/2020 10:00,58,48,FALSE,106
9/11/2020 11:00,58,50,FALSE,108
9/11/2020 12:00,61,44,FALSE,105
9/11/2020 13:00,67,46,FALSE,113
9/11/2020 14:00,68,43,FALSE,111
9/11/2020 15:00,71,46,FALSE,117
9/11/2020 16:00,71,47,FALSE,118
9/11/2020 17:00,68,45,FALSE,113
9/11/2020 18:00,74,53,FALSE,127
9/11/2020 19:00,74,52,FALSE,126
9/11/2020 20:00,78,57,FALSE,135
9/11/2020 21:00,86,61,FALSE,147
9/11/2020 22:00,81,62,FALSE,143
9/11/2020 23:00,82,59,FALSE,141
9/12/2020 0:00,81,57,FALSE,138
9/12/2020 1:00,98,55,FALSE,153
9/12/2020 2:00,83,56,FALSE,139
9/12/2020 3:00,84,53,FALSE,137
9/12/2020 4:00,69,54,FALSE,123
9/12/2020 5:00,71,48,FALSE,119
9/12/2020 6:00,64,50,FALSE,114
9/12/2020 7:00,58,41,FALSE,99
9/12/2020 8:00,63,43,FALSE,106
9/12/2020 9:00,55,37,FALSE,92
9/12/2020 10:00,61,41,FALSE,102
9/12/2020 11:00,70,45,FALSE,115
9/12/2020 12:00,64,45,FALSE,109
9/12/2020 13:00,68,43,FALSE,111
9/12/2020 14:00,64,45,FALSE,109
9/12/2020 15:00,69,45,FALSE,114
9/12/2020 16:00,73,41,FALSE,114
9/12/2020 17:00,74,44,FALSE,118
9/12/2020 18:00,69,50,FALSE,119
9/12/2020 19:00,72,53,FALSE,125
9/12/2020 20:00,82,58,FALSE,140
9/12/2020 21:00,89,58,FALSE,147
9/12/2020 22:00,80,61,FALSE,141
9/12/2020 23:00,82,57,FALSE,139
9/13/2020 0:00,100,60,FALSE,160
9/13/2020 1:00,87,56,FALSE,143
9/13/2020 2:00,79,55,FALSE,134
9/13/2020 3:00,83,57,FALSE,140
9/13/2020 4:00,73,55,FALSE,128
9/13/2020 5:00,61,56,FALSE,117
9/13/2020 6:00,62,56,FALSE,118
9/13/2020 7:00,61,47,FALSE,108
9/13/2020 8:00,61,47,FALSE,108
9/13/2020 9:00,61,48,FALSE,109
9/13/2020 10:00,56,44,FALSE,100
9/13/2020 11:00,52,44,FALSE,96
9/13/2020 12:00,56,45,FALSE,101
9/13/2020 13:00,61,43,FALSE,104
9/13/2020 14:00,63,45,FALSE,108
9/13/2020 15:00,66,45,FALSE,111
9/13/2020 16:00,75,45,FALSE,120
9/13/2020 17:00,99,48,FALSE,147
9/13/2020 18:00,81,48,FALSE,129
9/13/2020 19:00,90,52,FALSE,142
9/13/2020 20:00,86,58,FALSE,144
9/13/2020 21:00,84,65,FALSE,149
9/13/2020 22:00,76,58,FALSE,134
9/13/2020 23:00,81,63,FALSE,144
9/14/2020 0:00,83,57,FALSE,140
9/14/2020 1:00,79,55,FALSE,134
9/14/2020 2:00,73,58,FALSE,131
9/14/2020 3:00,73,59,FALSE,132
9/14/2020 4:00,70,56,FALSE,126
9/14/2020 5:00,61,50,FALSE,111
9/14/2020 6:00,61,46,FALSE,107
9/14/2020 7:00,64,42,FALSE,106
9/14/2020 8:00,66,43,FALSE,109
9/14/2020 9:00,67,45,FALSE,112
9/14/2020 10:00,63,50,FALSE,113
9/14/2020 11:00,66,47,FALSE,113
9/14/2020 12:00,63,47,FALSE,110
9/14/2020 13:00,67,50,FALSE,117
9/14/2020 14:00,67,54,FALSE,121
9/14/2020 15:00,70,49,FALSE,119
9/14/2020 16:00,64,50,FALSE,114
9/14/2020 17:00,70,51,FALSE,121
9/14/2020 18:00,70,54,FALSE,124
9/14/2020 19:00,89,57,FALSE,146
9/14/2020 20:00,85,62,FALSE,147
9/14/2020 21:00,89,65,FALSE,154
9/14/2020 22:00,80,65,FALSE,145
9/14/2020 23:00,87,60,FALSE,147
9/15/2020 0:00,85,59,FALSE,144
9/15/2020 1:00,84,56,FALSE,140
9/15/2020 2:00,80,58,FALSE,138
9/15/2020 3:00,73,59,FALSE,132
9/15/2020 4:00,79,56,FALSE,135
9/15/2020 5:00,73,55,FALSE,128
9/15/2020 6:00,62,44,FALSE,106
9/15/2020 7:00,65,44,FALSE,109
9/15/2020 8:00,63,42,FALSE,105
9/15/2020 9:00,65,46,FALSE,111
9/15/2020 10:00,60,45,FALSE,105
9/15/2020 11:00,56,45,FALSE,101
9/15/2020 12:00,61,46,FALSE,107
9/15/2020 13:00,62,47,FALSE,109
9/15/2020 14:00,67,46,FALSE,113
9/15/2020 15:00,67,41,FALSE,108
9/15/2020 16:00,64,46,FALSE,110
9/15/2020 17:00,66,49,FALSE,115
9/15/2020 18:00,72,50,FALSE,122
9/15/2020 19:00,73,53,FALSE,126
9/15/2020 20:00,80,63,FALSE,143
9/15/2020 21:00,79,62,FALSE,141
9/15/2020 22:00,90,70,FALSE,160
9/15/2020 23:00,85,63,FALSE,148
9/16/2020 0:00,85,62,FALSE,147
9/16/2020 0:00,64,47,FALSE,111
9/16/2020 1:00,67,45,FALSE,112
9/16/2020 2:00,60,46,FALSE,106
9/16/2020 3:00,59,43,FALSE,102
9/16/2020 4:00,59,43,FALSE,102
9/16/2020 5:00,58,42,FALSE,100
9/16/2020 6:00,46,32,FALSE,78
9/16/2020 7:00,47,35,FALSE,82
9/16/2020 8:00,53,31,FALSE,84
9/16/2020 9:00,49,33,FALSE,82
9/16/2020 10:00,49,34,FALSE,83
9/16/2020 11:00,44,35,FALSE,79
9/16/2020 12:00,45,35,FALSE,80
9/16/2020 13:00,45,37,FALSE,82
9/16/2020 14:00,49,36,FALSE,85
9/16/2020 15:00,51,33,FALSE,84
9/16/2020 16:00,53,38,FALSE,91
9/16/2020 17:00,54,40,FALSE,94
9/16/2020 18:00,53,38,FALSE,91
9/16/2020 19:00,54,43,FALSE,97
9/16/2020 20:00,57,46,FALSE,103
9/16/2020 21:00,60,47,FALSE,107
9/16/2020 22:00,60,55,FALSE,115
9/16/2020 23:00,61,50,FALSE,111
9/17/2020 0:00,61,59,FALSE,120
9/17/2020 1:00,60,56,FALSE,116
9/17/2020 2:00,56,48,FALSE,104
9/17/2020 3:00,59,51,FALSE,110
9/17/2020 4:00,53,47,FALSE,100
9/17/2020 5:00,52,41,FALSE,93
9/17/2020 6:00,50,36,FALSE,86
9/17/2020 7:00,48,34,FALSE,82
9/17/2020 8:00,47,31,FALSE,78
9/17/2020 9:00,48,34,FALSE,82
9/17/2020 10:00,46,36,FALSE,82
9/17/2020 11:00,47,35,FALSE,82
9/17/2020 12:00,49,35,FALSE,84
9/17/2020 13:00,48,34,FALSE,82
9/17/2020 14:00,49,36,FALSE,85
9/17/2020 15:00,50,36,FALSE,86
9/17/2020 16:00,50,37,FALSE,87
9/17/2020 17:00,47,36,FALSE,83
9/17/2020 18:00,55,40,FALSE,95
9/17/2020 19:00,55,45,FALSE,100
9/17/2020 20:00,60,46,FALSE,106
9/17/2020 21:00,64,48,FALSE,112
9/17/2020 22:00,59,50,FALSE,109
9/17/2020 23:00,65,47,FALSE,112
9/18/2020 0:00,71,44,FALSE,115
9/18/2020 1:00,66,41,FALSE,107
9/18/2020 2:00,61,40,FALSE,101
9/18/2020 3:00,60,42,FALSE,102
9/18/2020 4:00,55,38,FALSE,93
9/18/2020 5:00,51,39,FALSE,90
9/18/2020 6:00,49,35,FALSE,84
9/18/2020 7:00,49,37,FALSE,86
9/18/2020 8:00,48,32,FALSE,80
9/18/2020 9:00,49,34,FALSE,83
9/18/2020 10:00,51,36,FALSE,87
9/18/2020 11:00,45,33,FALSE,78
9/18/2020 12:00,48,33,FALSE,81
9/18/2020 13:00,49,35,FALSE,84
9/18/2020 14:00,51,36,FALSE,87
9/18/2020 15:00,51,35,FALSE,86
9/18/2020 16:00,49,35,FALSE,84
9/18/2020 17:00,52,34,FALSE,86
9/18/2020 18:00,53,35,FALSE,88
9/18/2020 19:00,52,36,FALSE,88
9/18/2020 20:00,55,43,FALSE,98
9/18/2020 21:00,58,46,FALSE,104
9/18/2020 22:00,66,46,FALSE,112
9/18/2020 23:00,59,47,FALSE,106
9/19/2020 0:00,60,45,FALSE,105
9/19/2020 1:00,66,44,FALSE,110
9/19/2020 2:00,59,41,FALSE,100
9/19/2020 3:00,55,41,FALSE,96
9/19/2020 4:00,50,34,FALSE,84
9/19/2020 5:00,53,39,FALSE,92
9/19/2020 6:00,48,36,FALSE,84
9/19/2020 7:00,45,32,FALSE,77
9/19/2020 8:00,40,32,FALSE,72
9/19/2020 9:00,44,30,FALSE,74
9/19/2020 10:00,40,34,FALSE,74
9/19/2020 11:00,45,34,FALSE,79
9/19/2020 12:00,45,34,FALSE,79
9/19/2020 13:00,47,37,FALSE,84
9/19/2020 14:00,49,34,FALSE,83
9/19/2020 15:00,48,33,FALSE,81
9/19/2020 16:00,54,34,FALSE,88
9/19/2020 17:00,52,35,FALSE,87
9/19/2020 18:00,48,35,FALSE,83
9/19/2020 19:00,55,38,FALSE,93
9/19/2020 20:00,57,36,FALSE,93
9/19/2020 21:00,66,45,FALSE,111
9/19/2020 22:00,64,48,FALSE,112
9/19/2020 23:00,75,42,FALSE,117
9/20/2020 0:00,96,45,FALSE,141
9/20/2020 1:00,100,39,FALSE,139
9/20/2020 2:00,89,42,FALSE,131
9/20/2020 3:00,57,40,FALSE,97
9/20/2020 4:00,54,34,FALSE,88
9/20/2020 5:00,52,33,FALSE,85
9/20/2020 6:00,47,38,FALSE,85
9/20/2020 7:00,47,36,FALSE,83
9/20/2020 8:00,42,33,FALSE,75
9/20/2020 9:00,39,33,FALSE,72
9/20/2020 10:00,40,32,FALSE,72
9/20/2020 11:00,42,33,FALSE,75
9/20/2020 12:00,40,32,FALSE,72
9/20/2020 13:00,42,34,FALSE,76
9/20/2020 14:00,45,32,FALSE,77
9/20/2020 15:00,59,31,FALSE,90
9/20/2020 16:00,57,32,FALSE,89
9/20/2020 17:00,60,32,FALSE,92
9/20/2020 18:00,52,37,FALSE,89
9/20/2020 19:00,62,37,FALSE,99
9/20/2020 20:00,63,42,FALSE,105
9/20/2020 21:00,61,45,FALSE,106
9/20/2020 22:00,62,44,FALSE,106
9/20/2020 23:00,64,42,FALSE,106
9/21/2020 0:00,67,41,FALSE,108
9/21/2020 1:00,62,37,FALSE,99
9/21/2020 2:00,56,38,FALSE,94
9/21/2020 3:00,56,37,FALSE,93
9/21/2020 4:00,51,36,FALSE,87
9/21/2020 5:00,50,34,FALSE,84
9/21/2020 6:00,51,31,FALSE,82
9/21/2020 7:00,42,28,FALSE,70
9/21/2020 8:00,41,28,FALSE,69
9/21/2020 9:00,47,32,FALSE,79
9/21/2020 10:00,49,36,FALSE,85
9/21/2020 11:00,43,33,FALSE,76
9/21/2020 12:00,44,35,FALSE,79
9/21/2020 13:00,46,34,FALSE,80
9/21/2020 14:00,51,37,FALSE,88
9/21/2020 15:00,53,37,FALSE,90
9/21/2020 16:00,50,39,FALSE,89
9/21/2020 17:00,47,34,FALSE,81
9/21/2020 18:00,53,38,FALSE,91
9/21/2020 19:00,58,41,FALSE,99
9/21/2020 20:00,57,44,FALSE,101
9/21/2020 21:00,63,46,FALSE,109
9/21/2020 22:00,68,44,FALSE,112
9/21/2020 23:00,59,48,FALSE,107
9/22/2020 0:00,57,42,FALSE,99
9/22/2020 1:00,56,46,FALSE,102
9/22/2020 2:00,57,42,FALSE,99
9/22/2020 3:00,65,41,FALSE,106
9/22/2020 4:00,53,40,FALSE,93
9/22/2020 5:00,54,41,FALSE,95
9/22/2020 6:00,51,34,FALSE,85
9/22/2020 7:00,44,29,FALSE,73
9/22/2020 8:00,47,31,FALSE,78
9/22/2020 9:00,46,30,FALSE,76
9/22/2020 10:00,45,31,FALSE,76
9/22/2020 11:00,44,32,FALSE,76
9/22/2020 12:00,42,33,FALSE,75
9/22/2020 13:00,47,32,FALSE,79
9/22/2020 14:00,47,33,FALSE,80
9/22/2020 15:00,46,34,FALSE,80
9/22/2020 16:00,47,33,FALSE,80
9/22/2020 17:00,47,33,FALSE,80
9/22/2020 18:00,50,36,FALSE,86
9/22/2020 19:00,55,38,FALSE,93
9/22/2020 20:00,59,41,FALSE,100
9/22/2020 21:00,56,43,FALSE,99
9/22/2020 22:00,60,45,FALSE,105
9/22/2020 23:00,59,41,FALSE,100
9/23/2020 0:00,57,40,FALSE,97
9/23/2020 0:00,34,24,FALSE,58
9/23/2020 1:00,38,21,FALSE,59
9/23/2020 2:00,33,24,FALSE,57
9/23/2020 3:00,34,22,FALSE,56
9/23/2020 4:00,30,23,FALSE,53
9/23/2020 5:00,32,21,FALSE,53
9/23/2020 6:00,28,19,FALSE,47
9/23/2020 7:00,28,18,FALSE,46
9/23/2020 8:00,27,18,FALSE,45
9/23/2020 9:00,28,19,FALSE,47
9/23/2020 10:00,27,18,FALSE,45
9/23/2020 11:00,26,20,FALSE,46
9/23/2020 12:00,28,20,FALSE,48
9/23/2020 13:00,28,18,FALSE,46
9/23/2020 14:00,30,19,FALSE,49
9/23/2020 15:00,30,18,FALSE,48
9/23/2020 16:00,29,19,FALSE,48
9/23/2020 17:00,29,19,FALSE,48
9/23/2020 18:00,32,20,FALSE,52
9/23/2020 19:00,34,25,FALSE,59
9/23/2020 20:00,36,25,FALSE,61
9/23/2020 21:00,36,29,FALSE,65
9/23/2020 22:00,34,29,FALSE,63
9/23/2020 23:00,35,30,FALSE,65
9/24/2020 0:00,37,27,FALSE,64
9/24/2020 1:00,36,26,FALSE,62
9/24/2020 2:00,34,24,FALSE,58
9/24/2020 3:00,36,24,FALSE,60
9/24/2020 4:00,36,26,FALSE,62
9/24/2020 5:00,32,22,FALSE,54
9/24/2020 6:00,30,19,FALSE,49
9/24/2020 7:00,27,18,FALSE,45
9/24/2020 8:00,28,17,FALSE,45
9/24/2020 9:00,28,18,FALSE,46
9/24/2020 10:00,26,19,FALSE,45
9/24/2020 11:00,27,20,FALSE,47
9/24/2020 12:00,25,18,FALSE,43
9/24/2020 13:00,27,18,FALSE,45
9/24/2020 14:00,28,19,FALSE,47
9/24/2020 15:00,29,18,FALSE,47
9/24/2020 16:00,30,20,FALSE,50
9/24/2020 17:00,28,21,FALSE,49
9/24/2020 18:00,33,22,FALSE,55
9/24/2020 19:00,33,22,FALSE,55
9/24/2020 20:00,35,24,FALSE,59
9/24/2020 21:00,38,27,FALSE,65
9/24/2020 22:00,37,29,FALSE,66
9/24/2020 23:00,36,29,FALSE,65
9/25/2020 0:00,38,26,FALSE,64
9/25/2020 1:00,38,22,FALSE,60
9/25/2020 2:00,38,24,FALSE,62
9/25/2020 3:00,36,24,FALSE,60
9/25/2020 4:00,30,22,FALSE,52
9/25/2020 5:00,32,21,FALSE,53
9/25/2020 6:00,29,18,FALSE,47
9/25/2020 7:00,27,18,FALSE,45
9/25/2020 8:00,27,17,FALSE,44
9/25/2020 9:00,28,17,FALSE,45
9/25/2020 10:00,28,16,FALSE,44
9/25/2020 11:00,27,21,FALSE,48
9/25/2020 12:00,28,21,FALSE,49
9/25/2020 13:00,28,20,FALSE,48
9/25/2020 14:00,29,19,FALSE,48
9/25/2020 15:00,29,20,FALSE,49
9/25/2020 16:00,29,21,FALSE,50
9/25/2020 17:00,30,21,FALSE,51
9/25/2020 18:00,33,23,FALSE,56
9/25/2020 19:00,34,25,FALSE,59
9/25/2020 20:00,34,27,FALSE,61
9/25/2020 21:00,36,27,FALSE,63
9/25/2020 22:00,36,29,FALSE,65
9/25/2020 23:00,37,27,FALSE,64
9/26/2020 0:00,36,26,FALSE,62
9/26/2020 1:00,38,25,FALSE,63
9/26/2020 2:00,37,25,FALSE,62
9/26/2020 3:00,35,24,FALSE,59
9/26/2020 4:00,34,26,FALSE,60
9/26/2020 5:00,31,22,FALSE,53
9/26/2020 6:00,29,22,FALSE,51
9/26/2020 7:00,27,21,FALSE,48
9/26/2020 8:00,29,19,FALSE,48
9/26/2020 9:00,25,17,FALSE,42
9/26/2020 10:00,26,18,FALSE,44
9/26/2020 11:00,29,18,FALSE,47
9/26/2020 12:00,30,18,FALSE,48
9/26/2020 13:00,31,19,FALSE,50
9/26/2020 14:00,29,20,FALSE,49
9/26/2020 15:00,31,20,FALSE,51
9/26/2020 16:00,32,20,FALSE,52
9/26/2020 17:00,34,21,FALSE,55
9/26/2020 18:00,32,19,FALSE,51
9/26/2020 19:00,34,21,FALSE,55
9/26/2020 20:00,36,25,FALSE,61
9/26/2020 21:00,38,26,FALSE,64
9/26/2020 22:00,44,24,FALSE,68
9/26/2020 23:00,52,26,FALSE,78
9/27/2020 0:00,54,25,FALSE,79
9/27/2020 1:00,79,26,FALSE,105
9/27/2020 2:00,100,25,FALSE,125
9/27/2020 3:00,81,22,FALSE,103
9/27/2020 4:00,71,21,FALSE,92
9/27/2020 5:00,31,19,FALSE,50
9/27/2020 6:00,25,18,FALSE,43
9/27/2020 7:00,24,17,FALSE,41
9/27/2020 8:00,26,16,FALSE,42
9/27/2020 9:00,24,16,FALSE,40
9/27/2020 10:00,23,18,FALSE,41
9/27/2020 11:00,26,18,FALSE,44
9/27/2020 12:00,26,18,FALSE,44
9/27/2020 13:00,28,18,FALSE,46
9/27/2020 14:00,27,18,FALSE,45
9/27/2020 15:00,28,17,FALSE,45
9/27/2020 16:00,30,18,FALSE,48
9/27/2020 17:00,32,19,FALSE,51
9/27/2020 18:00,32,17,FALSE,49
9/27/2020 19:00,34,20,FALSE,54
9/27/2020 20:00,36,23,FALSE,59
9/27/2020 21:00,35,24,FALSE,59
9/27/2020 22:00,36,26,FALSE,62
9/27/2020 23:00,35,23,FALSE,58
9/28/2020 0:00,38,25,FALSE,63
9/28/2020 1:00,34,23,FALSE,57
9/28/2020 2:00,31,23,FALSE,54
9/28/2020 3:00,31,24,FALSE,55
9/28/2020 4:00,31,21,FALSE,52
9/28/2020 5:00,30,21,FALSE,51
9/28/2020 6:00,27,19,FALSE,46
9/28/2020 7:00,24,17,FALSE,41
9/28/2020 8:00,27,18,FALSE,45
9/28/2020 9:00,26,17,FALSE,43
9/28/2020 10:00,25,18,FALSE,43
9/28/2020 11:00,26,18,FALSE,44
9/28/2020 12:00,26,19,FALSE,45
9/28/2020 13:00,29,21,FALSE,50
9/28/2020 14:00,31,20,FALSE,51
9/28/2020 15:00,27,20,FALSE,47
9/28/2020 16:00,29,19,FALSE,48
9/28/2020 17:00,29,20,FALSE,49
9/28/2020 18:00,31,20,FALSE,51
9/28/2020 19:00,35,22,FALSE,57
9/28/2020 20:00,37,25,FALSE,62
9/28/2020 21:00,37,27,FALSE,64
9/28/2020 22:00,34,28,FALSE,62
9/28/2020 23:00,32,23,FALSE,55
9/29/2020 0:00,36,24,FALSE,60
9/29/2020 1:00,32,26,FALSE,58
9/29/2020 2:00,34,23,FALSE,57
9/29/2020 3:00,31,21,FALSE,52
9/29/2020 4:00,36,23,FALSE,59
9/29/2020 5:00,32,21,FALSE,53
9/29/2020 6:00,26,18,FALSE,44
9/29/2020 7:00,28,17,FALSE,45
9/29/2020 8:00,26,16,FALSE,42
9/29/2020 9:00,27,18,FALSE,45
9/29/2020 10:00,25,19,FALSE,44
9/29/2020 11:00,26,20,FALSE,46
9/29/2020 12:00,26,19,FALSE,45
9/29/2020 13:00,28,18,FALSE,46
9/29/2020 14:00,30,18,FALSE,48
9/29/2020 15:00,28,19,FALSE,47
9/29/2020 16:00,29,19,FALSE,48
9/29/2020 17:00,28,18,FALSE,46
9/29/2020 18:00,31,18,FALSE,49
9/29/2020 19:00,34,21,FALSE,55
9/29/2020 20:00,32,22,FALSE,54
9/29/2020 21:00,33,23,FALSE,56
9/29/2020 22:00,33,24,FALSE,57
9/29/2020 23:00,33,23,FALSE,56
9/30/2020 0:00,31,22,FALSE,53
9/30/2020 0:00,79,55,FALSE,134
9/30/2020 1:00,70,41,FALSE,111
9/30/2020 2:00,71,49,FALSE,120
9/30/2020 3:00,72,55,FALSE,127
9/30/2020 4:00,77,50,FALSE,127
9/30/2020 5:00,72,48,FALSE,120
9/30/2020 6:00,65,38,FALSE,103
9/30/2020 7:00,63,40,FALSE,103
9/30/2020 8:00,62,38,FALSE,100
9/30/2020 9:00,65,37,FALSE,102
9/30/2020 10:00,63,41,FALSE,104
9/30/2020 11:00,56,45,FALSE,101
9/30/2020 12:00,65,45,FALSE,110
9/30/2020 13:00,68,45,FALSE,113
9/30/2020 14:00,69,46,FALSE,115
9/30/2020 15:00,70,43,FALSE,113
9/30/2020 16:00,67,43,FALSE,110
9/30/2020 17:00,69,43,FALSE,112
9/30/2020 18:00,76,47,FALSE,123
9/30/2020 19:00,77,52,FALSE,129
9/30/2020 20:00,85,56,FALSE,141
9/30/2020 21:00,83,61,FALSE,144
9/30/2020 22:00,83,59,FALSE,142
9/30/2020 23:00,82,56,FALSE,138
10/1/2020 0:00,86,61,FALSE,147
10/1/2020 1:00,95,55,FALSE,150
10/1/2020 2:00,84,57,FALSE,141
10/1/2020 3:00,84,54,FALSE,138
10/1/2020 4:00,77,54,FALSE,131
10/1/2020 5:00,69,47,FALSE,116
10/1/2020 6:00,65,43,FALSE,108
10/1/2020 7:00,63,43,FALSE,106
10/1/2020 8:00,64,43,FALSE,107
10/1/2020 9:00,63,39,FALSE,102
10/1/2020 10:00,62,44,FALSE,106
10/1/2020 11:00,65,45,FALSE,110
10/1/2020 12:00,63,44,FALSE,107
10/1/2020 13:00,66,45,FALSE,111
10/1/2020 14:00,67,45,FALSE,112
10/1/2020 15:00,68,44,FALSE,112
10/1/2020 16:00,67,46,FALSE,113
10/1/2020 17:00,68,43,FALSE,111
10/1/2020 18:00,76,50,FALSE,126
10/1/2020 19:00,86,52,FALSE,138
10/1/2020 20:00,83,57,FALSE,140
10/1/2020 21:00,88,56,FALSE,144
10/1/2020 22:00,82,60,FALSE,142
10/1/2020 23:00,87,59,FALSE,146
10/2/2020 0:00,86,52,FALSE,138
10/2/2020 1:00,77,50,FALSE,127
10/2/2020 2:00,77,55,FALSE,132
10/2/2020 3:00,72,52,FALSE,124
10/2/2020 4:00,71,48,FALSE,119
10/2/2020 5:00,65,46,FALSE,111
10/2/2020 6:00,57,48,FALSE,105
10/2/2020 7:00,63,41,FALSE,104
10/2/2020 8:00,58,38,FALSE,96
10/2/2020 9:00,66,38,FALSE,104
10/2/2020 10:00,64,44,FALSE,108
10/2/2020 11:00,60,47,FALSE,107
10/2/2020 12:00,58,40,FALSE,98
10/2/2020 13:00,60,42,FALSE,102
10/2/2020 14:00,66,41,FALSE,107
10/2/2020 15:00,67,41,FALSE,108
10/2/2020 16:00,64,40,FALSE,104
10/2/2020 17:00,68,42,FALSE,110
10/2/2020 18:00,65,45,FALSE,110
10/2/2020 19:00,75,50,FALSE,125
10/2/2020 20:00,73,58,FALSE,131
10/2/2020 21:00,79,52,FALSE,131
10/2/2020 22:00,81,55,FALSE,136
10/2/2020 23:00,88,56,FALSE,144
10/3/2020 0:00,82,50,FALSE,132
10/3/2020 1:00,89,51,FALSE,140
10/3/2020 2:00,78,50,FALSE,128
10/3/2020 3:00,90,53,FALSE,143
10/3/2020 4:00,72,44,FALSE,116
10/3/2020 5:00,74,43,FALSE,117
10/3/2020 6:00,65,42,FALSE,107
10/3/2020 7:00,60,39,FALSE,99
10/3/2020 8:00,61,40,FALSE,101
10/3/2020 9:00,57,38,FALSE,95
10/3/2020 10:00,51,37,FALSE,88
10/3/2020 11:00,62,41,FALSE,103
10/3/2020 12:00,59,37,FALSE,96
10/3/2020 13:00,61,39,FALSE,100
10/3/2020 14:00,68,37,FALSE,105
10/3/2020 15:00,66,38,FALSE,104
10/3/2020 16:00,63,38,FALSE,101
10/3/2020 17:00,64,39,FALSE,103
10/3/2020 18:00,65,41,FALSE,106
10/3/2020 19:00,70,46,FALSE,116
10/3/2020 20:00,77,48,FALSE,125
10/3/2020 21:00,83,48,FALSE,131
10/3/2020 22:00,83,51,FALSE,134
10/3/2020 23:00,79,51,FALSE,130
10/4/2020 0:00,87,49,FALSE,136
10/4/2020 1:00,87,50,FALSE,137
10/4/2020 2:00,82,48,FALSE,130
10/4/2020 3:00,84,49,FALSE,133
10/4/2020 4:00,80,46,FALSE,126
10/4/2020 5:00,72,45,FALSE,117
10/4/2020 6:00,60,45,FALSE,105
10/4/2020 7:00,57,43,FALSE,100
10/4/2020 8:00,53,36,FALSE,89
10/4/2020 9:00,60,39,FALSE,99
10/4/2020 10:00,57,39,FALSE,96
10/4/2020 11:00,61,41,FALSE,102
10/4/2020 12:00,58,41,FALSE,99
10/4/2020 13:00,68,54,FALSE,122
10/4/2020 14:00,66,48,FALSE,114
10/4/2020 15:00,76,46,FALSE,122
10/4/2020 16:00,71,48,FALSE,119
10/4/2020 17:00,81,55,FALSE,136
10/4/2020 18:00,90,64,FALSE,154
10/4/2020 19:00,91,71,FALSE,162
10/4/2020 20:00,96,79,FALSE,175
10/4/2020 21:00,93,82,FALSE,175
10/4/2020 22:00,87,76,FALSE,163
10/4/2020 23:00,100,73,FALSE,173
10/5/2020 0:00,91,83,FALSE,174
10/5/2020 1:00,99,81,FALSE,180
10/5/2020 2:00,82,81,FALSE,163
10/5/2020 3:00,86,75,FALSE,161
10/5/2020 4:00,80,69,FALSE,149
10/5/2020 5:00,72,61,FALSE,133
10/5/2020 6:00,67,54,FALSE,121
10/5/2020 7:00,66,47,FALSE,113
10/5/2020 8:00,69,46,FALSE,115
10/5/2020 9:00,68,50,FALSE,118
10/5/2020 10:00,66,53,FALSE,119
10/5/2020 11:00,68,55,FALSE,123
10/5/2020 12:00,69,55,FALSE,124
10/5/2020 13:00,74,61,FALSE,135
10/5/2020 14:00,79,62,FALSE,141
10/5/2020 15:00,76,61,FALSE,137
10/5/2020 16:00,75,54,FALSE,129
10/5/2020 17:00,76,57,FALSE,133
10/5/2020 18:00,83,60,FALSE,143
10/5/2020 19:00,82,65,FALSE,147
10/5/2020 20:00,94,85,FALSE,179
10/5/2020 21:00,92,75,FALSE,167
10/5/2020 22:00,84,74,FALSE,158
10/5/2020 23:00,87,68,FALSE,155
10/6/2020 0:00,83,64,FALSE,147
10/6/2020 1:00,85,65,FALSE,150
10/6/2020 2:00,89,71,FALSE,160
10/6/2020 3:00,88,84,FALSE,172
10/6/2020 4:00,88,86,FALSE,174
10/6/2020 5:00,88,71,FALSE,159
10/6/2020 6:00,75,61,FALSE,136
10/6/2020 7:00,73,53,FALSE,126
10/6/2020 8:00,76,49,FALSE,125
10/6/2020 9:00,74,54,FALSE,128
10/6/2020 10:00,75,61,FALSE,136
10/6/2020 11:00,68,58,FALSE,126
10/6/2020 12:00,70,54,FALSE,124
10/6/2020 13:00,72,54,FALSE,126
10/6/2020 14:00,75,51,FALSE,126
10/6/2020 15:00,74,52,FALSE,126
10/6/2020 16:00,73,53,FALSE,126
10/6/2020 17:00,74,52,FALSE,126
10/6/2020 18:00,88,56,FALSE,144
10/6/2020 19:00,94,62,FALSE,156
10/6/2020 20:00,89,62,FALSE,151
10/6/2020 21:00,88,72,FALSE,160
10/6/2020 22:00,79,58,FALSE,137
10/6/2020 23:00,90,62,FALSE,152
10/7/2020 0:00,87,56,FALSE,143
10/7/2020 0:00,80,52,FALSE,132
10/7/2020 1:00,88,52,FALSE,140
10/7/2020 2:00,80,47,FALSE,127
10/7/2020 3:00,80,47,FALSE,127
10/7/2020 4:00,76,48,FALSE,124
10/7/2020 5:00,73,45,FALSE,118
10/7/2020 6:00,66,46,FALSE,112
10/7/2020 7:00,56,39,FALSE,95
10/7/2020 8:00,67,41,FALSE,108
10/7/2020 9:00,64,38,FALSE,102
10/7/2020 10:00,67,40,FALSE,107
10/7/2020 11:00,62,44,FALSE,106
10/7/2020 12:00,62,39,FALSE,101
10/7/2020 13:00,67,41,FALSE,108
10/7/2020 14:00,66,44,FALSE,110
10/7/2020 15:00,68,43,FALSE,111
10/7/2020 16:00,71,41,FALSE,112
10/7/2020 17:00,70,43,FALSE,113
10/7/2020 18:00,74,41,FALSE,115
10/7/2020 19:00,81,49,FALSE,130
10/7/2020 20:00,80,53,FALSE,133
10/7/2020 21:00,79,55,FALSE,134
10/7/2020 22:00,83,50,FALSE,133
10/7/2020 23:00,100,56,FALSE,156
10/8/2020 0:00,72,56,FALSE,128
10/8/2020 1:00,72,44,FALSE,116
10/8/2020 2:00,69,47,FALSE,116
10/8/2020 3:00,69,50,FALSE,119
10/8/2020 4:00,80,46,FALSE,126
10/8/2020 5:00,74,38,FALSE,112
10/8/2020 6:00,71,36,FALSE,107
10/8/2020 7:00,61,36,FALSE,97
10/8/2020 8:00,68,38,FALSE,106
10/8/2020 9:00,61,33,FALSE,94
10/8/2020 10:00,59,38,FALSE,97
10/8/2020 11:00,60,44,FALSE,104
10/8/2020 12:00,62,35,FALSE,97
10/8/2020 13:00,64,39,FALSE,103
10/8/2020 14:00,66,41,FALSE,107
10/8/2020 15:00,68,45,FALSE,113
10/8/2020 16:00,68,46,FALSE,114
10/8/2020 17:00,75,45,FALSE,120
10/8/2020 18:00,75,49,FALSE,124
10/8/2020 19:00,83,50,FALSE,133
10/8/2020 20:00,85,59,FALSE,144
10/8/2020 21:00,88,61,FALSE,149
10/8/2020 22:00,77,58,FALSE,135
10/8/2020 23:00,84,58,FALSE,142
10/9/2020 0:00,87,61,FALSE,148
10/9/2020 1:00,83,51,FALSE,134
10/9/2020 2:00,74,49,FALSE,123
10/9/2020 3:00,77,52,FALSE,129
10/9/2020 4:00,81,49,FALSE,130
10/9/2020 5:00,73,44,FALSE,117
10/9/2020 6:00,64,41,FALSE,105
10/9/2020 7:00,60,38,FALSE,98
10/9/2020 8:00,60,35,FALSE,95
10/9/2020 9:00,56,37,FALSE,93
10/9/2020 10:00,63,44,FALSE,107
10/9/2020 11:00,60,49,FALSE,109
10/9/2020 12:00,62,45,FALSE,107
10/9/2020 13:00,68,43,FALSE,111
10/9/2020 14:00,67,45,FALSE,112
10/9/2020 15:00,63,45,FALSE,108
10/9/2020 16:00,70,46,FALSE,116
10/9/2020 17:00,63,48,FALSE,111
10/9/2020 18:00,65,46,FALSE,111
10/9/2020 19:00,72,51,FALSE,123
10/9/2020 20:00,76,54,FALSE,130
10/9/2020 21:00,78,56,FALSE,134
10/9/2020 22:00,78,57,FALSE,135
10/9/2020 23:00,76,56,FALSE,132
10/10/2020 0:00,79,55,FALSE,134
10/10/2020 1:00,96,45,FALSE,141
10/10/2020 2:00,87,57,FALSE,144
10/10/2020 3:00,86,61,FALSE,147
10/10/2020 4:00,75,54,FALSE,129
10/10/2020 5:00,71,53,FALSE,124
10/10/2020 6:00,67,48,FALSE,115
10/10/2020 7:00,62,48,FALSE,110
10/10/2020 8:00,61,45,FALSE,106
10/10/2020 9:00,63,38,FALSE,101
10/10/2020 10:00,54,36,FALSE,90
10/10/2020 11:00,58,42,FALSE,100
10/10/2020 12:00,59,42,FALSE,101
10/10/2020 13:00,61,43,FALSE,104
10/10/2020 14:00,64,43,FALSE,107
10/10/2020 15:00,69,47,FALSE,116
10/10/2020 16:00,65,42,FALSE,107
10/10/2020 17:00,62,41,FALSE,103
10/10/2020 18:00,64,44,FALSE,108
10/10/2020 19:00,69,54,FALSE,123
10/10/2020 20:00,77,50,FALSE,127
10/10/2020 21:00,83,54,FALSE,137
10/10/2020 22:00,90,57,FALSE,147
10/10/2020 23:00,88,54,FALSE,142
10/11/2020 0:00,83,52,FALSE,135
10/11/2020 1:00,88,52,FALSE,140
10/11/2020 2:00,91,54,FALSE,145
10/11/2020 3:00,73,50,FALSE,123
10/11/2020 4:00,77,42,FALSE,119
10/11/2020 5:00,63,48,FALSE,111
10/11/2020 6:00,60,42,FALSE,102
10/11/2020 7:00,64,42,FALSE,106
10/11/2020 8:00,63,40,FALSE,103
10/11/2020 9:00,56,40,FALSE,96
10/11/2020 10:00,60,41,FALSE,101
10/11/2020 11:00,61,43,FALSE,104
10/11/2020 12:00,62,43,FALSE,105
10/11/2020 13:00,58,39,FALSE,97
10/11/2020 14:00,64,39,FALSE,103
10/11/2020 15:00,70,42,FALSE,112
10/11/2020 16:00,68,44,FALSE,112
10/11/2020 17:00,75,45,FALSE,120
10/11/2020 18:00,77,47,FALSE,124
10/11/2020 19:00,80,51,FALSE,131
10/11/2020 20:00,78,51,FALSE,129
10/11/2020 21:00,84,57,FALSE,141
10/11/2020 22:00,83,55,FALSE,138
10/11/2020 23:00,91,55,FALSE,146
10/12/2020 0:00,83,46,FALSE,129
10/12/2020 1:00,80,49,FALSE,129
10/12/2020 2:00,77,48,FALSE,125
10/12/2020 3:00,77,46,FALSE,123
10/12/2020 4:00,74,43,FALSE,117
10/12/2020 5:00,67,44,FALSE,111
10/12/2020 6:00,61,39,FALSE,100
10/12/2020 7:00,59,38,FALSE,97
10/12/2020 8:00,59,38,FALSE,97
10/12/2020 9:00,63,38,FALSE,101
10/12/2020 10:00,59,39,FALSE,98
10/12/2020 11:00,67,46,FALSE,113
10/12/2020 12:00,65,42,FALSE,107
10/12/2020 13:00,68,45,FALSE,113
10/12/2020 14:00,68,50,FALSE,118
10/12/2020 15:00,69,48,FALSE,117
10/12/2020 16:00,71,53,FALSE,124
10/12/2020 17:00,74,52,FALSE,126
10/12/2020 18:00,75,61,FALSE,136
10/12/2020 19:00,83,62,FALSE,145
10/12/2020 20:00,86,67,FALSE,153
10/12/2020 21:00,88,70,FALSE,158
10/12/2020 22:00,82,73,FALSE,155
10/12/2020 23:00,81,67,FALSE,148
10/13/2020 0:00,87,60,FALSE,147
10/13/2020 1:00,78,60,FALSE,138
10/13/2020 2:00,80,66,FALSE,146
10/13/2020 3:00,78,57,FALSE,135
10/13/2020 4:00,82,58,FALSE,140
10/13/2020 5:00,77,49,FALSE,126
10/13/2020 6:00,75,46,FALSE,121
10/13/2020 7:00,68,44,FALSE,112
10/13/2020 8:00,65,44,FALSE,109
10/13/2020 9:00,64,40,FALSE,104
10/13/2020 10:00,69,46,FALSE,115
10/13/2020 11:00,64,50,FALSE,114
10/13/2020 12:00,65,45,FALSE,110
10/13/2020 13:00,66,42,FALSE,108
10/13/2020 14:00,66,47,FALSE,113
10/13/2020 15:00,67,45,FALSE,112
10/13/2020 16:00,71,46,FALSE,117
10/13/2020 17:00,65,42,FALSE,107
10/13/2020 18:00,70,47,FALSE,117
10/13/2020 19:00,81,53,FALSE,134
10/13/2020 20:00,76,55,FALSE,131
10/13/2020 21:00,78,61,FALSE,139
10/13/2020 22:00,81,62,FALSE,143
10/13/2020 23:00,73,60,FALSE,133
10/14/2020 0:00,81,58,FALSE,139
10/14/2020 0:00,74,53,FALSE,127
10/14/2020 1:00,69,48,FALSE,117
10/14/2020 2:00,74,52,FALSE,126
10/14/2020 3:00,76,49,FALSE,125
10/14/2020 4:00,76,46,FALSE,122
10/14/2020 5:00,71,43,FALSE,114
10/14/2020 6:00,67,44,FALSE,111
10/14/2020 7:00,60,41,FALSE,101
10/14/2020 8:00,75,38,FALSE,113
10/14/2020 9:00,69,37,FALSE,106
10/14/2020 10:00,59,41,FALSE,100
10/14/2020 11:00,61,44,FALSE,105
10/14/2020 12:00,69,38,FALSE,107
10/14/2020 13:00,63,42,FALSE,105
10/14/2020 14:00,64,42,FALSE,106
10/14/2020 15:00,59,40,FALSE,99
10/14/2020 16:00,58,42,FALSE,100
10/14/2020 17:00,61,43,FALSE,104
10/14/2020 18:00,68,44,FALSE,112
10/14/2020 19:00,71,47,FALSE,118
10/14/2020 20:00,72,51,FALSE,123
10/14/2020 21:00,74,51,FALSE,125
10/14/2020 22:00,76,53,FALSE,129
10/14/2020 23:00,81,56,FALSE,137
10/15/2020 0:00,72,51,FALSE,123
10/15/2020 1:00,71,49,FALSE,120
10/15/2020 2:00,70,59,FALSE,129
10/15/2020 3:00,69,58,FALSE,127
10/15/2020 4:00,71,51,FALSE,122
10/15/2020 5:00,74,47,FALSE,121
10/15/2020 6:00,62,42,FALSE,104
10/15/2020 7:00,59,38,FALSE,97
10/15/2020 8:00,71,37,FALSE,108
10/15/2020 9:00,56,34,FALSE,90
10/15/2020 10:00,57,36,FALSE,93
10/15/2020 11:00,56,38,FALSE,94
10/15/2020 12:00,56,34,FALSE,90
10/15/2020 13:00,53,37,FALSE,90
10/15/2020 14:00,56,43,FALSE,99
10/15/2020 15:00,58,37,FALSE,95
10/15/2020 16:00,60,40,FALSE,100
10/15/2020 17:00,58,38,FALSE,96
10/15/2020 18:00,63,44,FALSE,107
10/15/2020 19:00,65,50,FALSE,115
10/15/2020 20:00,69,54,FALSE,123
10/15/2020 21:00,72,59,FALSE,131
10/15/2020 22:00,74,57,FALSE,131
10/15/2020 23:00,76,59,FALSE,135
10/16/2020 0:00,72,50,FALSE,122
10/16/2020 1:00,67,51,FALSE,118
10/16/2020 2:00,71,50,FALSE,121
10/16/2020 3:00,68,46,FALSE,114
10/16/2020 4:00,68,50,FALSE,118
10/16/2020 5:00,68,47,FALSE,115
10/16/2020 6:00,62,39,FALSE,101
10/16/2020 7:00,58,41,FALSE,99
10/16/2020 8:00,52,35,FALSE,87
10/16/2020 9:00,56,36,FALSE,92
10/16/2020 10:00,56,35,FALSE,91
10/16/2020 11:00,51,39,FALSE,90
10/16/2020 12:00,53,38,FALSE,91
10/16/2020 13:00,55,38,FALSE,93
10/16/2020 14:00,57,38,FALSE,95
10/16/2020 15:00,56,39,FALSE,95
10/16/2020 16:00,55,36,FALSE,91
10/16/2020 17:00,59,39,FALSE,98
10/16/2020 18:00,57,40,FALSE,97
10/16/2020 19:00,65,46,FALSE,111
10/16/2020 20:00,67,42,FALSE,109
10/16/2020 21:00,71,45,FALSE,116
10/16/2020 22:00,62,46,FALSE,108
10/16/2020 23:00,70,47,FALSE,117
10/17/2020 0:00,68,43,FALSE,111
10/17/2020 1:00,67,45,FALSE,112
10/17/2020 2:00,65,46,FALSE,111
10/17/2020 3:00,68,47,FALSE,115
10/17/2020 4:00,67,41,FALSE,108
10/17/2020 5:00,66,40,FALSE,106
10/17/2020 6:00,58,37,FALSE,95
10/17/2020 7:00,57,37,FALSE,94
10/17/2020 8:00,50,34,FALSE,84
10/17/2020 9:00,50,35,FALSE,85
10/17/2020 10:00,53,33,FALSE,86
10/17/2020 11:00,62,36,FALSE,98
10/17/2020 12:00,55,33,FALSE,88
10/17/2020 13:00,55,31,FALSE,86
10/17/2020 14:00,61,34,FALSE,95
10/17/2020 15:00,54,34,FALSE,88
10/17/2020 16:00,56,33,FALSE,89
10/17/2020 17:00,56,32,FALSE,88
10/17/2020 18:00,62,37,FALSE,99
10/17/2020 19:00,69,37,FALSE,106
10/17/2020 20:00,69,38,FALSE,107
10/17/2020 21:00,76,47,FALSE,123
10/17/2020 22:00,82,47,FALSE,129
10/17/2020 23:00,100,46,FALSE,146
10/18/2020 0:00,90,45,FALSE,135
10/18/2020 1:00,96,44,FALSE,140
10/18/2020 2:00,79,43,FALSE,122
10/18/2020 3:00,84,46,FALSE,130
10/18/2020 4:00,73,39,FALSE,112
10/18/2020 5:00,60,38,FALSE,98
10/18/2020 6:00,60,41,FALSE,101
10/18/2020 7:00,52,37,FALSE,89
10/18/2020 8:00,52,34,FALSE,86
10/18/2020 9:00,52,36,FALSE,88
10/18/2020 10:00,51,36,FALSE,87
10/18/2020 11:00,52,37,FALSE,89
10/18/2020 12:00,48,36,FALSE,84
10/18/2020 13:00,52,32,FALSE,84
10/18/2020 14:00,54,34,FALSE,88
10/18/2020 15:00,55,36,FALSE,91
10/18/2020 16:00,59,36,FALSE,95
10/18/2020 17:00,64,39,FALSE,103
10/18/2020 18:00,63,39,FALSE,102
10/18/2020 19:00,67,44,FALSE,111
10/18/2020 20:00,70,49,FALSE,119
10/18/2020 21:00,68,52,FALSE,120
10/18/2020 22:00,72,58,FALSE,130
10/18/2020 23:00,68,51,FALSE,119
10/19/2020 0:00,69,53,FALSE,122
10/19/2020 1:00,67,51,FALSE,118
10/19/2020 2:00,60,45,FALSE,105
10/19/2020 3:00,69,44,FALSE,113
10/19/2020 4:00,69,43,FALSE,112
10/19/2020 5:00,59,45,FALSE,104
10/19/2020 6:00,55,35,FALSE,90
10/19/2020 7:00,54,33,FALSE,87
10/19/2020 8:00,54,35,FALSE,89
10/19/2020 9:00,56,39,FALSE,95
10/19/2020 10:00,65,40,FALSE,105
10/19/2020 11:00,54,46,FALSE,100
10/19/2020 12:00,58,45,FALSE,103
10/19/2020 13:00,57,48,FALSE,105
10/19/2020 14:00,60,48,FALSE,108
10/19/2020 15:00,57,44,FALSE,101
10/19/2020 16:00,61,46,FALSE,107
10/19/2020 17:00,60,49,FALSE,109
10/19/2020 18:00,65,51,FALSE,116
10/19/2020 19:00,69,54,FALSE,123
10/19/2020 20:00,73,55,FALSE,128
10/19/2020 21:00,73,57,FALSE,130
10/19/2020 22:00,71,57,FALSE,128
10/19/2020 23:00,74,58,FALSE,132
10/20/2020 0:00,72,54,FALSE,126
10/20/2020 1:00,68,52,FALSE,120
10/20/2020 2:00,74,50,FALSE,124
10/20/2020 3:00,70,49,FALSE,119
10/20/2020 4:00,64,50,FALSE,114
10/20/2020 5:00,67,41,FALSE,108
10/20/2020 6:00,61,41,FALSE,102
10/20/2020 7:00,59,37,FALSE,96
10/20/2020 8:00,57,36,FALSE,93
10/20/2020 9:00,57,37,FALSE,94
10/20/2020 10:00,55,43,FALSE,98
10/20/2020 11:00,54,39,FALSE,93
10/20/2020 12:00,56,40,FALSE,96
10/20/2020 13:00,57,43,FALSE,100
10/20/2020 14:00,63,42,FALSE,105
10/20/2020 15:00,59,45,FALSE,104
10/20/2020 16:00,59,40,FALSE,99
10/20/2020 17:00,60,43,FALSE,103
10/20/2020 18:00,74,41,FALSE,115
10/20/2020 19:00,78,47,FALSE,125
10/20/2020 20:00,73,47,FALSE,120
10/20/2020 21:00,72,52,FALSE,124
10/20/2020 22:00,67,57,FALSE,124
10/20/2020 23:00,72,52,FALSE,124
10/21/2020 0:00,71,49,FALSE,120
10/21/2020 0:00,40,28,FALSE,68
10/21/2020 1:00,37,26,FALSE,63
10/21/2020 2:00,39,28,FALSE,67
10/21/2020 3:00,40,32,FALSE,72
10/21/2020 4:00,40,31,FALSE,71
10/21/2020 5:00,37,24,FALSE,61
10/21/2020 6:00,37,23,FALSE,60
10/21/2020 7:00,32,23,FALSE,55
10/21/2020 8:00,34,19,FALSE,53
10/21/2020 9:00,34,20,FALSE,54
10/21/2020 10:00,34,22,FALSE,56
10/21/2020 11:00,33,25,FALSE,58
10/21/2020 12:00,34,27,FALSE,61
10/21/2020 13:00,37,30,FALSE,67
10/21/2020 14:00,40,35,FALSE,75
10/21/2020 15:00,41,33,FALSE,74
10/21/2020 16:00,41,36,FALSE,77
10/21/2020 17:00,42,36,FALSE,78
10/21/2020 18:00,43,38,FALSE,81
10/21/2020 19:00,48,36,FALSE,84
10/21/2020 20:00,45,40,FALSE,85
10/21/2020 21:00,49,44,FALSE,93
10/21/2020 22:00,46,50,FALSE,96
10/21/2020 23:00,46,46,FALSE,92
10/22/2020 0:00,45,41,FALSE,86
10/22/2020 1:00,40,42,FALSE,82
10/22/2020 2:00,44,37,FALSE,81
10/22/2020 3:00,42,39,FALSE,81
10/22/2020 4:00,43,35,FALSE,78
10/22/2020 5:00,46,31,FALSE,77
10/22/2020 6:00,39,30,FALSE,69
10/22/2020 7:00,35,27,FALSE,62
10/22/2020 8:00,34,28,FALSE,62
10/22/2020 9:00,36,29,FALSE,65
10/22/2020 10:00,39,33,FALSE,72
10/22/2020 11:00,39,38,FALSE,77
10/22/2020 12:00,36,34,FALSE,70
10/22/2020 13:00,41,33,FALSE,74
10/22/2020 14:00,38,33,FALSE,71
10/22/2020 15:00,37,32,FALSE,69
10/22/2020 16:00,40,33,FALSE,73
10/22/2020 17:00,41,34,FALSE,75
10/22/2020 18:00,42,38,FALSE,80
10/22/2020 19:00,47,39,FALSE,86
10/22/2020 20:00,50,40,FALSE,90
10/22/2020 21:00,49,45,FALSE,94
10/22/2020 22:00,46,48,FALSE,94
10/22/2020 23:00,45,39,FALSE,84
10/23/2020 0:00,42,33,FALSE,75
10/23/2020 1:00,36,29,FALSE,65
10/23/2020 2:00,37,30,FALSE,67
10/23/2020 3:00,39,30,FALSE,69
10/23/2020 4:00,38,30,FALSE,68
10/23/2020 5:00,39,29,FALSE,68
10/23/2020 6:00,36,29,FALSE,65
10/23/2020 7:00,35,24,FALSE,59
10/23/2020 8:00,34,23,FALSE,57
10/23/2020 9:00,35,23,FALSE,58
10/23/2020 10:00,35,25,FALSE,60
10/23/2020 11:00,34,29,FALSE,63
10/23/2020 12:00,32,24,FALSE,56
10/23/2020 13:00,33,27,FALSE,60
10/23/2020 14:00,34,26,FALSE,60
10/23/2020 15:00,32,25,FALSE,57
10/23/2020 16:00,32,25,FALSE,57
10/23/2020 17:00,34,25,FALSE,59
10/23/2020 18:00,37,26,FALSE,63
10/23/2020 19:00,39,27,FALSE,66
10/23/2020 20:00,38,29,FALSE,67
10/23/2020 21:00,44,32,FALSE,76
10/23/2020 22:00,43,31,FALSE,74
10/23/2020 23:00,46,32,FALSE,78
10/24/2020 0:00,41,30,FALSE,71
10/24/2020 1:00,40,28,FALSE,68
10/24/2020 2:00,41,28,FALSE,69
10/24/2020 3:00,41,27,FALSE,68
10/24/2020 4:00,37,27,FALSE,64
10/24/2020 5:00,39,26,FALSE,65
10/24/2020 6:00,34,24,FALSE,58
10/24/2020 7:00,29,22,FALSE,51
10/24/2020 8:00,31,21,FALSE,52
10/24/2020 9:00,29,21,FALSE,50
10/24/2020 10:00,29,22,FALSE,51
10/24/2020 11:00,32,23,FALSE,55
10/24/2020 12:00,32,22,FALSE,54
10/24/2020 13:00,34,21,FALSE,55
10/24/2020 14:00,44,23,FALSE,67
10/24/2020 15:00,46,21,FALSE,67
10/24/2020 16:00,53,23,FALSE,76
10/24/2020 17:00,62,25,FALSE,87
10/24/2020 18:00,95,24,FALSE,119
10/24/2020 19:00,100,24,FALSE,124
10/24/2020 20:00,86,28,FALSE,114
10/24/2020 21:00,46,29,FALSE,75
10/24/2020 22:00,45,29,FALSE,74
10/24/2020 23:00,47,29,FALSE,76
10/25/2020 0:00,45,31,FALSE,76
10/25/2020 1:00,43,28,FALSE,71
10/25/2020 2:00,41,29,FALSE,70
10/25/2020 3:00,40,30,FALSE,70
10/25/2020 4:00,40,29,FALSE,69
10/25/2020 5:00,35,26,FALSE,61
10/25/2020 6:00,34,25,FALSE,59
10/25/2020 7:00,32,23,FALSE,55
10/25/2020 8:00,32,22,FALSE,54
10/25/2020 9:00,30,22,FALSE,52
10/25/2020 10:00,28,20,FALSE,48
10/25/2020 11:00,31,23,FALSE,54
10/25/2020 12:00,30,20,FALSE,50
10/25/2020 13:00,30,22,FALSE,52
10/25/2020 14:00,32,22,FALSE,54
10/25/2020 15:00,32,22,FALSE,54
10/25/2020 16:00,35,24,FALSE,59
10/25/2020 17:00,37,24,FALSE,61
10/25/2020 18:00,38,24,FALSE,62
10/25/2020 19:00,43,25,FALSE,68
10/25/2020 20:00,44,28,FALSE,72
10/25/2020 21:00,45,29,FALSE,74
10/25/2020 22:00,45,29,FALSE,74
10/25/2020 23:00,49,28,FALSE,77
10/26/2020 0:00,46,32,FALSE,78
10/26/2020 1:00,46,31,FALSE,77
10/26/2020 2:00,44,28,FALSE,72
10/26/2020 3:00,41,26,FALSE,67
10/26/2020 4:00,41,26,FALSE,67
10/26/2020 5:00,42,26,FALSE,68
10/26/2020 6:00,33,25,FALSE,58
10/26/2020 7:00,35,25,FALSE,60
10/26/2020 8:00,30,23,FALSE,53
10/26/2020 9:00,32,22,FALSE,54
10/26/2020 10:00,32,24,FALSE,56
10/26/2020 11:00,33,24,FALSE,57
10/26/2020 12:00,33,24,FALSE,57
10/26/2020 13:00,34,24,FALSE,58
10/26/2020 14:00,34,24,FALSE,58
10/26/2020 15:00,34,25,FALSE,59
10/26/2020 16:00,35,26,FALSE,61
10/26/2020 17:00,36,24,FALSE,60
10/26/2020 18:00,37,24,FALSE,61
10/26/2020 19:00,40,26,FALSE,66
10/26/2020 20:00,42,28,FALSE,70
10/26/2020 21:00,46,28,FALSE,74
10/26/2020 22:00,43,32,FALSE,75
10/26/2020 23:00,40,29,FALSE,69
10/27/2020 0:00,45,30,FALSE,75
10/27/2020 1:00,43,27,FALSE,70
10/27/2020 2:00,45,29,FALSE,74
10/27/2020 3:00,40,29,FALSE,69
10/27/2020 4:00,40,23,FALSE,63
10/27/2020 5:00,37,23,FALSE,60
10/27/2020 6:00,36,21,FALSE,57
10/27/2020 7:00,35,23,FALSE,58
10/27/2020 8:00,33,20,FALSE,53
10/27/2020 9:00,32,21,FALSE,53
10/27/2020 10:00,31,24,FALSE,55
10/27/2020 11:00,34,25,FALSE,59
10/27/2020 12:00,34,25,FALSE,59
10/27/2020 13:00,34,27,FALSE,61
10/27/2020 14:00,36,25,FALSE,61
10/27/2020 15:00,35,25,FALSE,60
10/27/2020 16:00,35,29,FALSE,64
10/27/2020 17:00,38,32,FALSE,70
10/27/2020 18:00,42,31,FALSE,73
10/27/2020 19:00,45,31,FALSE,76
10/27/2020 20:00,49,33,FALSE,82
10/27/2020 21:00,45,33,FALSE,78
10/27/2020 22:00,47,34,FALSE,81
10/27/2020 23:00,47,36,FALSE,83
10/28/2020 0:00,47,34,FALSE,81
10/28/2020 0:00,81,59,FALSE,140
10/28/2020 1:00,83,58,FALSE,141
10/28/2020 2:00,81,59,FALSE,140
10/28/2020 3:00,84,61,FALSE,145
10/28/2020 4:00,73,54,FALSE,127
10/28/2020 5:00,75,50,FALSE,125
10/28/2020 6:00,68,49,FALSE,117
10/28/2020 7:00,63,44,FALSE,107
10/28/2020 8:00,62,38,FALSE,100
10/28/2020 9:00,58,41,FALSE,99
10/28/2020 10:00,58,43,FALSE,101
10/28/2020 11:00,58,40,FALSE,98
10/28/2020 12:00,55,42,FALSE,97
10/28/2020 13:00,55,38,FALSE,93
10/28/2020 14:00,58,42,FALSE,100
10/28/2020 15:00,59,41,FALSE,100
10/28/2020 16:00,61,40,FALSE,101
10/28/2020 17:00,63,42,FALSE,105
10/28/2020 18:00,65,42,FALSE,107
10/28/2020 19:00,71,43,FALSE,114
10/28/2020 20:00,79,46,FALSE,125
10/28/2020 21:00,78,50,FALSE,128
10/28/2020 22:00,71,46,FALSE,117
10/28/2020 23:00,80,49,FALSE,129
10/29/2020 0:00,74,48,FALSE,122
10/29/2020 1:00,76,45,FALSE,121
10/29/2020 2:00,73,50,FALSE,123
10/29/2020 3:00,93,44,FALSE,137
10/29/2020 4:00,100,39,FALSE,139
10/29/2020 5:00,93,40,FALSE,133
10/29/2020 6:00,72,39,FALSE,111
10/29/2020 7:00,65,34,FALSE,99
10/29/2020 8:00,58,36,FALSE,94
10/29/2020 9:00,52,33,FALSE,85
10/29/2020 10:00,54,34,FALSE,88
10/29/2020 11:00,55,35,FALSE,90
10/29/2020 12:00,59,36,FALSE,95
10/29/2020 13:00,61,36,FALSE,97
10/29/2020 14:00,60,35,FALSE,95
10/29/2020 15:00,60,39,FALSE,99
10/29/2020 16:00,63,38,FALSE,101
10/29/2020 17:00,65,37,FALSE,102
10/29/2020 18:00,69,45,FALSE,114
10/29/2020 19:00,74,45,FALSE,119
10/29/2020 20:00,82,47,FALSE,129
10/29/2020 21:00,83,50,FALSE,133
10/29/2020 22:00,80,51,FALSE,131
10/29/2020 23:00,84,51,FALSE,135
10/30/2020 0:00,89,46,FALSE,135
10/30/2020 1:00,89,45,FALSE,134
10/30/2020 2:00,90,46,FALSE,136
10/30/2020 3:00,76,47,FALSE,123
10/30/2020 4:00,79,44,FALSE,123
10/30/2020 5:00,77,44,FALSE,121
10/30/2020 6:00,60,44,FALSE,104
10/30/2020 7:00,56,40,FALSE,96
10/30/2020 8:00,53,35,FALSE,88
10/30/2020 9:00,54,37,FALSE,91
10/30/2020 10:00,53,38,FALSE,91
10/30/2020 11:00,52,36,FALSE,88
10/30/2020 12:00,51,36,FALSE,87
10/30/2020 13:00,53,35,FALSE,88
10/30/2020 14:00,55,35,FALSE,90
10/30/2020 15:00,56,38,FALSE,94
10/30/2020 16:00,58,38,FALSE,96
10/30/2020 17:00,61,40,FALSE,101
10/30/2020 18:00,63,41,FALSE,104
10/30/2020 19:00,71,43,FALSE,114
10/30/2020 20:00,73,43,FALSE,116
10/30/2020 21:00,75,46,FALSE,121
10/30/2020 22:00,77,48,FALSE,125
10/30/2020 23:00,79,44,FALSE,123
10/31/2020 0:00,74,48,FALSE,122
10/31/2020 1:00,85,43,FALSE,128
10/31/2020 2:00,77,44,FALSE,121
10/31/2020 3:00,69,42,FALSE,111
10/31/2020 4:00,73,40,FALSE,113
10/31/2020 5:00,65,37,FALSE,102
10/31/2020 6:00,62,41,FALSE,103
10/31/2020 7:00,58,37,FALSE,95
10/31/2020 8:00,55,36,FALSE,91
10/31/2020 9:00,55,37,FALSE,92
10/31/2020 10:00,52,39,FALSE,91
10/31/2020 11:00,51,34,FALSE,85
10/31/2020 12:00,55,38,FALSE,93
10/31/2020 13:00,56,38,FALSE,94
10/31/2020 14:00,57,37,FALSE,94
10/31/2020 15:00,58,35,FALSE,93
10/31/2020 16:00,56,36,FALSE,92
10/31/2020 17:00,56,37,FALSE,93
10/31/2020 18:00,58,36,FALSE,94
10/31/2020 19:00,67,37,FALSE,104
10/31/2020 20:00,71,41,FALSE,112
10/31/2020 21:00,79,43,FALSE,122
10/31/2020 22:00,82,48,FALSE,130
10/31/2020 23:00,84,44,FALSE,128
11/1/2020 0:00,93,46,FALSE,139
11/1/2020 1:00,96,39,FALSE,135
11/1/2020 2:00,89,43,FALSE,132
11/1/2020 3:00,98,45,FALSE,143
11/1/2020 4:00,67,42,FALSE,109
11/1/2020 5:00,60,38,FALSE,98
11/1/2020 6:00,57,39,FALSE,96
11/1/2020 7:00,54,36,FALSE,90
11/1/2020 8:00,54,34,FALSE,88
11/1/2020 9:00,56,34,FALSE,90
11/1/2020 10:00,50,34,FALSE,84
11/1/2020 11:00,49,33,FALSE,82
11/1/2020 12:00,53,35,FALSE,88
11/1/2020 13:00,56,35,FALSE,91
11/1/2020 14:00,59,35,FALSE,94
11/1/2020 15:00,64,36,FALSE,100
11/1/2020 16:00,71,35,FALSE,106
11/1/2020 17:00,69,35,FALSE,104
11/1/2020 18:00,74,40,FALSE,114
11/1/2020 19:00,77,43,FALSE,120
11/1/2020 20:00,80,44,FALSE,124
11/1/2020 21:00,87,50,FALSE,137
11/1/2020 22:00,85,51,FALSE,136
11/1/2020 23:00,78,55,FALSE,133
11/2/2020 0:00,82,48,FALSE,130
11/2/2020 1:00,82,48,FALSE,130
11/2/2020 2:00,78,48,FALSE,126
11/2/2020 3:00,78,44,FALSE,122
11/2/2020 4:00,78,42,FALSE,120
11/2/2020 5:00,74,42,FALSE,116
11/2/2020 6:00,64,37,FALSE,101
11/2/2020 7:00,66,36,FALSE,102
11/2/2020 8:00,54,33,FALSE,87
11/2/2020 9:00,59,36,FALSE,95
11/2/2020 10:00,57,35,FALSE,92
11/2/2020 11:00,54,36,FALSE,90
11/2/2020 12:00,57,40,FALSE,97
11/2/2020 13:00,55,37,FALSE,92
11/2/2020 14:00,61,41,FALSE,102
11/2/2020 15:00,57,40,FALSE,97
11/2/2020 16:00,60,39,FALSE,99
11/2/2020 17:00,63,39,FALSE,102
11/2/2020 18:00,66,45,FALSE,111
11/2/2020 19:00,83,51,FALSE,134
11/2/2020 20:00,81,47,FALSE,128
11/2/2020 21:00,74,51,FALSE,125
11/2/2020 22:00,81,47,FALSE,128
11/2/2020 23:00,73,49,FALSE,122
11/3/2020 0:00,73,48,FALSE,121
11/3/2020 1:00,77,44,FALSE,121
11/3/2020 2:00,83,45,FALSE,128
11/3/2020 3:00,81,51,FALSE,132
11/3/2020 4:00,81,50,FALSE,131
11/3/2020 5:00,75,43,FALSE,118
11/3/2020 6:00,63,41,FALSE,104
11/3/2020 7:00,60,39,FALSE,99
11/3/2020 8:00,61,35,FALSE,96
11/3/2020 9:00,56,35,FALSE,91
11/3/2020 10:00,58,39,FALSE,97
11/3/2020 11:00,55,44,FALSE,99
11/3/2020 12:00,52,40,FALSE,92
11/3/2020 13:00,53,37,FALSE,90
11/3/2020 14:00,56,36,FALSE,92
11/3/2020 15:00,55,38,FALSE,93
11/3/2020 16:00,56,38,FALSE,94
11/3/2020 17:00,58,38,FALSE,96
11/3/2020 18:00,58,39,FALSE,97
11/3/2020 19:00,68,46,FALSE,114
11/3/2020 20:00,76,44,FALSE,120
11/3/2020 21:00,69,43,FALSE,112
11/3/2020 22:00,72,46,FALSE,118
11/3/2020 23:00,67,47,FALSE,114
11/4/2020 0:00,55,41,FALSE,96
11/4/2020 0:00,58,43,FALSE,101
11/4/2020 1:00,58,37,FALSE,95
11/4/2020 2:00,61,37,FALSE,98
11/4/2020 3:00,56,43,FALSE,99
11/4/2020 4:00,59,34,FALSE,93
11/4/2020 5:00,58,34,FALSE,92
11/4/2020 6:00,55,33,FALSE,88
11/4/2020 7:00,50,34,FALSE,84
11/4/2020 8:00,49,31,FALSE,80
11/4/2020 9:00,48,31,FALSE,79
11/4/2020 10:00,48,31,FALSE,79
11/4/2020 11:00,49,30,FALSE,79
11/4/2020 12:00,45,30,FALSE,75
11/4/2020 13:00,46,31,FALSE,77
11/4/2020 14:00,49,33,FALSE,82
11/4/2020 15:00,48,32,FALSE,80
11/4/2020 16:00,52,34,FALSE,86
11/4/2020 17:00,58,41,FALSE,99
11/4/2020 18:00,60,38,FALSE,98
11/4/2020 19:00,60,41,FALSE,101
11/4/2020 20:00,65,41,FALSE,106
11/4/2020 21:00,64,42,FALSE,106
11/4/2020 22:00,60,45,FALSE,105
11/4/2020 23:00,60,43,FALSE,103
11/5/2020 0:00,60,39,FALSE,99
11/5/2020 1:00,66,44,FALSE,110
11/5/2020 2:00,63,37,FALSE,100
11/5/2020 3:00,72,43,FALSE,115
11/5/2020 4:00,68,40,FALSE,108
11/5/2020 5:00,69,42,FALSE,111
11/5/2020 6:00,60,38,FALSE,98
11/5/2020 7:00,59,39,FALSE,98
11/5/2020 8:00,56,37,FALSE,93
11/5/2020 9:00,59,37,FALSE,96
11/5/2020 10:00,53,37,FALSE,90
11/5/2020 11:00,53,41,FALSE,94
11/5/2020 12:00,56,43,FALSE,99
11/5/2020 13:00,65,47,FALSE,112
11/5/2020 14:00,62,50,FALSE,112
11/5/2020 15:00,64,52,FALSE,116
11/5/2020 16:00,68,64,FALSE,132
11/5/2020 17:00,71,57,FALSE,128
11/5/2020 18:00,77,53,FALSE,130
11/5/2020 19:00,82,59,FALSE,141
11/5/2020 20:00,100,65,FALSE,165
11/5/2020 21:00,86,64,FALSE,150
11/5/2020 22:00,83,67,FALSE,150
11/5/2020 23:00,80,68,FALSE,148
11/6/2020 0:00,86,65,FALSE,151
11/6/2020 1:00,83,71,FALSE,154
11/6/2020 2:00,84,68,FALSE,152
11/6/2020 3:00,76,66,FALSE,142
11/6/2020 4:00,88,60,FALSE,148
11/6/2020 5:00,84,62,FALSE,146
11/6/2020 6:00,78,59,FALSE,137
11/6/2020 7:00,79,65,FALSE,144
11/6/2020 8:00,73,60,FALSE,133
11/6/2020 9:00,71,50,FALSE,121
11/6/2020 10:00,67,58,FALSE,125
11/6/2020 11:00,71,61,FALSE,132
11/6/2020 12:00,69,57,FALSE,126
11/6/2020 13:00,67,60,FALSE,127
11/6/2020 14:00,70,57,FALSE,127
11/6/2020 15:00,67,54,FALSE,121
11/6/2020 16:00,70,54,FALSE,124
11/6/2020 17:00,69,58,FALSE,127
11/6/2020 18:00,73,55,FALSE,128
11/6/2020 19:00,73,61,FALSE,134
11/6/2020 20:00,81,60,FALSE,141
11/6/2020 21:00,84,62,FALSE,146
11/6/2020 22:00,84,63,FALSE,147
11/6/2020 23:00,87,65,FALSE,152
11/7/2020 0:00,85,73,FALSE,158
11/7/2020 1:00,91,73,FALSE,164
11/7/2020 2:00,90,78,FALSE,168
11/7/2020 3:00,83,73,FALSE,156
11/7/2020 4:00,85,70,FALSE,155
11/7/2020 5:00,77,62,FALSE,139
11/7/2020 6:00,76,64,FALSE,140
11/7/2020 7:00,72,58,FALSE,130
11/7/2020 8:00,70,58,FALSE,128
11/7/2020 9:00,69,53,FALSE,122
11/7/2020 10:00,64,52,FALSE,116
11/7/2020 11:00,63,55,FALSE,118
11/7/2020 12:00,74,59,FALSE,133
11/7/2020 13:00,68,53,FALSE,121
11/7/2020 14:00,66,54,FALSE,120
11/7/2020 15:00,66,52,FALSE,118
11/7/2020 16:00,60,40,FALSE,100
11/7/2020 17:00,61,45,FALSE,106
11/7/2020 18:00,71,48,FALSE,119
11/7/2020 19:00,78,55,FALSE,133
11/7/2020 20:00,97,56,FALSE,153
11/7/2020 21:00,89,55,FALSE,144
11/7/2020 22:00,83,53,FALSE,136
11/7/2020 23:00,84,57,FALSE,141
11/8/2020 0:00,87,54,FALSE,141
11/8/2020 1:00,86,55,FALSE,141
11/8/2020 2:00,87,53,FALSE,140
11/8/2020 3:00,91,56,FALSE,147
11/8/2020 4:00,97,53,FALSE,150
11/8/2020 5:00,83,50,FALSE,133
11/8/2020 6:00,69,51,FALSE,120
11/8/2020 7:00,66,47,FALSE,113
11/8/2020 8:00,65,46,FALSE,111
11/8/2020 9:00,63,41,FALSE,104
11/8/2020 10:00,66,44,FALSE,110
11/8/2020 11:00,60,44,FALSE,104
11/8/2020 12:00,64,46,FALSE,110
11/8/2020 13:00,62,43,FALSE,105
11/8/2020 14:00,66,46,FALSE,112
11/8/2020 15:00,69,45,FALSE,114
11/8/2020 16:00,77,47,FALSE,124
11/8/2020 17:00,79,47,FALSE,126
11/8/2020 18:00,78,51,FALSE,129
11/8/2020 19:00,89,49,FALSE,138
11/8/2020 20:00,93,52,FALSE,145
11/8/2020 21:00,89,57,FALSE,146
11/8/2020 22:00,90,67,FALSE,157
11/8/2020 23:00,85,61,FALSE,146
11/9/2020 0:00,88,57,FALSE,145
11/9/2020 1:00,90,64,FALSE,154
11/9/2020 2:00,86,59,FALSE,145
11/9/2020 3:00,87,59,FALSE,146
11/9/2020 4:00,89,51,FALSE,140
11/9/2020 5:00,85,48,FALSE,133
11/9/2020 6:00,69,46,FALSE,115
11/9/2020 7:00,67,50,FALSE,117
11/9/2020 8:00,64,42,FALSE,106
11/9/2020 9:00,68,40,FALSE,108
11/9/2020 10:00,63,43,FALSE,106
11/9/2020 11:00,57,45,FALSE,102
11/9/2020 12:00,65,54,FALSE,119
11/9/2020 13:00,68,49,FALSE,117
11/9/2020 14:00,68,53,FALSE,121
11/9/2020 15:00,77,56,FALSE,133
11/9/2020 16:00,70,51,FALSE,121
11/9/2020 17:00,72,50,FALSE,122
11/9/2020 18:00,72,53,FALSE,125
11/9/2020 19:00,82,58,FALSE,140
11/9/2020 20:00,90,58,FALSE,148
11/9/2020 21:00,90,61,FALSE,151
11/9/2020 22:00,85,62,FALSE,147
11/9/2020 23:00,81,60,FALSE,141
11/10/2020 0:00,84,56,FALSE,140
11/10/2020 1:00,88,53,FALSE,141
11/10/2020 2:00,95,55,FALSE,150
11/10/2020 3:00,88,51,FALSE,139
11/10/2020 4:00,83,50,FALSE,133
11/10/2020 5:00,76,47,FALSE,123
11/10/2020 6:00,69,46,FALSE,115
11/10/2020 7:00,64,53,FALSE,117
11/10/2020 8:00,71,61,FALSE,132
11/10/2020 9:00,63,46,FALSE,109
11/10/2020 10:00,68,50,FALSE,118
11/10/2020 11:00,60,47,FALSE,107
11/10/2020 12:00,60,46,FALSE,106
11/10/2020 13:00,56,45,FALSE,101
11/10/2020 14:00,60,47,FALSE,107
11/10/2020 15:00,66,49,FALSE,115
11/10/2020 16:00,65,47,FALSE,112
11/10/2020 17:00,66,46,FALSE,112
11/10/2020 18:00,71,56,FALSE,127
11/10/2020 19:00,81,56,FALSE,137
11/10/2020 20:00,86,58,FALSE,144
11/10/2020 21:00,89,66,FALSE,155
11/10/2020 22:00,78,60,FALSE,138
11/10/2020 23:00,76,64,FALSE,140
11/11/2020 0:00,81,59,FALSE,140
11/11/2020 0:00,50,37,FALSE,87
11/11/2020 1:00,50,36,FALSE,86
11/11/2020 2:00,49,34,FALSE,83
11/11/2020 3:00,56,37,FALSE,93
11/11/2020 4:00,57,34,FALSE,91
11/11/2020 5:00,51,32,FALSE,83
11/11/2020 6:00,45,29,FALSE,74
11/11/2020 7:00,38,29,FALSE,67
11/11/2020 8:00,45,27,FALSE,72
11/11/2020 9:00,41,24,FALSE,65
11/11/2020 10:00,39,27,FALSE,66
11/11/2020 11:00,36,28,FALSE,64
11/11/2020 12:00,37,29,FALSE,66
11/11/2020 13:00,41,29,FALSE,70
11/11/2020 14:00,41,28,FALSE,69
11/11/2020 15:00,39,32,FALSE,71
11/11/2020 16:00,41,30,FALSE,71
11/11/2020 17:00,43,33,FALSE,76
11/11/2020 18:00,51,36,FALSE,87
11/11/2020 19:00,51,35,FALSE,86
11/11/2020 20:00,55,36,FALSE,91
11/11/2020 21:00,53,39,FALSE,92
11/11/2020 22:00,56,40,FALSE,96
11/11/2020 23:00,49,40,FALSE,89
11/12/2020 0:00,46,36,FALSE,82
11/12/2020 1:00,50,33,FALSE,83
11/12/2020 2:00,53,33,FALSE,86
11/12/2020 3:00,48,36,FALSE,84
11/12/2020 4:00,51,30,FALSE,81
11/12/2020 5:00,49,32,FALSE,81
11/12/2020 6:00,43,29,FALSE,72
11/12/2020 7:00,41,28,FALSE,69
11/12/2020 8:00,41,29,FALSE,70
11/12/2020 9:00,42,28,FALSE,70
11/12/2020 10:00,40,29,FALSE,69
11/12/2020 11:00,38,28,FALSE,66
11/12/2020 12:00,40,28,FALSE,68
11/12/2020 13:00,37,30,FALSE,67
11/12/2020 14:00,40,30,FALSE,70
11/12/2020 15:00,41,31,FALSE,72
11/12/2020 16:00,39,33,FALSE,72
11/12/2020 17:00,44,31,FALSE,75
11/12/2020 18:00,46,33,FALSE,79
11/12/2020 19:00,48,33,FALSE,81
11/12/2020 20:00,56,37,FALSE,93
11/12/2020 21:00,54,39,FALSE,93
11/12/2020 22:00,52,46,FALSE,98
11/12/2020 23:00,53,44,FALSE,97
11/13/2020 0:00,52,44,FALSE,96
11/13/2020 1:00,57,40,FALSE,97
11/13/2020 2:00,54,42,FALSE,96
11/13/2020 3:00,53,40,FALSE,93
11/13/2020 4:00,52,41,FALSE,93
11/13/2020 5:00,50,37,FALSE,87
11/13/2020 6:00,45,33,FALSE,78
11/13/2020 7:00,43,29,FALSE,72
11/13/2020 8:00,38,26,FALSE,64
11/13/2020 9:00,42,30,FALSE,72
11/13/2020 10:00,41,26,FALSE,67
11/13/2020 11:00,39,30,FALSE,69
11/13/2020 12:00,38,32,FALSE,70
11/13/2020 13:00,39,32,FALSE,71
11/13/2020 14:00,42,32,FALSE,74
11/13/2020 15:00,41,30,FALSE,71
11/13/2020 16:00,42,33,FALSE,75
11/13/2020 17:00,44,34,FALSE,78
11/13/2020 18:00,48,41,FALSE,89
11/13/2020 19:00,50,44,FALSE,94
11/13/2020 20:00,52,42,FALSE,94
11/13/2020 21:00,56,44,FALSE,100
11/13/2020 22:00,61,46,FALSE,107
11/13/2020 23:00,56,47,FALSE,103
11/14/2020 0:00,54,56,FALSE,110
11/14/2020 1:00,58,59,FALSE,117
11/14/2020 2:00,59,64,FALSE,123
11/14/2020 3:00,59,67,FALSE,126
11/14/2020 4:00,55,55,FALSE,110
11/14/2020 5:00,51,52,FALSE,103
11/14/2020 6:00,48,50,FALSE,98
11/14/2020 7:00,46,45,FALSE,91
11/14/2020 8:00,40,40,FALSE,80
11/14/2020 9:00,41,36,FALSE,77
11/14/2020 10:00,38,31,FALSE,69
11/14/2020 11:00,40,35,FALSE,75
11/14/2020 12:00,38,35,FALSE,73
11/14/2020 13:00,44,38,FALSE,82
11/14/2020 14:00,45,38,FALSE,83
11/14/2020 15:00,42,34,FALSE,76
11/14/2020 16:00,43,34,FALSE,77
11/14/2020 17:00,43,34,FALSE,77
11/14/2020 18:00,46,35,FALSE,81
11/14/2020 19:00,47,36,FALSE,83
11/14/2020 20:00,55,37,FALSE,92
11/14/2020 21:00,57,43,FALSE,100
11/14/2020 22:00,59,42,FALSE,101
11/14/2020 23:00,59,46,FALSE,105
11/15/2020 0:00,61,52,FALSE,113
11/15/2020 1:00,67,51,FALSE,118
11/15/2020 2:00,60,50,FALSE,110
11/15/2020 3:00,60,45,FALSE,105
11/15/2020 4:00,56,42,FALSE,98
11/15/2020 5:00,52,39,FALSE,91
11/15/2020 6:00,46,42,FALSE,88
11/15/2020 7:00,44,44,FALSE,88
11/15/2020 8:00,46,43,FALSE,89
11/15/2020 9:00,42,38,FALSE,80
11/15/2020 10:00,39,36,FALSE,75
11/15/2020 11:00,42,35,FALSE,77
11/15/2020 12:00,43,37,FALSE,80
11/15/2020 13:00,42,36,FALSE,78
11/15/2020 14:00,45,36,FALSE,81
11/15/2020 15:00,46,38,FALSE,84
11/15/2020 16:00,45,39,FALSE,84
11/15/2020 17:00,49,36,FALSE,85
11/15/2020 18:00,51,36,FALSE,87
11/15/2020 19:00,51,37,FALSE,88
11/15/2020 20:00,55,37,FALSE,92
11/15/2020 21:00,57,40,FALSE,97
11/15/2020 22:00,52,40,FALSE,92
11/15/2020 23:00,50,41,FALSE,91
11/16/2020 0:00,50,40,FALSE,90
11/16/2020 1:00,53,38,FALSE,91
11/16/2020 2:00,50,37,FALSE,87
11/16/2020 3:00,51,38,FALSE,89
11/16/2020 4:00,48,36,FALSE,84
11/16/2020 5:00,45,36,FALSE,81
11/16/2020 6:00,42,33,FALSE,75
11/16/2020 7:00,41,31,FALSE,72
11/16/2020 8:00,39,32,FALSE,71
11/16/2020 9:00,40,30,FALSE,70
11/16/2020 10:00,38,33,FALSE,71
11/16/2020 11:00,37,37,FALSE,74
11/16/2020 12:00,39,36,FALSE,75
11/16/2020 13:00,41,39,FALSE,80
11/16/2020 14:00,51,59,FALSE,110
11/16/2020 15:00,51,57,FALSE,108
11/16/2020 16:00,50,53,FALSE,103
11/16/2020 17:00,55,60,FALSE,115
11/16/2020 18:00,61,75,FALSE,136
11/16/2020 19:00,62,71,FALSE,133
11/16/2020 20:00,71,82,FALSE,153
11/16/2020 21:00,72,99,FALSE,171
11/16/2020 22:00,59,81,FALSE,140
11/16/2020 23:00,59,81,FALSE,140
11/17/2020 0:00,65,85,FALSE,150
11/17/2020 1:00,58,85,FALSE,143
11/17/2020 2:00,66,92,FALSE,158
11/17/2020 3:00,67,88,FALSE,155
11/17/2020 4:00,63,81,FALSE,144
11/17/2020 5:00,68,100,FALSE,168
11/17/2020 6:00,65,90,FALSE,155
11/17/2020 7:00,65,78,FALSE,143
11/17/2020 8:00,56,68,FALSE,124
11/17/2020 9:00,53,58,FALSE,111
11/17/2020 10:00,54,58,FALSE,112
11/17/2020 11:00,55,70,FALSE,125
11/17/2020 12:00,61,81,FALSE,142
11/17/2020 13:00,64,81,FALSE,145
11/17/2020 14:00,57,70,FALSE,127
11/17/2020 15:00,58,73,FALSE,131
11/17/2020 16:00,60,73,FALSE,133
11/17/2020 17:00,68,81,FALSE,149
11/17/2020 18:00,69,80,FALSE,149
11/17/2020 19:00,71,83,FALSE,154
11/17/2020 20:00,73,82,FALSE,155
11/17/2020 21:00,69,82,FALSE,151
11/17/2020 22:00,69,85,FALSE,154
11/17/2020 23:00,67,86,FALSE,153
11/18/2020 0:00,67,90,FALSE,157
11/18/2020 0:00,8,11,FALSE,19
11/18/2020 1:00,8,9,FALSE,17
11/18/2020 2:00,8,9,FALSE,17
11/18/2020 3:00,8,9,FALSE,17
11/18/2020 4:00,9,12,FALSE,21
11/18/2020 5:00,9,10,FALSE,19
11/18/2020 6:00,8,9,FALSE,17
11/18/2020 7:00,7,7,FALSE,14
11/18/2020 8:00,7,7,FALSE,14
11/18/2020 9:00,7,6,FALSE,13
11/18/2020 10:00,6,7,FALSE,13
11/18/2020 11:00,6,6,FALSE,12
11/18/2020 12:00,6,7,FALSE,13
11/18/2020 13:00,7,7,FALSE,14
11/18/2020 14:00,7,7,FALSE,14
11/18/2020 15:00,6,6,FALSE,12
11/18/2020 16:00,6,6,FALSE,12
11/18/2020 17:00,6,6,FALSE,12
11/18/2020 18:00,7,6,FALSE,13
11/18/2020 19:00,7,7,FALSE,14
11/18/2020 20:00,7,6,FALSE,13
11/18/2020 21:00,7,7,FALSE,14
11/18/2020 22:00,7,7,FALSE,14
11/18/2020 23:00,7,7,FALSE,14
11/19/2020 0:00,7,7,FALSE,14
11/19/2020 1:00,7,6,FALSE,13
11/19/2020 2:00,7,7,FALSE,14
11/19/2020 3:00,7,6,FALSE,13
11/19/2020 4:00,7,6,FALSE,13
11/19/2020 5:00,7,6,FALSE,13
11/19/2020 6:00,6,5,FALSE,11
11/19/2020 7:00,6,5,FALSE,11
11/19/2020 8:00,6,4,FALSE,10
11/19/2020 9:00,6,4,FALSE,10
11/19/2020 10:00,5,4,FALSE,9
11/19/2020 11:00,5,5,FALSE,10
11/19/2020 12:00,6,5,FALSE,11
11/19/2020 13:00,5,5,FALSE,10
11/19/2020 14:00,6,6,FALSE,12
11/19/2020 15:00,6,6,FALSE,12
11/19/2020 16:00,6,7,FALSE,13
11/19/2020 17:00,6,6,FALSE,12
11/19/2020 18:00,7,7,FALSE,14
11/19/2020 19:00,7,7,FALSE,14
11/19/2020 20:00,8,7,FALSE,15
11/19/2020 21:00,8,8,FALSE,16
11/19/2020 22:00,8,8,FALSE,16
11/19/2020 23:00,7,8,FALSE,15
11/20/2020 0:00,7,8,FALSE,15
11/20/2020 1:00,7,7,FALSE,14
11/20/2020 2:00,7,7,FALSE,14
11/20/2020 3:00,7,7,FALSE,14
11/20/2020 4:00,7,7,FALSE,14
11/20/2020 5:00,7,7,FALSE,14
11/20/2020 6:00,6,6,FALSE,12
11/20/2020 7:00,6,5,FALSE,11
11/20/2020 8:00,6,6,FALSE,12
11/20/2020 9:00,6,6,FALSE,12
11/20/2020 10:00,6,5,FALSE,11
11/20/2020 11:00,6,6,FALSE,12
11/20/2020 12:00,7,7,FALSE,14
11/20/2020 13:00,7,8,FALSE,15
11/20/2020 14:00,7,8,FALSE,15
11/20/2020 15:00,7,8,FALSE,15
11/20/2020 16:00,7,9,FALSE,16
11/20/2020 17:00,8,10,FALSE,18
11/20/2020 18:00,8,10,FALSE,18
11/20/2020 19:00,8,10,FALSE,18
11/20/2020 20:00,9,11,FALSE,20
11/20/2020 21:00,10,13,FALSE,23
11/20/2020 22:00,10,12,FALSE,22
11/20/2020 23:00,9,14,FALSE,23
11/21/2020 0:00,11,20,FALSE,31
11/21/2020 1:00,11,21,FALSE,32
11/21/2020 2:00,10,17,FALSE,27
11/21/2020 3:00,11,15,FALSE,26
11/21/2020 4:00,10,13,FALSE,23
11/21/2020 5:00,9,15,FALSE,24
11/21/2020 6:00,13,24,FALSE,37
11/21/2020 7:00,13,21,FALSE,34
11/21/2020 8:00,16,28,FALSE,44
11/21/2020 9:00,15,25,FALSE,40
11/21/2020 10:00,13,21,FALSE,34
11/21/2020 11:00,12,18,FALSE,30
11/21/2020 12:00,16,28,FALSE,44
11/21/2020 13:00,24,46,FALSE,70
11/21/2020 14:00,20,38,FALSE,58
11/21/2020 15:00,17,33,FALSE,50
11/21/2020 16:00,17,32,FALSE,49
11/21/2020 17:00,15,27,FALSE,42
11/21/2020 18:00,15,25,FALSE,40
11/21/2020 19:00,15,24,FALSE,39
11/21/2020 20:00,15,23,FALSE,38
11/21/2020 21:00,16,26,FALSE,42
11/21/2020 22:00,18,33,FALSE,51
11/21/2020 23:00,29,63,FALSE,92
11/22/2020 0:00,27,67,FALSE,94
11/22/2020 1:00,18,41,FALSE,59
11/22/2020 2:00,18,35,FALSE,53
11/22/2020 3:00,18,33,FALSE,51
11/22/2020 4:00,16,30,FALSE,46
11/22/2020 5:00,15,27,FALSE,42
11/22/2020 6:00,14,25,FALSE,39
11/22/2020 7:00,15,23,FALSE,38
11/22/2020 8:00,16,23,FALSE,39
11/22/2020 9:00,17,24,FALSE,41
11/22/2020 10:00,16,25,FALSE,41
11/22/2020 11:00,13,21,FALSE,34
11/22/2020 12:00,12,20,FALSE,32
11/22/2020 13:00,12,18,FALSE,30
11/22/2020 14:00,11,18,FALSE,29
11/22/2020 15:00,12,18,FALSE,30
11/22/2020 16:00,12,18,FALSE,30
11/22/2020 17:00,13,20,FALSE,33
11/22/2020 18:00,15,22,FALSE,37
11/22/2020 19:00,16,24,FALSE,40
11/22/2020 20:00,18,27,FALSE,45
11/22/2020 21:00,17,27,FALSE,44
11/22/2020 22:00,16,27,FALSE,43
11/22/2020 23:00,13,24,FALSE,37
11/23/2020 0:00,11,21,FALSE,32
11/23/2020 1:00,11,19,FALSE,30
11/23/2020 2:00,11,20,FALSE,31
11/23/2020 3:00,11,19,FALSE,30
11/23/2020 4:00,11,20,FALSE,31
11/23/2020 5:00,12,18,FALSE,30
11/23/2020 6:00,12,16,FALSE,28
11/23/2020 7:00,12,15,FALSE,27
11/23/2020 8:00,13,16,FALSE,29
11/23/2020 9:00,12,15,FALSE,27
11/23/2020 10:00,12,15,FALSE,27
11/23/2020 11:00,14,20,FALSE,34
11/23/2020 12:00,15,24,FALSE,39
11/23/2020 13:00,20,33,FALSE,53
11/23/2020 14:00,26,44,FALSE,70
11/23/2020 15:00,22,39,FALSE,61
11/23/2020 16:00,20,35,FALSE,55
11/23/2020 17:00,21,35,FALSE,56
11/23/2020 18:00,21,34,FALSE,55
11/23/2020 19:00,20,32,FALSE,52
11/23/2020 20:00,21,35,FALSE,56
11/23/2020 21:00,31,55,FALSE,86
11/23/2020 22:00,31,64,FALSE,95
11/23/2020 23:00,34,80,FALSE,114
11/24/2020 0:00,25,60,FALSE,85
11/24/2020 1:00,23,51,FALSE,74
11/24/2020 2:00,19,45,FALSE,64
11/24/2020 3:00,22,52,FALSE,74
11/24/2020 4:00,32,75,FALSE,107
11/24/2020 5:00,46,100,FALSE,146
11/24/2020 6:00,45,87,FALSE,132
11/24/2020 7:00,41,65,FALSE,106
11/24/2020 8:00,36,55,FALSE,91
11/24/2020 9:00,32,47,FALSE,79
11/24/2020 10:00,29,44,FALSE,73
11/24/2020 11:00,25,41,FALSE,66
11/24/2020 12:00,24,42,FALSE,66
11/24/2020 13:00,23,42,FALSE,65
11/24/2020 14:00,23,44,FALSE,67
11/24/2020 15:00,23,42,FALSE,65
11/24/2020 16:00,23,41,FALSE,64
11/24/2020 17:00,23,41,FALSE,64
11/24/2020 18:00,24,41,FALSE,65
11/24/2020 19:00,29,51,FALSE,80
11/24/2020 20:00,30,52,FALSE,82
11/24/2020 21:00,26,46,FALSE,72
11/24/2020 22:00,24,46,FALSE,70
11/24/2020 23:00,22,46,FALSE,68
11/25/2020 0:00,18,41,FALSE,59
11/25/2020 0:00,44,100,FALSE,144
11/25/2020 1:00,41,92,FALSE,133
11/25/2020 2:00,40,92,FALSE,132
11/25/2020 3:00,39,83,FALSE,122
11/25/2020 4:00,41,80,FALSE,121
11/25/2020 5:00,45,75,FALSE,120
11/25/2020 6:00,46,69,FALSE,115
11/25/2020 7:00,45,61,FALSE,106
11/25/2020 8:00,44,58,FALSE,102
11/25/2020 9:00,41,54,FALSE,95
11/25/2020 10:00,41,56,FALSE,97
11/25/2020 11:00,40,61,FALSE,101
11/25/2020 12:00,41,62,FALSE,103
11/25/2020 13:00,39,59,FALSE,98
11/25/2020 14:00,36,57,FALSE,93
11/25/2020 15:00,37,62,FALSE,99
11/25/2020 16:00,34,55,FALSE,89
11/25/2020 17:00,35,53,FALSE,88
11/25/2020 18:00,37,57,FALSE,94
11/25/2020 19:00,39,60,FALSE,99
11/25/2020 20:00,46,75,FALSE,121
11/25/2020 21:00,41,68,FALSE,109
11/25/2020 22:00,40,70,FALSE,110
11/25/2020 23:00,35,67,FALSE,102
11/26/2020 0:00,28,57,FALSE,85
11/26/2020 1:00,26,51,FALSE,77
11/26/2020 2:00,27,52,FALSE,79
11/26/2020 3:00,31,65,FALSE,96
11/26/2020 4:00,35,69,FALSE,104
11/26/2020 5:00,38,63,FALSE,101
11/26/2020 6:00,37,56,FALSE,93
11/26/2020 7:00,42,60,FALSE,102
11/26/2020 8:00,46,68,FALSE,114
11/26/2020 9:00,39,54,FALSE,93
11/26/2020 10:00,34,48,FALSE,82
11/26/2020 11:00,32,44,FALSE,76
11/26/2020 12:00,30,43,FALSE,73
11/26/2020 13:00,29,43,FALSE,72
11/26/2020 14:00,30,56,FALSE,86
11/26/2020 15:00,30,45,FALSE,75
11/26/2020 16:00,31,49,FALSE,80
11/26/2020 17:00,35,57,FALSE,92
11/26/2020 18:00,32,50,FALSE,82
11/26/2020 19:00,34,52,FALSE,86
11/26/2020 20:00,33,51,FALSE,84
11/26/2020 21:00,34,50,FALSE,84
11/26/2020 22:00,31,50,FALSE,81
11/26/2020 23:00,28,49,FALSE,77
11/27/2020 0:00,26,46,FALSE,72
11/27/2020 1:00,25,48,FALSE,73
11/27/2020 2:00,24,42,FALSE,66
11/27/2020 3:00,24,40,FALSE,64
11/27/2020 4:00,26,39,FALSE,65
11/27/2020 5:00,29,39,FALSE,68
11/27/2020 6:00,28,37,FALSE,65
11/27/2020 7:00,28,35,FALSE,63
11/27/2020 8:00,27,31,FALSE,58
11/27/2020 9:00,26,29,FALSE,55
11/27/2020 10:00,25,30,FALSE,55
11/27/2020 11:00,23,29,FALSE,52
11/27/2020 12:00,22,29,FALSE,51
11/27/2020 13:00,22,31,FALSE,53
11/27/2020 14:00,23,32,FALSE,55
11/27/2020 15:00,23,33,FALSE,56
11/27/2020 16:00,22,32,FALSE,54
11/27/2020 17:00,24,34,FALSE,58
11/27/2020 18:00,25,34,FALSE,59
11/27/2020 19:00,25,35,FALSE,60
11/27/2020 20:00,27,38,FALSE,65
11/27/2020 21:00,27,39,FALSE,66
11/27/2020 22:00,27,39,FALSE,66
11/27/2020 23:00,24,40,FALSE,64
11/28/2020 0:00,24,41,FALSE,65
11/28/2020 1:00,23,39,FALSE,62
11/28/2020 2:00,23,37,FALSE,60
11/28/2020 3:00,23,34,FALSE,57
11/28/2020 4:00,22,34,FALSE,56
11/28/2020 5:00,25,34,FALSE,59
11/28/2020 6:00,25,33,FALSE,58
11/28/2020 7:00,24,30,FALSE,54
11/28/2020 8:00,24,29,FALSE,53
11/28/2020 9:00,23,26,FALSE,49
11/28/2020 10:00,22,27,FALSE,49
11/28/2020 11:00,22,28,FALSE,50
11/28/2020 12:00,21,28,FALSE,49
11/28/2020 13:00,21,29,FALSE,50
11/28/2020 14:00,26,39,FALSE,65
11/28/2020 15:00,28,43,FALSE,71
11/28/2020 16:00,29,50,FALSE,79
11/28/2020 17:00,28,41,FALSE,69
11/28/2020 18:00,31,43,FALSE,74
11/28/2020 19:00,31,42,FALSE,73
11/28/2020 20:00,30,44,FALSE,74
11/28/2020 21:00,31,42,FALSE,73
11/28/2020 22:00,31,45,FALSE,76
11/28/2020 23:00,33,47,FALSE,80
11/29/2020 0:00,32,43,FALSE,75
11/29/2020 1:00,47,41,FALSE,88
11/29/2020 2:00,60,37,FALSE,97
11/29/2020 3:00,58,36,FALSE,94
11/29/2020 4:00,97,33,FALSE,130
11/29/2020 5:00,55,33,FALSE,88
11/29/2020 6:00,25,34,FALSE,59
11/29/2020 7:00,25,33,FALSE,58
11/29/2020 8:00,26,34,FALSE,60
11/29/2020 9:00,25,32,FALSE,57
11/29/2020 10:00,23,31,FALSE,54
11/29/2020 11:00,23,31,FALSE,54
11/29/2020 12:00,23,30,FALSE,53
11/29/2020 13:00,23,30,FALSE,53
11/29/2020 14:00,23,31,FALSE,54
11/29/2020 15:00,22,29,FALSE,51
11/29/2020 16:00,24,31,FALSE,55
11/29/2020 17:00,24,33,FALSE,57
11/29/2020 18:00,25,33,FALSE,58
11/29/2020 19:00,25,36,FALSE,61
11/29/2020 20:00,29,37,FALSE,66
11/29/2020 21:00,29,39,FALSE,68
11/29/2020 22:00,28,42,FALSE,70
11/29/2020 23:00,25,41,FALSE,66
11/30/2020 0:00,25,44,FALSE,69
11/30/2020 1:00,25,45,FALSE,70
11/30/2020 2:00,23,43,FALSE,66
11/30/2020 3:00,23,41,FALSE,64
11/30/2020 4:00,25,38,FALSE,63
11/30/2020 5:00,26,38,FALSE,64
11/30/2020 6:00,26,36,FALSE,62
11/30/2020 7:00,24,32,FALSE,56
11/30/2020 8:00,24,31,FALSE,55
11/30/2020 9:00,23,29,FALSE,52
11/30/2020 10:00,22,27,FALSE,49
11/30/2020 11:00,23,29,FALSE,52
11/30/2020 12:00,23,31,FALSE,54
11/30/2020 13:00,23,33,FALSE,56
11/30/2020 14:00,26,40,FALSE,66
11/30/2020 15:00,32,48,FALSE,80
11/30/2020 16:00,31,44,FALSE,75
11/30/2020 17:00,29,42,FALSE,71
11/30/2020 18:00,30,42,FALSE,72
11/30/2020 19:00,31,42,FALSE,73
11/30/2020 20:00,33,47,FALSE,80
11/30/2020 21:00,34,53,FALSE,87
11/30/2020 22:00,34,53,FALSE,87
11/30/2020 23:00,32,58,FALSE,90
12/1/2020 0:00,27,55,FALSE,82
12/1/2020 1:00,27,50,FALSE,77
12/1/2020 2:00,26,50,FALSE,76
12/1/2020 3:00,27,49,FALSE,76
12/1/2020 4:00,29,47,FALSE,76
12/1/2020 5:00,31,45,FALSE,76
12/1/2020 6:00,30,40,FALSE,70
12/1/2020 7:00,28,36,FALSE,64
12/1/2020 8:00,30,38,FALSE,68
12/1/2020 9:00,28,33,FALSE,61
12/1/2020 10:00,29,37,FALSE,66
12/1/2020 11:00,28,37,FALSE,65
12/1/2020 12:00,26,38,FALSE,64
12/1/2020 13:00,24,36,FALSE,60
12/1/2020 14:00,24,34,FALSE,58
12/1/2020 15:00,25,36,FALSE,61
12/1/2020 16:00,25,34,FALSE,59
12/1/2020 17:00,24,34,FALSE,58
12/1/2020 18:00,25,33,FALSE,58
12/1/2020 19:00,26,34,FALSE,60
12/1/2020 20:00,27,35,FALSE,62
12/1/2020 21:00,27,38,FALSE,65
12/1/2020 22:00,28,41,FALSE,69
12/1/2020 23:00,24,38,FALSE,62
12/2/2020 0:00,22,35,FALSE,57
12/2/2020 0:00,52,83,FALSE,135
12/2/2020 1:00,48,80,FALSE,128
12/2/2020 2:00,49,78,FALSE,127
12/2/2020 3:00,50,73,FALSE,123
12/2/2020 4:00,54,79,FALSE,133
12/2/2020 5:00,55,75,FALSE,130
12/2/2020 6:00,55,72,FALSE,127
12/2/2020 7:00,51,61,FALSE,112
12/2/2020 8:00,54,62,FALSE,116
12/2/2020 9:00,49,56,FALSE,105
12/2/2020 10:00,50,58,FALSE,108
12/2/2020 11:00,48,58,FALSE,106
12/2/2020 12:00,46,61,FALSE,107
12/2/2020 13:00,49,59,FALSE,108
12/2/2020 14:00,52,65,FALSE,117
12/2/2020 15:00,49,64,FALSE,113
12/2/2020 16:00,49,68,FALSE,117
12/2/2020 17:00,50,69,FALSE,119
12/2/2020 18:00,55,73,FALSE,128
12/2/2020 19:00,57,75,FALSE,132
12/2/2020 20:00,63,75,FALSE,138
12/2/2020 21:00,61,83,FALSE,144
12/2/2020 22:00,60,90,FALSE,150
12/2/2020 23:00,55,90,FALSE,145
12/3/2020 0:00,54,84,FALSE,138
12/3/2020 1:00,48,78,FALSE,126
12/3/2020 2:00,46,75,FALSE,121
12/3/2020 3:00,51,78,FALSE,129
12/3/2020 4:00,50,77,FALSE,127
12/3/2020 5:00,57,73,FALSE,130
12/3/2020 6:00,53,67,FALSE,120
12/3/2020 7:00,51,61,FALSE,112
12/3/2020 8:00,50,59,FALSE,109
12/3/2020 9:00,52,55,FALSE,107
12/3/2020 10:00,50,60,FALSE,110
12/3/2020 11:00,47,61,FALSE,108
12/3/2020 12:00,45,64,FALSE,109
12/3/2020 13:00,46,67,FALSE,113
12/3/2020 14:00,48,68,FALSE,116
12/3/2020 15:00,48,72,FALSE,120
12/3/2020 16:00,52,74,FALSE,126
12/3/2020 17:00,52,75,FALSE,127
12/3/2020 18:00,58,78,FALSE,136
12/3/2020 19:00,67,81,FALSE,148
12/3/2020 20:00,69,84,FALSE,153
12/3/2020 21:00,71,89,FALSE,160
12/3/2020 22:00,66,91,FALSE,157
12/3/2020 23:00,63,94,FALSE,157
12/4/2020 0:00,55,86,FALSE,141
12/4/2020 1:00,48,81,FALSE,129
12/4/2020 2:00,48,79,FALSE,127
12/4/2020 3:00,52,79,FALSE,131
12/4/2020 4:00,57,76,FALSE,133
12/4/2020 5:00,57,73,FALSE,130
12/4/2020 6:00,51,65,FALSE,116
12/4/2020 7:00,50,57,FALSE,107
12/4/2020 8:00,50,56,FALSE,106
12/4/2020 9:00,47,51,FALSE,98
12/4/2020 10:00,45,55,FALSE,100
12/4/2020 11:00,46,57,FALSE,103
12/4/2020 12:00,44,65,FALSE,109
12/4/2020 13:00,42,63,FALSE,105
12/4/2020 14:00,47,64,FALSE,111
12/4/2020 15:00,45,66,FALSE,111
12/4/2020 16:00,54,86,FALSE,140
12/4/2020 17:00,49,76,FALSE,125
12/4/2020 18:00,52,74,FALSE,126
12/4/2020 19:00,53,75,FALSE,128
12/4/2020 20:00,58,91,FALSE,149
12/4/2020 21:00,66,100,FALSE,166
12/4/2020 22:00,60,96,FALSE,156
12/4/2020 23:00,60,96,FALSE,156
12/5/2020 0:00,53,84,FALSE,137
12/5/2020 1:00,50,78,FALSE,128
12/5/2020 2:00,48,71,FALSE,119
12/5/2020 3:00,48,73,FALSE,121
12/5/2020 4:00,50,69,FALSE,119
12/5/2020 5:00,53,68,FALSE,121
12/5/2020 6:00,50,67,FALSE,117
12/5/2020 7:00,48,63,FALSE,111
12/5/2020 8:00,47,60,FALSE,107
12/5/2020 9:00,45,56,FALSE,101
12/5/2020 10:00,45,51,FALSE,96
12/5/2020 11:00,43,52,FALSE,95
12/5/2020 12:00,44,53,FALSE,97
12/5/2020 13:00,42,58,FALSE,100
12/5/2020 14:00,41,54,FALSE,95
12/5/2020 15:00,42,59,FALSE,101
12/5/2020 16:00,44,58,FALSE,102
12/5/2020 17:00,45,57,FALSE,102
12/5/2020 18:00,46,59,FALSE,105
12/5/2020 19:00,47,60,FALSE,107
12/5/2020 20:00,50,62,FALSE,112
12/5/2020 21:00,53,65,FALSE,118
12/5/2020 22:00,51,71,FALSE,122
12/5/2020 23:00,51,70,FALSE,121
12/6/2020 0:00,53,83,FALSE,136
12/6/2020 1:00,59,99,FALSE,158
12/6/2020 2:00,61,87,FALSE,148
12/6/2020 3:00,62,81,FALSE,143
12/6/2020 4:00,73,73,FALSE,146
12/6/2020 5:00,52,72,FALSE,124
12/6/2020 6:00,52,67,FALSE,119
12/6/2020 7:00,48,67,FALSE,115
12/6/2020 8:00,46,61,FALSE,107
12/6/2020 9:00,46,59,FALSE,105
12/6/2020 10:00,41,55,FALSE,96
12/6/2020 11:00,40,54,FALSE,94
12/6/2020 12:00,39,55,FALSE,94
12/6/2020 13:00,41,56,FALSE,97
12/6/2020 14:00,42,59,FALSE,101
12/6/2020 15:00,43,61,FALSE,104
12/6/2020 16:00,43,63,FALSE,106
12/6/2020 17:00,47,66,FALSE,113
12/6/2020 18:00,49,66,FALSE,115
12/6/2020 19:00,48,65,FALSE,113
12/6/2020 20:00,54,74,FALSE,128
12/6/2020 21:00,54,75,FALSE,129
12/6/2020 22:00,58,90,FALSE,148
12/6/2020 23:00,52,87,FALSE,139
12/7/2020 0:00,44,80,FALSE,124
12/7/2020 1:00,43,77,FALSE,120
12/7/2020 2:00,41,71,FALSE,112
12/7/2020 3:00,45,75,FALSE,120
12/7/2020 4:00,50,72,FALSE,122
12/7/2020 5:00,50,66,FALSE,116
12/7/2020 6:00,48,65,FALSE,113
12/7/2020 7:00,48,60,FALSE,108
12/7/2020 8:00,47,55,FALSE,102
12/7/2020 9:00,45,54,FALSE,99
12/7/2020 10:00,43,53,FALSE,96
12/7/2020 11:00,42,53,FALSE,95
12/7/2020 12:00,41,56,FALSE,97
12/7/2020 13:00,41,56,FALSE,97
12/7/2020 14:00,42,60,FALSE,102
12/7/2020 15:00,44,63,FALSE,107
12/7/2020 16:00,43,63,FALSE,106
12/7/2020 17:00,47,64,FALSE,111
12/7/2020 18:00,48,67,FALSE,115
12/7/2020 19:00,50,68,FALSE,118
12/7/2020 20:00,54,65,FALSE,119
12/7/2020 21:00,54,74,FALSE,128
12/7/2020 22:00,53,75,FALSE,128
12/7/2020 23:00,52,77,FALSE,129
12/8/2020 0:00,47,74,FALSE,121
12/8/2020 1:00,43,68,FALSE,111
12/8/2020 2:00,42,70,FALSE,112
12/8/2020 3:00,49,69,FALSE,118
12/8/2020 4:00,47,68,FALSE,115
12/8/2020 5:00,47,63,FALSE,110
12/8/2020 6:00,48,59,FALSE,107
12/8/2020 7:00,46,52,FALSE,98
12/8/2020 8:00,42,48,FALSE,90
12/8/2020 9:00,41,49,FALSE,90
12/8/2020 10:00,42,54,FALSE,96
12/8/2020 11:00,41,53,FALSE,94
12/8/2020 12:00,40,52,FALSE,92
12/8/2020 13:00,39,54,FALSE,93
12/8/2020 14:00,41,55,FALSE,96
12/8/2020 15:00,42,55,FALSE,97
12/8/2020 16:00,42,59,FALSE,101
12/8/2020 17:00,45,56,FALSE,101
12/8/2020 18:00,46,60,FALSE,106
12/8/2020 19:00,49,64,FALSE,113
12/8/2020 20:00,57,71,FALSE,128
12/8/2020 21:00,52,76,FALSE,128
12/8/2020 22:00,51,81,FALSE,132
12/8/2020 23:00,49,89,FALSE,138
12/9/2020 0:00,45,80,FALSE,125
12/9/2020 0:00,23,40,FALSE,63
12/9/2020 1:00,22,40,FALSE,62
12/9/2020 2:00,23,39,FALSE,62
12/9/2020 3:00,24,38,FALSE,62
12/9/2020 4:00,25,35,FALSE,60
12/9/2020 5:00,25,38,FALSE,63
12/9/2020 6:00,25,32,FALSE,57
12/9/2020 7:00,24,33,FALSE,57
12/9/2020 8:00,28,42,FALSE,70
12/9/2020 9:00,25,34,FALSE,59
12/9/2020 10:00,22,31,FALSE,53
12/9/2020 11:00,21,28,FALSE,49
12/9/2020 12:00,20,29,FALSE,49
12/9/2020 13:00,19,29,FALSE,48
12/9/2020 14:00,20,29,FALSE,49
12/9/2020 15:00,21,30,FALSE,51
12/9/2020 16:00,21,29,FALSE,50
12/9/2020 17:00,21,30,FALSE,51
12/9/2020 18:00,22,33,FALSE,55
12/9/2020 19:00,23,37,FALSE,60
12/9/2020 20:00,26,43,FALSE,69
12/9/2020 21:00,28,52,FALSE,80
12/9/2020 22:00,27,50,FALSE,77
12/9/2020 23:00,25,44,FALSE,69
12/10/2020 0:00,22,41,FALSE,63
12/10/2020 1:00,22,41,FALSE,63
12/10/2020 2:00,22,37,FALSE,59
12/10/2020 3:00,22,37,FALSE,59
12/10/2020 4:00,23,36,FALSE,59
12/10/2020 5:00,23,34,FALSE,57
12/10/2020 6:00,23,31,FALSE,54
12/10/2020 7:00,21,31,FALSE,52
12/10/2020 8:00,21,30,FALSE,51
12/10/2020 9:00,20,27,FALSE,47
12/10/2020 10:00,21,28,FALSE,49
12/10/2020 11:00,19,27,FALSE,46
12/10/2020 12:00,20,30,FALSE,50
12/10/2020 13:00,20,29,FALSE,49
12/10/2020 14:00,19,30,FALSE,49
12/10/2020 15:00,19,31,FALSE,50
12/10/2020 16:00,20,32,FALSE,52
12/10/2020 17:00,22,34,FALSE,56
12/10/2020 18:00,23,36,FALSE,59
12/10/2020 19:00,24,37,FALSE,61
12/10/2020 20:00,25,41,FALSE,66
12/10/2020 21:00,25,42,FALSE,67
12/10/2020 22:00,27,44,FALSE,71
12/10/2020 23:00,23,43,FALSE,66
12/11/2020 0:00,23,42,FALSE,65
12/11/2020 1:00,22,41,FALSE,63
12/11/2020 2:00,20,38,FALSE,58
12/11/2020 3:00,22,38,FALSE,60
12/11/2020 4:00,25,37,FALSE,62
12/11/2020 5:00,24,36,FALSE,60
12/11/2020 6:00,23,35,FALSE,58
12/11/2020 7:00,21,32,FALSE,53
12/11/2020 8:00,21,30,FALSE,51
12/11/2020 9:00,21,29,FALSE,50
12/11/2020 10:00,20,30,FALSE,50
12/11/2020 11:00,20,34,FALSE,54
12/11/2020 12:00,20,32,FALSE,52
12/11/2020 13:00,18,33,FALSE,51
12/11/2020 14:00,20,33,FALSE,53
12/11/2020 15:00,21,35,FALSE,56
12/11/2020 16:00,21,36,FALSE,57
12/11/2020 17:00,21,40,FALSE,61
12/11/2020 18:00,23,44,FALSE,67
12/11/2020 19:00,25,50,FALSE,75
12/11/2020 20:00,24,51,FALSE,75
12/11/2020 21:00,28,55,FALSE,83
12/11/2020 22:00,30,71,FALSE,101
12/11/2020 23:00,30,89,FALSE,119
12/12/2020 0:00,30,100,FALSE,130
12/12/2020 1:00,26,68,FALSE,94
12/12/2020 2:00,26,60,FALSE,86
12/12/2020 3:00,26,54,FALSE,80
12/12/2020 4:00,28,50,FALSE,78
12/12/2020 5:00,26,52,FALSE,78
12/12/2020 6:00,29,57,FALSE,86
12/12/2020 7:00,26,50,FALSE,76
12/12/2020 8:00,28,50,FALSE,78
12/12/2020 9:00,27,49,FALSE,76
12/12/2020 10:00,27,51,FALSE,78
12/12/2020 11:00,23,43,FALSE,66
12/12/2020 12:00,22,42,FALSE,64
12/12/2020 13:00,24,45,FALSE,69
12/12/2020 14:00,30,62,FALSE,92
12/12/2020 15:00,28,53,FALSE,81
12/12/2020 16:00,26,49,FALSE,75
12/12/2020 17:00,28,48,FALSE,76
12/12/2020 18:00,27,44,FALSE,71
12/12/2020 19:00,29,46,FALSE,75
12/12/2020 20:00,27,44,FALSE,71
12/12/2020 21:00,30,43,FALSE,73
12/12/2020 22:00,34,46,FALSE,80
12/12/2020 23:00,31,47,FALSE,78
12/13/2020 0:00,30,51,FALSE,81
12/13/2020 1:00,33,45,FALSE,78
12/13/2020 2:00,32,41,FALSE,73
12/13/2020 3:00,42,46,FALSE,88
12/13/2020 4:00,34,44,FALSE,78
12/13/2020 5:00,28,41,FALSE,69
12/13/2020 6:00,26,40,FALSE,66
12/13/2020 7:00,25,37,FALSE,62
12/13/2020 8:00,26,35,FALSE,61
12/13/2020 9:00,25,35,FALSE,60
12/13/2020 10:00,23,32,FALSE,55
12/13/2020 11:00,22,32,FALSE,54
12/13/2020 12:00,22,32,FALSE,54
12/13/2020 13:00,20,31,FALSE,51
12/13/2020 14:00,21,31,FALSE,52
12/13/2020 15:00,21,28,FALSE,49
12/13/2020 16:00,26,31,FALSE,57
12/13/2020 17:00,27,31,FALSE,58
12/13/2020 18:00,30,31,FALSE,61
12/13/2020 19:00,30,31,FALSE,61
12/13/2020 20:00,31,32,FALSE,63
12/13/2020 21:00,35,35,FALSE,70
12/13/2020 22:00,34,37,FALSE,71
12/13/2020 23:00,35,36,FALSE,71
12/14/2020 0:00,30,34,FALSE,64
12/14/2020 1:00,29,31,FALSE,60
12/14/2020 2:00,26,32,FALSE,58
12/14/2020 3:00,27,33,FALSE,60
12/14/2020 4:00,28,30,FALSE,58
12/14/2020 5:00,25,28,FALSE,53
12/14/2020 6:00,23,27,FALSE,50
12/14/2020 7:00,21,25,FALSE,46
12/14/2020 8:00,22,24,FALSE,46
12/14/2020 9:00,23,26,FALSE,49
12/14/2020 10:00,22,26,FALSE,48
12/14/2020 11:00,22,26,FALSE,48
12/14/2020 12:00,19,24,FALSE,43
12/14/2020 13:00,22,27,FALSE,49
12/14/2020 14:00,22,27,FALSE,49
12/14/2020 15:00,22,26,FALSE,48
12/14/2020 16:00,23,27,FALSE,50
12/14/2020 17:00,22,30,FALSE,52
12/14/2020 18:00,25,28,FALSE,53
12/14/2020 19:00,25,30,FALSE,55
12/14/2020 20:00,24,33,FALSE,57
12/14/2020 21:00,26,34,FALSE,60
12/14/2020 22:00,23,35,FALSE,58
12/14/2020 23:00,23,34,FALSE,57
12/15/2020 0:00,23,31,FALSE,54
12/15/2020 1:00,22,31,FALSE,53
12/15/2020 2:00,20,28,FALSE,48
12/15/2020 3:00,23,30,FALSE,53
12/15/2020 4:00,25,31,FALSE,56
12/15/2020 5:00,23,29,FALSE,52
12/15/2020 6:00,24,25,FALSE,49
12/15/2020 7:00,20,23,FALSE,43
12/15/2020 8:00,21,23,FALSE,44
12/15/2020 9:00,23,29,FALSE,52
12/15/2020 10:00,22,28,FALSE,50
12/15/2020 11:00,21,28,FALSE,49
12/15/2020 12:00,21,28,FALSE,49
12/15/2020 13:00,23,34,FALSE,57
12/15/2020 14:00,25,40,FALSE,65
12/15/2020 15:00,23,35,FALSE,58
12/15/2020 16:00,23,36,FALSE,59
12/15/2020 17:00,23,32,FALSE,55
12/15/2020 18:00,22,32,FALSE,54
12/15/2020 19:00,24,32,FALSE,56
12/15/2020 20:00,24,31,FALSE,55
12/15/2020 21:00,26,36,FALSE,62
12/15/2020 22:00,26,40,FALSE,66
12/15/2020 23:00,25,43,FALSE,68
12/16/2020 0:00,26,51,FALSE,77
12/16/2020 0:00,20,39,FALSE,59
12/16/2020 1:00,21,47,FALSE,68
12/16/2020 2:00,19,37,FALSE,56
12/16/2020 3:00,19,33,FALSE,52
12/16/2020 4:00,22,32,FALSE,54
12/16/2020 5:00,22,31,FALSE,53
12/16/2020 6:00,21,27,FALSE,48
12/16/2020 7:00,19,25,FALSE,44
12/16/2020 8:00,21,23,FALSE,44
12/16/2020 9:00,21,23,FALSE,44
12/16/2020 10:00,18,22,FALSE,40
12/16/2020 11:00,17,23,FALSE,40
12/16/2020 12:00,16,21,FALSE,37
12/16/2020 13:00,18,26,FALSE,44
12/16/2020 14:00,29,46,FALSE,75
12/16/2020 15:00,26,38,FALSE,64
12/16/2020 16:00,26,39,FALSE,65
12/16/2020 17:00,24,35,FALSE,59
12/16/2020 18:00,24,33,FALSE,57
12/16/2020 19:00,24,32,FALSE,56
12/16/2020 20:00,26,35,FALSE,61
12/16/2020 21:00,27,37,FALSE,64
12/16/2020 22:00,31,53,FALSE,84
12/16/2020 23:00,29,54,FALSE,83
12/17/2020 0:00,28,58,FALSE,86
12/17/2020 1:00,26,51,FALSE,77
12/17/2020 2:00,26,46,FALSE,72
12/17/2020 3:00,28,47,FALSE,75
12/17/2020 4:00,28,41,FALSE,69
12/17/2020 5:00,29,41,FALSE,70
12/17/2020 6:00,31,42,FALSE,73
12/17/2020 7:00,28,37,FALSE,65
12/17/2020 8:00,29,36,FALSE,65
12/17/2020 9:00,30,38,FALSE,68
12/17/2020 10:00,27,34,FALSE,61
12/17/2020 11:00,26,33,FALSE,59
12/17/2020 12:00,25,33,FALSE,58
12/17/2020 13:00,26,37,FALSE,63
12/17/2020 14:00,29,46,FALSE,75
12/17/2020 15:00,28,44,FALSE,72
12/17/2020 16:00,36,57,FALSE,93
12/17/2020 17:00,34,54,FALSE,88
12/17/2020 18:00,30,46,FALSE,76
12/17/2020 19:00,32,46,FALSE,78
12/17/2020 20:00,31,44,FALSE,75
12/17/2020 21:00,31,44,FALSE,75
12/17/2020 22:00,29,44,FALSE,73
12/17/2020 23:00,28,41,FALSE,69
12/18/2020 0:00,25,41,FALSE,66
12/18/2020 1:00,23,35,FALSE,58
12/18/2020 2:00,23,38,FALSE,61
12/18/2020 3:00,24,35,FALSE,59
12/18/2020 4:00,25,34,FALSE,59
12/18/2020 5:00,27,32,FALSE,59
12/18/2020 6:00,26,32,FALSE,58
12/18/2020 7:00,24,29,FALSE,53
12/18/2020 8:00,24,27,FALSE,51
12/18/2020 9:00,23,26,FALSE,49
12/18/2020 10:00,22,25,FALSE,47
12/18/2020 11:00,22,25,FALSE,47
12/18/2020 12:00,19,25,FALSE,44
12/18/2020 13:00,19,26,FALSE,45
12/18/2020 14:00,20,26,FALSE,46
12/18/2020 15:00,19,27,FALSE,46
12/18/2020 16:00,20,26,FALSE,46
12/18/2020 17:00,20,26,FALSE,46
12/18/2020 18:00,20,26,FALSE,46
12/18/2020 19:00,21,28,FALSE,49
12/18/2020 20:00,23,28,FALSE,51
12/18/2020 21:00,24,31,FALSE,55
12/18/2020 22:00,24,32,FALSE,56
12/18/2020 23:00,23,30,FALSE,53
12/19/2020 0:00,22,29,FALSE,51
12/19/2020 1:00,21,27,FALSE,48
12/19/2020 2:00,20,26,FALSE,46
12/19/2020 3:00,21,28,FALSE,49
12/19/2020 4:00,22,25,FALSE,47
12/19/2020 5:00,21,24,FALSE,45
12/19/2020 6:00,21,24,FALSE,45
12/19/2020 7:00,20,23,FALSE,43
12/19/2020 8:00,20,21,FALSE,41
12/19/2020 9:00,19,20,FALSE,39
12/19/2020 10:00,18,22,FALSE,40
12/19/2020 11:00,19,21,FALSE,40
12/19/2020 12:00,17,21,FALSE,38
12/19/2020 13:00,17,22,FALSE,39
12/19/2020 14:00,19,23,FALSE,42
12/19/2020 15:00,19,26,FALSE,45
12/19/2020 16:00,20,28,FALSE,48
12/19/2020 17:00,22,28,FALSE,50
12/19/2020 18:00,21,27,FALSE,48
12/19/2020 19:00,22,28,FALSE,50
12/19/2020 20:00,23,31,FALSE,54
12/19/2020 21:00,24,31,FALSE,55
12/19/2020 22:00,25,31,FALSE,56
12/19/2020 23:00,23,31,FALSE,54
12/20/2020 0:00,23,30,FALSE,53
12/20/2020 1:00,23,27,FALSE,50
12/20/2020 2:00,24,25,FALSE,49
12/20/2020 3:00,25,25,FALSE,50
12/20/2020 4:00,24,23,FALSE,47
12/20/2020 5:00,20,24,FALSE,44
12/20/2020 6:00,20,23,FALSE,43
12/20/2020 7:00,20,22,FALSE,42
12/20/2020 8:00,20,23,FALSE,43
12/20/2020 9:00,21,24,FALSE,45
12/20/2020 10:00,20,22,FALSE,42
12/20/2020 11:00,18,22,FALSE,40
12/20/2020 12:00,18,22,FALSE,40
12/20/2020 13:00,18,21,FALSE,39
12/20/2020 14:00,17,22,FALSE,39
12/20/2020 15:00,18,22,FALSE,40
12/20/2020 16:00,18,23,FALSE,41
12/20/2020 17:00,19,23,FALSE,42
12/20/2020 18:00,20,23,FALSE,43
12/20/2020 19:00,21,25,FALSE,46
12/20/2020 20:00,22,28,FALSE,50
12/20/2020 21:00,22,28,FALSE,50
12/20/2020 22:00,22,30,FALSE,52
12/20/2020 23:00,20,28,FALSE,48
12/21/2020 0:00,20,28,FALSE,48
12/21/2020 1:00,19,26,FALSE,45
12/21/2020 2:00,19,26,FALSE,45
12/21/2020 3:00,23,26,FALSE,49
12/21/2020 4:00,23,26,FALSE,49
12/21/2020 5:00,22,25,FALSE,47
12/21/2020 6:00,20,23,FALSE,43
12/21/2020 7:00,21,23,FALSE,44
12/21/2020 8:00,20,21,FALSE,41
12/21/2020 9:00,21,21,FALSE,42
12/21/2020 10:00,20,22,FALSE,42
12/21/2020 11:00,19,21,FALSE,40
12/21/2020 12:00,18,25,FALSE,43
12/21/2020 13:00,17,23,FALSE,40
12/21/2020 14:00,17,24,FALSE,41
12/21/2020 15:00,17,24,FALSE,41
12/21/2020 16:00,18,23,FALSE,41
12/21/2020 17:00,18,24,FALSE,42
12/21/2020 18:00,18,24,FALSE,42
12/21/2020 19:00,19,25,FALSE,44
12/21/2020 20:00,22,26,FALSE,48
12/21/2020 21:00,22,27,FALSE,49
12/21/2020 22:00,21,26,FALSE,47
12/21/2020 23:00,19,26,FALSE,45
12/22/2020 0:00,19,25,FALSE,44
12/22/2020 1:00,28,42,FALSE,70
12/22/2020 2:00,31,45,FALSE,76
12/22/2020 3:00,36,48,FALSE,84
12/22/2020 4:00,35,42,FALSE,77
12/22/2020 5:00,37,51,FALSE,88
12/22/2020 6:00,35,45,FALSE,80
12/22/2020 7:00,33,40,FALSE,73
12/22/2020 8:00,33,41,FALSE,74
12/22/2020 9:00,32,40,FALSE,72
12/22/2020 10:00,28,36,FALSE,64
12/22/2020 11:00,26,34,FALSE,60
12/22/2020 12:00,25,33,FALSE,58
12/22/2020 13:00,27,35,FALSE,62
12/22/2020 14:00,25,36,FALSE,61
12/22/2020 15:00,26,35,FALSE,61
12/22/2020 16:00,28,41,FALSE,69
12/22/2020 17:00,28,41,FALSE,69
12/22/2020 18:00,28,41,FALSE,69
12/22/2020 19:00,32,44,FALSE,76
12/22/2020 20:00,38,50,FALSE,88
12/22/2020 21:00,61,98,FALSE,159
12/22/2020 22:00,60,100,FALSE,160
12/22/2020 23:00,47,72,FALSE,119
12/23/2020 0:00,45,71,FALSE,116
12/23/2020 0:00,19,31,FALSE,50
12/23/2020 1:00,19,34,FALSE,53
12/23/2020 2:00,18,32,FALSE,50
12/23/2020 3:00,19,29,FALSE,48
12/23/2020 4:00,22,39,FALSE,61
12/23/2020 5:00,34,68,FALSE,102
12/23/2020 6:00,29,48,FALSE,77
12/23/2020 7:00,29,43,FALSE,72
12/23/2020 8:00,29,43,FALSE,72
12/23/2020 9:00,30,45,FALSE,75
12/23/2020 10:00,36,56,FALSE,92
12/23/2020 11:00,36,58,FALSE,94
12/23/2020 12:00,27,46,FALSE,73
12/23/2020 13:00,24,40,FALSE,64
12/23/2020 14:00,23,39,FALSE,62
12/23/2020 15:00,24,43,FALSE,67
12/23/2020 16:00,26,46,FALSE,72
12/23/2020 17:00,27,46,FALSE,73
12/23/2020 18:00,24,41,FALSE,65
12/23/2020 19:00,26,41,FALSE,67
12/23/2020 20:00,34,58,FALSE,92
12/23/2020 21:00,48,89,FALSE,137
12/23/2020 22:00,56,100,FALSE,156
12/23/2020 23:00,39,71,FALSE,110
12/24/2020 0:00,31,59,FALSE,90
12/24/2020 1:00,27,50,FALSE,77
12/24/2020 2:00,25,45,FALSE,70
12/24/2020 3:00,25,44,FALSE,69
12/24/2020 4:00,25,43,FALSE,68
12/24/2020 5:00,27,42,FALSE,69
12/24/2020 6:00,30,47,FALSE,77
12/24/2020 7:00,29,45,FALSE,74
12/24/2020 8:00,27,40,FALSE,67
12/24/2020 9:00,24,34,FALSE,58
12/24/2020 10:00,22,32,FALSE,54
12/24/2020 11:00,20,31,FALSE,51
12/24/2020 12:00,19,31,FALSE,50
12/24/2020 13:00,18,32,FALSE,50
12/24/2020 14:00,18,32,FALSE,50
12/24/2020 15:00,17,32,FALSE,49
12/24/2020 16:00,17,32,FALSE,49
12/24/2020 17:00,18,34,FALSE,52
12/24/2020 18:00,18,33,FALSE,51
12/24/2020 19:00,17,32,FALSE,49
12/24/2020 20:00,18,32,FALSE,50
12/24/2020 21:00,19,33,FALSE,52
12/24/2020 22:00,23,47,FALSE,70
12/24/2020 23:00,37,84,FALSE,121
12/25/2020 0:00,24,55,FALSE,79
12/25/2020 1:00,18,42,FALSE,60
12/25/2020 2:00,16,39,FALSE,55
12/25/2020 3:00,15,31,FALSE,46
12/25/2020 4:00,15,31,FALSE,46
12/25/2020 5:00,15,29,FALSE,44
12/25/2020 6:00,17,31,FALSE,48
12/25/2020 7:00,20,33,FALSE,53
12/25/2020 8:00,20,31,FALSE,51
12/25/2020 9:00,19,28,FALSE,47
12/25/2020 10:00,18,28,FALSE,46
12/25/2020 11:00,22,32,FALSE,54
12/25/2020 12:00,19,33,FALSE,52
12/25/2020 13:00,17,29,FALSE,46
12/25/2020 14:00,16,28,FALSE,44
12/25/2020 15:00,14,25,FALSE,39
12/25/2020 16:00,17,32,FALSE,49
12/25/2020 17:00,22,43,FALSE,65
12/25/2020 18:00,17,30,FALSE,47
12/25/2020 19:00,16,30,FALSE,46
12/25/2020 20:00,17,30,FALSE,47
12/25/2020 21:00,17,30,FALSE,47
12/25/2020 22:00,17,28,FALSE,45
12/25/2020 23:00,16,30,FALSE,46
12/26/2020 0:00,14,28,FALSE,42
12/26/2020 1:00,14,26,FALSE,40
12/26/2020 2:00,12,26,FALSE,38
12/26/2020 3:00,13,24,FALSE,37
12/26/2020 4:00,12,23,FALSE,35
12/26/2020 5:00,13,22,FALSE,35
12/26/2020 6:00,13,21,FALSE,34
12/26/2020 7:00,14,22,FALSE,36
12/26/2020 8:00,15,22,FALSE,37
12/26/2020 9:00,15,24,FALSE,39
12/26/2020 10:00,15,23,FALSE,38
12/26/2020 11:00,14,21,FALSE,35
12/26/2020 12:00,13,21,FALSE,34
12/26/2020 13:00,13,20,FALSE,33
12/26/2020 14:00,13,21,FALSE,34
12/26/2020 15:00,14,24,FALSE,38
12/26/2020 16:00,15,25,FALSE,40
12/26/2020 17:00,14,22,FALSE,36
12/26/2020 18:00,14,21,FALSE,35
12/26/2020 19:00,14,22,FALSE,36
12/26/2020 20:00,15,24,FALSE,39
12/26/2020 21:00,18,27,FALSE,45
12/26/2020 22:00,18,29,FALSE,47
12/26/2020 23:00,16,26,FALSE,42
12/27/2020 0:00,14,25,FALSE,39
12/27/2020 1:00,14,24,FALSE,38
12/27/2020 2:00,12,21,FALSE,33
12/27/2020 3:00,12,20,FALSE,32
12/27/2020 4:00,12,21,FALSE,33
12/27/2020 5:00,12,20,FALSE,32
12/27/2020 6:00,14,21,FALSE,35
12/27/2020 7:00,15,23,FALSE,38
12/27/2020 8:00,17,24,FALSE,41
12/27/2020 9:00,17,24,FALSE,41
12/27/2020 10:00,17,22,FALSE,39
12/27/2020 11:00,19,28,FALSE,47
12/27/2020 12:00,17,25,FALSE,42
12/27/2020 13:00,15,23,FALSE,38
12/27/2020 14:00,14,22,FALSE,36
12/27/2020 15:00,14,22,FALSE,36
12/27/2020 16:00,14,21,FALSE,35
12/27/2020 17:00,13,20,FALSE,33
12/27/2020 18:00,14,19,FALSE,33
12/27/2020 19:00,15,21,FALSE,36
12/27/2020 20:00,15,21,FALSE,36
12/27/2020 21:00,15,22,FALSE,37
12/27/2020 22:00,14,21,FALSE,35
12/27/2020 23:00,13,21,FALSE,34
12/28/2020 0:00,13,20,FALSE,33
12/28/2020 1:00,12,20,FALSE,32
12/28/2020 2:00,12,20,FALSE,32
12/28/2020 3:00,12,19,FALSE,31
12/28/2020 4:00,12,19,FALSE,31
12/28/2020 5:00,13,19,FALSE,32
12/28/2020 6:00,14,18,FALSE,32
12/28/2020 7:00,14,18,FALSE,32
12/28/2020 8:00,15,18,FALSE,33
12/28/2020 9:00,14,19,FALSE,33
12/28/2020 10:00,14,19,FALSE,33
12/28/2020 11:00,13,18,FALSE,31
12/28/2020 12:00,12,17,FALSE,29
12/28/2020 13:00,12,17,FALSE,29
12/28/2020 14:00,12,17,FALSE,29
12/28/2020 15:00,12,18,FALSE,30
12/28/2020 16:00,12,18,FALSE,30
12/28/2020 17:00,13,19,FALSE,32
12/28/2020 18:00,14,20,FALSE,34
12/28/2020 19:00,14,20,FALSE,34
12/28/2020 20:00,14,21,FALSE,35
12/28/2020 21:00,16,23,FALSE,39
12/28/2020 22:00,24,52,FALSE,76
12/28/2020 23:00,32,80,FALSE,112
12/29/2020 0:00,25,68,FALSE,93
12/29/2020 1:00,26,72,FALSE,98
12/29/2020 2:00,20,56,FALSE,76
12/29/2020 3:00,25,67,FALSE,92
12/29/2020 4:00,24,56,FALSE,80
12/29/2020 5:00,22,49,FALSE,71
12/29/2020 6:00,23,43,FALSE,66
12/29/2020 7:00,26,43,FALSE,69
12/29/2020 8:00,25,41,FALSE,66
12/29/2020 9:00,29,46,FALSE,75
12/29/2020 10:00,26,43,FALSE,69
12/29/2020 11:00,37,64,FALSE,101
12/29/2020 12:00,32,55,FALSE,87
12/29/2020 13:00,28,52,FALSE,80
12/29/2020 14:00,27,49,FALSE,76
12/29/2020 15:00,32,60,FALSE,92
12/29/2020 16:00,34,64,FALSE,98
12/29/2020 17:00,33,60,FALSE,93
12/29/2020 18:00,29,51,FALSE,80
12/29/2020 19:00,24,42,FALSE,66
12/29/2020 20:00,23,39,FALSE,62
12/29/2020 21:00,23,39,FALSE,62
12/29/2020 22:00,21,38,FALSE,59
12/29/2020 23:00,19,38,FALSE,57
12/30/2020 0:00,17,34,FALSE,51
12/30/2020 0:00,48,96,FALSE,144
12/30/2020 1:00,44,89,FALSE,133
12/30/2020 2:00,48,100,FALSE,148
12/30/2020 3:00,45,93,FALSE,138
12/30/2020 4:00,50,93,FALSE,143
12/30/2020 5:00,50,89,FALSE,139
12/30/2020 6:00,52,80,FALSE,132
12/30/2020 7:00,57,83,FALSE,140
12/30/2020 8:00,56,75,FALSE,131
12/30/2020 9:00,48,70,FALSE,118
12/30/2020 10:00,49,70,FALSE,119
12/30/2020 11:00,48,70,FALSE,118
12/30/2020 12:00,43,65,FALSE,108
12/30/2020 13:00,42,67,FALSE,109
12/30/2020 14:00,46,72,FALSE,118
12/30/2020 15:00,48,78,FALSE,126
12/30/2020 16:00,45,72,FALSE,117
12/30/2020 17:00,42,65,FALSE,107
12/30/2020 18:00,43,65,FALSE,108
12/30/2020 19:00,46,72,FALSE,118
12/30/2020 20:00,54,88,FALSE,142
12/30/2020 21:00,51,83,FALSE,134
12/30/2020 22:00,45,80,FALSE,125
12/30/2020 23:00,45,78,FALSE,123
12/31/2020 0:00,42,76,FALSE,118
12/31/2020 1:00,36,68,FALSE,104
12/31/2020 2:00,34,65,FALSE,99
12/31/2020 3:00,36,65,FALSE,101
12/31/2020 4:00,36,65,FALSE,101
12/31/2020 5:00,37,64,FALSE,101
12/31/2020 6:00,39,61,FALSE,100
12/31/2020 7:00,40,60,FALSE,100
12/31/2020 8:00,41,59,FALSE,100
12/31/2020 9:00,38,53,FALSE,91
12/31/2020 10:00,38,58,FALSE,96
12/31/2020 11:00,36,52,FALSE,88
12/31/2020 12:00,34,51,FALSE,85
12/31/2020 13:00,31,49,FALSE,80
12/31/2020 14:00,31,48,FALSE,79
12/31/2020 15:00,30,51,FALSE,81
12/31/2020 16:00,30,52,FALSE,82
12/31/2020 17:00,32,53,FALSE,85
12/31/2020 18:00,33,55,FALSE,88
12/31/2020 19:00,34,56,FALSE,90
12/31/2020 20:00,34,58,FALSE,92
12/31/2020 21:00,36,58,FALSE,94
12/31/2020 22:00,33,58,FALSE,91
12/31/2020 23:00,31,52,FALSE,83
