date,DogeCoin,DOGE,isPartial,Number of Posts
1/1/2020 0:00,14,80,FALSE,94
1/1/2020 1:00,12,97,FALSE,109
1/1/2020 2:00,15,100,FALSE,115
1/1/2020 3:00,0,0,FALSE,0
1/1/2020 4:00,0,0,FALSE,0
1/1/2020 5:00,0,0,FALSE,0
1/1/2020 6:00,0,0,FALSE,0
1/1/2020 7:00,0,0,FALSE,0
1/1/2020 8:00,0,0,FALSE,0
1/1/2020 9:00,0,0,FALSE,0
1/1/2020 10:00,0,0,FALSE,0
1/1/2020 11:00,14,64,FALSE,78
1/1/2020 12:00,12,68,FALSE,80
1/1/2020 13:00,11,60,FALSE,71
1/1/2020 14:00,11,68,FALSE,79
1/1/2020 15:00,12,75,FALSE,87
1/1/2020 16:00,12,69,FALSE,81
1/1/2020 17:00,14,69,FALSE,83
1/1/2020 18:00,11,73,FALSE,84
1/1/2020 19:00,14,70,FALSE,84
1/1/2020 20:00,12,70,FALSE,82
1/1/2020 21:00,13,72,FALSE,85
1/1/2020 22:00,15,71,FALSE,86
1/1/2020 23:00,15,79,FALSE,94
1/2/2020 0:00,18,82,FALSE,100
1/2/2020 1:00,15,93,FALSE,108
1/2/2020 2:00,15,90,FALSE,105
1/2/2020 3:00,16,86,FALSE,102
1/2/2020 4:00,15,90,FALSE,105
1/2/2020 5:00,16,77,FALSE,93
1/2/2020 6:00,15,79,FALSE,94
1/2/2020 7:00,12,65,FALSE,77
1/2/2020 8:00,13,62,FALSE,75
1/2/2020 9:00,11,54,FALSE,65
1/2/2020 10:00,10,57,FALSE,67
1/2/2020 11:00,12,54,FALSE,66
1/2/2020 12:00,11,52,FALSE,63
1/2/2020 13:00,13,64,FALSE,77
1/2/2020 14:00,13,66,FALSE,79
1/2/2020 15:00,15,68,FALSE,83
1/2/2020 16:00,14,68,FALSE,82
1/2/2020 17:00,17,72,FALSE,89
1/2/2020 18:00,15,73,FALSE,88
1/2/2020 19:00,15,75,FALSE,90
1/2/2020 20:00,14,65,FALSE,79
1/2/2020 21:00,16,69,FALSE,85
1/2/2020 22:00,15,76,FALSE,91
1/2/2020 23:00,19,74,FALSE,93
1/3/2020 0:00,17,72,FALSE,89
1/3/2020 1:00,15,73,FALSE,88
1/3/2020 2:00,18,82,FALSE,100
1/3/2020 3:00,17,79,FALSE,96
1/3/2020 4:00,18,81,FALSE,99
1/3/2020 5:00,15,83,FALSE,98
1/3/2020 6:00,14,69,FALSE,83
1/3/2020 7:00,13,56,FALSE,69
1/3/2020 8:00,12,50,FALSE,62
1/3/2020 9:00,11,56,FALSE,67
1/3/2020 10:00,10,51,FALSE,61
1/3/2020 11:00,12,52,FALSE,64
1/3/2020 12:00,15,54,FALSE,69
1/3/2020 13:00,12,63,FALSE,75
1/3/2020 14:00,15,60,FALSE,75
1/3/2020 15:00,14,74,FALSE,88
1/3/2020 16:00,16,71,FALSE,87
1/3/2020 17:00,14,73,FALSE,87
1/3/2020 18:00,16,69,FALSE,85
1/3/2020 19:00,16,74,FALSE,90
1/3/2020 20:00,13,70,FALSE,83
1/3/2020 21:00,15,74,FALSE,89
1/3/2020 22:00,14,73,FALSE,87
1/3/2020 23:00,18,71,FALSE,89
1/4/2020 0:00,18,78,FALSE,96
1/4/2020 1:00,17,83,FALSE,100
1/4/2020 2:00,17,87,FALSE,104
1/4/2020 3:00,18,88,FALSE,106
1/4/2020 4:00,18,78,FALSE,96
1/4/2020 5:00,19,77,FALSE,96
1/4/2020 6:00,16,78,FALSE,94
1/4/2020 7:00,11,62,FALSE,73
1/4/2020 8:00,15,61,FALSE,76
1/4/2020 9:00,10,59,FALSE,69
1/4/2020 10:00,12,54,FALSE,66
1/4/2020 11:00,17,58,FALSE,75
1/4/2020 12:00,13,52,FALSE,65
1/4/2020 13:00,11,60,FALSE,71
1/4/2020 14:00,14,65,FALSE,79
1/4/2020 15:00,13,63,FALSE,76
1/4/2020 16:00,15,64,FALSE,79
1/4/2020 17:00,14,71,FALSE,85
1/4/2020 18:00,14,69,FALSE,83
1/4/2020 19:00,16,67,FALSE,83
1/4/2020 20:00,15,70,FALSE,85
1/4/2020 21:00,14,66,FALSE,80
1/4/2020 22:00,16,73,FALSE,89
1/4/2020 23:00,22,71,FALSE,93
1/5/2020 0:00,17,79,FALSE,96
1/5/2020 1:00,19,80,FALSE,99
1/5/2020 2:00,18,88,FALSE,106
1/5/2020 3:00,19,88,FALSE,107
1/5/2020 4:00,19,84,FALSE,103
1/5/2020 5:00,16,84,FALSE,100
1/5/2020 6:00,18,70,FALSE,88
1/5/2020 7:00,17,69,FALSE,86
1/5/2020 8:00,11,64,FALSE,75
1/5/2020 9:00,11,58,FALSE,69
1/5/2020 10:00,12,57,FALSE,69
1/5/2020 11:00,12,61,FALSE,73
1/5/2020 12:00,13,58,FALSE,71
1/5/2020 13:00,15,59,FALSE,74
1/5/2020 14:00,17,62,FALSE,79
1/5/2020 15:00,15,68,FALSE,83
1/5/2020 16:00,16,68,FALSE,84
1/5/2020 17:00,16,66,FALSE,82
1/5/2020 18:00,16,68,FALSE,84
1/5/2020 19:00,15,75,FALSE,90
1/5/2020 20:00,15,71,FALSE,86
1/5/2020 21:00,20,71,FALSE,91
1/5/2020 22:00,17,73,FALSE,90
1/5/2020 23:00,15,79,FALSE,94
1/6/2020 0:00,19,72,FALSE,91
1/6/2020 1:00,19,76,FALSE,95
1/6/2020 2:00,22,76,FALSE,98
1/6/2020 3:00,20,76,FALSE,96
1/6/2020 4:00,22,79,FALSE,101
1/6/2020 5:00,20,71,FALSE,91
1/6/2020 6:00,17,69,FALSE,86
1/6/2020 7:00,12,57,FALSE,69
1/6/2020 8:00,11,59,FALSE,70
1/6/2020 9:00,13,54,FALSE,67
1/6/2020 10:00,13,55,FALSE,68
1/6/2020 11:00,12,54,FALSE,66
1/6/2020 12:00,13,61,FALSE,74
1/6/2020 13:00,15,65,FALSE,80
1/6/2020 14:00,13,70,FALSE,83
1/6/2020 15:00,15,71,FALSE,86
1/6/2020 16:00,16,76,FALSE,92
1/6/2020 17:00,15,80,FALSE,95
1/6/2020 18:00,14,74,FALSE,88
1/6/2020 19:00,12,83,FALSE,95
1/6/2020 20:00,17,75,FALSE,92
1/6/2020 21:00,16,71,FALSE,87
1/6/2020 22:00,17,75,FALSE,92
1/6/2020 23:00,24,71,FALSE,95
1/7/2020 0:00,24,76,FALSE,100
1/7/2020 1:00,25,70,FALSE,95
1/7/2020 2:00,21,82,FALSE,103
1/7/2020 3:00,22,79,FALSE,101
1/7/2020 4:00,21,77,FALSE,98
1/7/2020 5:00,28,77,FALSE,105
1/7/2020 6:00,18,66,FALSE,84
1/7/2020 7:00,12,61,FALSE,73
1/7/2020 8:00,11,58,FALSE,69
1/7/2020 9:00,11,64,FALSE,75
1/7/2020 10:00,12,62,FALSE,74
1/7/2020 11:00,15,55,FALSE,70
1/7/2020 12:00,15,60,FALSE,75
1/7/2020 13:00,11,69,FALSE,80
1/7/2020 14:00,15,74,FALSE,89
1/7/2020 15:00,14,80,FALSE,94
1/7/2020 16:00,16,81,FALSE,97
1/7/2020 17:00,15,81,FALSE,96
1/7/2020 18:00,16,84,FALSE,100
1/7/2020 19:00,17,90,FALSE,107
1/7/2020 20:00,15,85,FALSE,100
1/7/2020 21:00,17,79,FALSE,96
1/7/2020 22:00,17,82,FALSE,99
1/7/2020 23:00,20,74,FALSE,94
1/8/2020 0:00,21,78,FALSE,99
1/8/2020 0:00,17,63,FALSE,80
1/8/2020 1:00,16,64,FALSE,80
1/8/2020 2:00,14,64,FALSE,78
1/8/2020 3:00,18,66,FALSE,84
1/8/2020 4:00,20,66,FALSE,86
1/8/2020 5:00,13,58,FALSE,71
1/8/2020 6:00,14,54,FALSE,68
1/8/2020 7:00,11,48,FALSE,59
1/8/2020 8:00,9,50,FALSE,59
1/8/2020 9:00,10,49,FALSE,59
1/8/2020 10:00,11,48,FALSE,59
1/8/2020 11:00,11,44,FALSE,55
1/8/2020 12:00,10,52,FALSE,62
1/8/2020 13:00,13,59,FALSE,72
1/8/2020 14:00,11,60,FALSE,71
1/8/2020 15:00,12,70,FALSE,82
1/8/2020 16:00,12,75,FALSE,87
1/8/2020 17:00,12,72,FALSE,84
1/8/2020 18:00,12,75,FALSE,87
1/8/2020 19:00,11,72,FALSE,83
1/8/2020 20:00,12,63,FALSE,75
1/8/2020 21:00,15,68,FALSE,83
1/8/2020 22:00,11,61,FALSE,72
1/8/2020 23:00,14,57,FALSE,71
1/9/2020 0:00,16,66,FALSE,82
1/9/2020 1:00,13,62,FALSE,75
1/9/2020 2:00,17,67,FALSE,84
1/9/2020 3:00,14,63,FALSE,77
1/9/2020 4:00,13,67,FALSE,80
1/9/2020 5:00,14,56,FALSE,70
1/9/2020 6:00,13,53,FALSE,66
1/9/2020 7:00,9,44,FALSE,53
1/9/2020 8:00,8,48,FALSE,56
1/9/2020 9:00,8,52,FALSE,60
1/9/2020 10:00,9,50,FALSE,59
1/9/2020 11:00,9,48,FALSE,57
1/9/2020 12:00,11,51,FALSE,62
1/9/2020 13:00,9,63,FALSE,72
1/9/2020 14:00,12,67,FALSE,79
1/9/2020 15:00,12,71,FALSE,83
1/9/2020 16:00,13,79,FALSE,92
1/9/2020 17:00,12,78,FALSE,90
1/9/2020 18:00,12,75,FALSE,87
1/9/2020 19:00,11,74,FALSE,85
1/9/2020 20:00,11,73,FALSE,84
1/9/2020 21:00,13,64,FALSE,77
1/9/2020 22:00,13,66,FALSE,79
1/9/2020 23:00,15,68,FALSE,83
1/10/2020 0:00,14,67,FALSE,81
1/10/2020 1:00,14,71,FALSE,85
1/10/2020 2:00,12,69,FALSE,81
1/10/2020 3:00,16,75,FALSE,91
1/10/2020 4:00,15,67,FALSE,82
1/10/2020 5:00,14,56,FALSE,70
1/10/2020 6:00,9,56,FALSE,65
1/10/2020 7:00,8,52,FALSE,60
1/10/2020 8:00,9,48,FALSE,57
1/10/2020 9:00,10,52,FALSE,62
1/10/2020 10:00,23,50,FALSE,73
1/10/2020 11:00,12,54,FALSE,66
1/10/2020 12:00,11,55,FALSE,66
1/10/2020 13:00,11,64,FALSE,75
1/10/2020 14:00,10,73,FALSE,83
1/10/2020 15:00,13,77,FALSE,90
1/10/2020 16:00,14,82,FALSE,96
1/10/2020 17:00,14,88,FALSE,102
1/10/2020 18:00,13,88,FALSE,101
1/10/2020 19:00,15,93,FALSE,108
1/10/2020 20:00,14,80,FALSE,94
1/10/2020 21:00,15,76,FALSE,91
1/10/2020 22:00,16,69,FALSE,85
1/10/2020 23:00,14,63,FALSE,77
1/11/2020 0:00,19,67,FALSE,86
1/11/2020 1:00,18,66,FALSE,84
1/11/2020 2:00,15,72,FALSE,87
1/11/2020 3:00,17,73,FALSE,90
1/11/2020 4:00,16,70,FALSE,86
1/11/2020 5:00,15,70,FALSE,85
1/11/2020 6:00,13,60,FALSE,73
1/11/2020 7:00,10,49,FALSE,59
1/11/2020 8:00,10,53,FALSE,63
1/11/2020 9:00,9,49,FALSE,58
1/11/2020 10:00,10,52,FALSE,62
1/11/2020 11:00,9,53,FALSE,62
1/11/2020 12:00,12,51,FALSE,63
1/11/2020 13:00,10,50,FALSE,60
1/11/2020 14:00,11,55,FALSE,66
1/11/2020 15:00,12,58,FALSE,70
1/11/2020 16:00,11,59,FALSE,70
1/11/2020 17:00,13,58,FALSE,71
1/11/2020 18:00,11,60,FALSE,71
1/11/2020 19:00,12,58,FALSE,70
1/11/2020 20:00,12,74,FALSE,86
1/11/2020 21:00,11,100,FALSE,111
1/11/2020 22:00,15,65,FALSE,80
1/11/2020 23:00,14,66,FALSE,80
1/12/2020 0:00,16,61,FALSE,77
1/12/2020 1:00,15,72,FALSE,87
1/12/2020 2:00,13,77,FALSE,90
1/12/2020 3:00,13,73,FALSE,86
1/12/2020 4:00,15,70,FALSE,85
1/12/2020 5:00,14,66,FALSE,80
1/12/2020 6:00,12,60,FALSE,72
1/12/2020 7:00,14,61,FALSE,75
1/12/2020 8:00,9,54,FALSE,63
1/12/2020 9:00,10,54,FALSE,64
1/12/2020 10:00,10,50,FALSE,60
1/12/2020 11:00,10,47,FALSE,57
1/12/2020 12:00,9,48,FALSE,57
1/12/2020 13:00,11,50,FALSE,61
1/12/2020 14:00,10,52,FALSE,62
1/12/2020 15:00,10,55,FALSE,65
1/12/2020 16:00,13,56,FALSE,69
1/12/2020 17:00,12,56,FALSE,68
1/12/2020 18:00,13,54,FALSE,67
1/12/2020 19:00,12,52,FALSE,64
1/12/2020 20:00,10,53,FALSE,63
1/12/2020 21:00,10,55,FALSE,65
1/12/2020 22:00,13,56,FALSE,69
1/12/2020 23:00,13,58,FALSE,71
1/13/2020 0:00,16,61,FALSE,77
1/13/2020 1:00,13,62,FALSE,75
1/13/2020 2:00,14,62,FALSE,76
1/13/2020 3:00,15,64,FALSE,79
1/13/2020 4:00,16,61,FALSE,77
1/13/2020 5:00,12,54,FALSE,66
1/13/2020 6:00,11,51,FALSE,62
1/13/2020 7:00,10,47,FALSE,57
1/13/2020 8:00,10,45,FALSE,55
1/13/2020 9:00,7,49,FALSE,56
1/13/2020 10:00,9,44,FALSE,53
1/13/2020 11:00,12,44,FALSE,56
1/13/2020 12:00,10,47,FALSE,57
1/13/2020 13:00,11,54,FALSE,65
1/13/2020 14:00,10,56,FALSE,66
1/13/2020 15:00,12,61,FALSE,73
1/13/2020 16:00,13,70,FALSE,83
1/13/2020 17:00,11,71,FALSE,82
1/13/2020 18:00,11,68,FALSE,79
1/13/2020 19:00,13,71,FALSE,84
1/13/2020 20:00,14,67,FALSE,81
1/13/2020 21:00,12,63,FALSE,75
1/13/2020 22:00,13,62,FALSE,75
1/13/2020 23:00,16,64,FALSE,80
1/14/2020 0:00,16,61,FALSE,77
1/14/2020 1:00,17,63,FALSE,80
1/14/2020 2:00,15,62,FALSE,77
1/14/2020 3:00,14,64,FALSE,78
1/14/2020 4:00,17,64,FALSE,81
1/14/2020 5:00,22,63,FALSE,85
1/14/2020 6:00,12,43,FALSE,55
1/14/2020 7:00,12,42,FALSE,54
1/14/2020 8:00,10,46,FALSE,56
1/14/2020 9:00,8,43,FALSE,51
1/14/2020 10:00,10,43,FALSE,53
1/14/2020 11:00,12,44,FALSE,56
1/14/2020 12:00,10,51,FALSE,61
1/14/2020 13:00,11,56,FALSE,67
1/14/2020 14:00,12,63,FALSE,75
1/14/2020 15:00,13,68,FALSE,81
1/14/2020 16:00,14,71,FALSE,85
1/14/2020 17:00,17,74,FALSE,91
1/14/2020 18:00,21,75,FALSE,96
1/14/2020 19:00,16,74,FALSE,90
1/14/2020 20:00,20,79,FALSE,99
1/14/2020 21:00,21,68,FALSE,89
1/14/2020 22:00,22,63,FALSE,85
1/14/2020 23:00,24,67,FALSE,91
1/15/2020 0:00,26,68,FALSE,94
1/15/2020 0:00,28,74,FALSE,102
1/15/2020 1:00,24,71,FALSE,95
1/15/2020 2:00,29,72,FALSE,101
1/15/2020 3:00,25,72,FALSE,97
1/15/2020 4:00,24,68,FALSE,92
1/15/2020 5:00,21,60,FALSE,81
1/15/2020 6:00,19,55,FALSE,74
1/15/2020 7:00,16,57,FALSE,73
1/15/2020 8:00,11,55,FALSE,66
1/15/2020 9:00,11,57,FALSE,68
1/15/2020 10:00,11,55,FALSE,66
1/15/2020 11:00,14,48,FALSE,62
1/15/2020 12:00,11,55,FALSE,66
1/15/2020 13:00,18,67,FALSE,85
1/15/2020 14:00,19,75,FALSE,94
1/15/2020 15:00,20,80,FALSE,100
1/15/2020 16:00,18,81,FALSE,99
1/15/2020 17:00,17,89,FALSE,106
1/15/2020 18:00,17,86,FALSE,103
1/15/2020 19:00,17,92,FALSE,109
1/15/2020 20:00,16,85,FALSE,101
1/15/2020 21:00,17,78,FALSE,95
1/15/2020 22:00,15,78,FALSE,93
1/15/2020 23:00,20,68,FALSE,88
1/16/2020 0:00,21,73,FALSE,94
1/16/2020 1:00,18,77,FALSE,95
1/16/2020 2:00,18,72,FALSE,90
1/16/2020 3:00,19,71,FALSE,90
1/16/2020 4:00,18,70,FALSE,88
1/16/2020 5:00,14,61,FALSE,75
1/16/2020 6:00,12,52,FALSE,64
1/16/2020 7:00,13,56,FALSE,69
1/16/2020 8:00,11,51,FALSE,62
1/16/2020 9:00,10,55,FALSE,65
1/16/2020 10:00,10,51,FALSE,61
1/16/2020 11:00,11,54,FALSE,65
1/16/2020 12:00,10,59,FALSE,69
1/16/2020 13:00,10,69,FALSE,79
1/16/2020 14:00,13,79,FALSE,92
1/16/2020 15:00,15,88,FALSE,103
1/16/2020 16:00,14,91,FALSE,105
1/16/2020 17:00,12,94,FALSE,106
1/16/2020 18:00,13,95,FALSE,108
1/16/2020 19:00,13,92,FALSE,105
1/16/2020 20:00,15,87,FALSE,102
1/16/2020 21:00,16,82,FALSE,98
1/16/2020 22:00,16,79,FALSE,95
1/16/2020 23:00,18,77,FALSE,95
1/17/2020 0:00,16,77,FALSE,93
1/17/2020 1:00,16,76,FALSE,92
1/17/2020 2:00,18,75,FALSE,93
1/17/2020 3:00,19,76,FALSE,95
1/17/2020 4:00,20,79,FALSE,99
1/17/2020 5:00,23,77,FALSE,100
1/17/2020 6:00,16,52,FALSE,68
1/17/2020 7:00,14,54,FALSE,68
1/17/2020 8:00,12,51,FALSE,63
1/17/2020 9:00,10,50,FALSE,60
1/17/2020 10:00,11,55,FALSE,66
1/17/2020 11:00,12,55,FALSE,67
1/17/2020 12:00,14,63,FALSE,77
1/17/2020 13:00,13,68,FALSE,81
1/17/2020 14:00,15,78,FALSE,93
1/17/2020 15:00,14,87,FALSE,101
1/17/2020 16:00,16,97,FALSE,113
1/17/2020 17:00,16,96,FALSE,112
1/17/2020 18:00,16,100,FALSE,116
1/17/2020 19:00,18,97,FALSE,115
1/17/2020 20:00,19,88,FALSE,107
1/17/2020 21:00,19,85,FALSE,104
1/17/2020 22:00,19,78,FALSE,97
1/17/2020 23:00,21,76,FALSE,97
1/18/2020 0:00,20,77,FALSE,97
1/18/2020 1:00,19,80,FALSE,99
1/18/2020 2:00,18,81,FALSE,99
1/18/2020 3:00,23,81,FALSE,104
1/18/2020 4:00,20,83,FALSE,103
1/18/2020 5:00,16,71,FALSE,87
1/18/2020 6:00,12,62,FALSE,74
1/18/2020 7:00,13,55,FALSE,68
1/18/2020 8:00,12,55,FALSE,67
1/18/2020 9:00,12,53,FALSE,65
1/18/2020 10:00,11,54,FALSE,65
1/18/2020 11:00,12,48,FALSE,60
1/18/2020 12:00,14,54,FALSE,68
1/18/2020 13:00,13,56,FALSE,69
1/18/2020 14:00,15,53,FALSE,68
1/18/2020 15:00,13,60,FALSE,73
1/18/2020 16:00,15,64,FALSE,79
1/18/2020 17:00,15,69,FALSE,84
1/18/2020 18:00,16,66,FALSE,82
1/18/2020 19:00,15,61,FALSE,76
1/18/2020 20:00,14,68,FALSE,82
1/18/2020 21:00,18,66,FALSE,84
1/18/2020 22:00,17,68,FALSE,85
1/18/2020 23:00,21,67,FALSE,88
1/19/2020 0:00,26,72,FALSE,98
1/19/2020 1:00,24,81,FALSE,105
1/19/2020 2:00,22,82,FALSE,104
1/19/2020 3:00,23,80,FALSE,103
1/19/2020 4:00,22,81,FALSE,103
1/19/2020 5:00,20,72,FALSE,92
1/19/2020 6:00,22,66,FALSE,88
1/19/2020 7:00,14,62,FALSE,76
1/19/2020 8:00,12,52,FALSE,64
1/19/2020 9:00,12,52,FALSE,64
1/19/2020 10:00,10,51,FALSE,61
1/19/2020 11:00,12,53,FALSE,65
1/19/2020 12:00,12,49,FALSE,61
1/19/2020 13:00,13,49,FALSE,62
1/19/2020 14:00,11,54,FALSE,65
1/19/2020 15:00,12,63,FALSE,75
1/19/2020 16:00,14,62,FALSE,76
1/19/2020 17:00,14,65,FALSE,79
1/19/2020 18:00,13,57,FALSE,70
1/19/2020 19:00,13,57,FALSE,70
1/19/2020 20:00,13,56,FALSE,69
1/19/2020 21:00,14,61,FALSE,75
1/19/2020 22:00,16,64,FALSE,80
1/19/2020 23:00,19,66,FALSE,85
1/20/2020 0:00,17,71,FALSE,88
1/20/2020 1:00,15,66,FALSE,81
1/20/2020 2:00,14,69,FALSE,83
1/20/2020 3:00,15,64,FALSE,79
1/20/2020 4:00,19,74,FALSE,93
1/20/2020 5:00,15,64,FALSE,79
1/20/2020 6:00,14,54,FALSE,68
1/20/2020 7:00,12,50,FALSE,62
1/20/2020 8:00,10,54,FALSE,64
1/20/2020 9:00,12,50,FALSE,62
1/20/2020 10:00,10,47,FALSE,57
1/20/2020 11:00,11,50,FALSE,61
1/20/2020 12:00,10,49,FALSE,59
1/20/2020 13:00,12,52,FALSE,64
1/20/2020 14:00,11,54,FALSE,65
1/20/2020 15:00,11,54,FALSE,65
1/20/2020 16:00,13,60,FALSE,73
1/20/2020 17:00,13,62,FALSE,75
1/20/2020 18:00,12,60,FALSE,72
1/20/2020 19:00,14,59,FALSE,73
1/20/2020 20:00,15,65,FALSE,80
1/20/2020 21:00,14,62,FALSE,76
1/20/2020 22:00,15,57,FALSE,72
1/20/2020 23:00,17,67,FALSE,84
1/21/2020 0:00,16,64,FALSE,80
1/21/2020 1:00,15,69,FALSE,84
1/21/2020 2:00,13,67,FALSE,80
1/21/2020 3:00,17,68,FALSE,85
1/21/2020 4:00,16,68,FALSE,84
1/21/2020 5:00,19,62,FALSE,81
1/21/2020 6:00,14,50,FALSE,64
1/21/2020 7:00,14,51,FALSE,65
1/21/2020 8:00,11,53,FALSE,64
1/21/2020 9:00,9,53,FALSE,62
1/21/2020 10:00,10,50,FALSE,60
1/21/2020 11:00,12,49,FALSE,61
1/21/2020 12:00,11,53,FALSE,64
1/21/2020 13:00,12,65,FALSE,77
1/21/2020 14:00,12,70,FALSE,82
1/21/2020 15:00,14,78,FALSE,92
1/21/2020 16:00,13,82,FALSE,95
1/21/2020 17:00,15,79,FALSE,94
1/21/2020 18:00,13,83,FALSE,96
1/21/2020 19:00,12,85,FALSE,97
1/21/2020 20:00,13,78,FALSE,91
1/21/2020 21:00,16,72,FALSE,88
1/21/2020 22:00,14,72,FALSE,86
1/21/2020 23:00,17,71,FALSE,88
1/22/2020 0:00,16,71,FALSE,87
1/22/2020 0:00,16,71,FALSE,87
1/22/2020 1:00,17,72,FALSE,89
1/22/2020 2:00,16,70,FALSE,86
1/22/2020 3:00,15,70,FALSE,85
1/22/2020 4:00,16,70,FALSE,86
1/22/2020 5:00,15,57,FALSE,72
1/22/2020 6:00,14,58,FALSE,72
1/22/2020 7:00,12,53,FALSE,65
1/22/2020 8:00,10,53,FALSE,63
1/22/2020 9:00,9,54,FALSE,63
1/22/2020 10:00,10,53,FALSE,63
1/22/2020 11:00,11,51,FALSE,62
1/22/2020 12:00,13,55,FALSE,68
1/22/2020 13:00,11,66,FALSE,77
1/22/2020 14:00,13,75,FALSE,88
1/22/2020 15:00,12,79,FALSE,91
1/22/2020 16:00,13,86,FALSE,99
1/22/2020 17:00,12,87,FALSE,99
1/22/2020 18:00,13,92,FALSE,105
1/22/2020 19:00,11,89,FALSE,100
1/22/2020 20:00,13,81,FALSE,94
1/22/2020 21:00,12,75,FALSE,87
1/22/2020 22:00,13,69,FALSE,82
1/22/2020 23:00,15,68,FALSE,83
1/23/2020 0:00,13,69,FALSE,82
1/23/2020 1:00,14,67,FALSE,81
1/23/2020 2:00,17,74,FALSE,91
1/23/2020 3:00,17,75,FALSE,92
1/23/2020 4:00,15,67,FALSE,82
1/23/2020 5:00,17,62,FALSE,79
1/23/2020 6:00,12,50,FALSE,62
1/23/2020 7:00,13,50,FALSE,63
1/23/2020 8:00,11,50,FALSE,61
1/23/2020 9:00,10,57,FALSE,67
1/23/2020 10:00,11,57,FALSE,68
1/23/2020 11:00,11,51,FALSE,62
1/23/2020 12:00,10,57,FALSE,67
1/23/2020 13:00,11,70,FALSE,81
1/23/2020 14:00,11,76,FALSE,87
1/23/2020 15:00,12,85,FALSE,97
1/23/2020 16:00,12,82,FALSE,94
1/23/2020 17:00,14,90,FALSE,104
1/23/2020 18:00,15,88,FALSE,103
1/23/2020 19:00,11,95,FALSE,106
1/23/2020 20:00,13,85,FALSE,98
1/23/2020 21:00,12,77,FALSE,89
1/23/2020 22:00,12,77,FALSE,89
1/23/2020 23:00,16,77,FALSE,93
1/24/2020 0:00,15,77,FALSE,92
1/24/2020 1:00,13,70,FALSE,83
1/24/2020 2:00,14,74,FALSE,88
1/24/2020 3:00,14,74,FALSE,88
1/24/2020 4:00,16,74,FALSE,90
1/24/2020 5:00,16,59,FALSE,75
1/24/2020 6:00,10,52,FALSE,62
1/24/2020 7:00,12,53,FALSE,65
1/24/2020 8:00,10,53,FALSE,63
1/24/2020 9:00,10,50,FALSE,60
1/24/2020 10:00,10,52,FALSE,62
1/24/2020 11:00,11,54,FALSE,65
1/24/2020 12:00,12,63,FALSE,75
1/24/2020 13:00,9,73,FALSE,82
1/24/2020 14:00,13,86,FALSE,99
1/24/2020 15:00,11,92,FALSE,103
1/24/2020 16:00,11,93,FALSE,104
1/24/2020 17:00,12,100,FALSE,112
1/24/2020 18:00,12,98,FALSE,110
1/24/2020 19:00,11,99,FALSE,110
1/24/2020 20:00,14,84,FALSE,98
1/24/2020 21:00,13,83,FALSE,96
1/24/2020 22:00,14,76,FALSE,90
1/24/2020 23:00,14,71,FALSE,85
1/25/2020 0:00,13,77,FALSE,90
1/25/2020 1:00,13,79,FALSE,92
1/25/2020 2:00,14,79,FALSE,93
1/25/2020 3:00,15,90,FALSE,105
1/25/2020 4:00,14,75,FALSE,89
1/25/2020 5:00,13,72,FALSE,85
1/25/2020 6:00,14,64,FALSE,78
1/25/2020 7:00,11,56,FALSE,67
1/25/2020 8:00,11,54,FALSE,65
1/25/2020 9:00,11,54,FALSE,65
1/25/2020 10:00,11,53,FALSE,64
1/25/2020 11:00,11,56,FALSE,67
1/25/2020 12:00,11,53,FALSE,64
1/25/2020 13:00,12,58,FALSE,70
1/25/2020 14:00,10,56,FALSE,66
1/25/2020 15:00,12,63,FALSE,75
1/25/2020 16:00,13,65,FALSE,78
1/25/2020 17:00,11,64,FALSE,75
1/25/2020 18:00,11,67,FALSE,78
1/25/2020 19:00,11,64,FALSE,75
1/25/2020 20:00,11,73,FALSE,84
1/25/2020 21:00,25,77,FALSE,102
1/25/2020 22:00,13,72,FALSE,85
1/25/2020 23:00,15,74,FALSE,89
1/26/2020 0:00,13,73,FALSE,86
1/26/2020 1:00,11,72,FALSE,83
1/26/2020 2:00,13,75,FALSE,88
1/26/2020 3:00,15,76,FALSE,91
1/26/2020 4:00,16,72,FALSE,88
1/26/2020 5:00,15,71,FALSE,86
1/26/2020 6:00,11,70,FALSE,81
1/26/2020 7:00,13,58,FALSE,71
1/26/2020 8:00,10,53,FALSE,63
1/26/2020 9:00,9,54,FALSE,63
1/26/2020 10:00,10,57,FALSE,67
1/26/2020 11:00,11,59,FALSE,70
1/26/2020 12:00,11,57,FALSE,68
1/26/2020 13:00,11,52,FALSE,63
1/26/2020 14:00,12,54,FALSE,66
1/26/2020 15:00,10,59,FALSE,69
1/26/2020 16:00,11,63,FALSE,74
1/26/2020 17:00,11,63,FALSE,74
1/26/2020 18:00,12,64,FALSE,76
1/26/2020 19:00,8,55,FALSE,63
1/26/2020 20:00,10,51,FALSE,61
1/26/2020 21:00,11,53,FALSE,64
1/26/2020 22:00,12,63,FALSE,75
1/26/2020 23:00,14,62,FALSE,76
1/27/2020 0:00,17,65,FALSE,82
1/27/2020 1:00,11,70,FALSE,81
1/27/2020 2:00,15,65,FALSE,80
1/27/2020 3:00,13,66,FALSE,79
1/27/2020 4:00,16,62,FALSE,78
1/27/2020 5:00,11,62,FALSE,73
1/27/2020 6:00,12,52,FALSE,64
1/27/2020 7:00,9,52,FALSE,61
1/27/2020 8:00,10,51,FALSE,61
1/27/2020 9:00,9,49,FALSE,58
1/27/2020 10:00,10,46,FALSE,56
1/27/2020 11:00,9,51,FALSE,60
1/27/2020 12:00,11,52,FALSE,63
1/27/2020 13:00,12,59,FALSE,71
1/27/2020 14:00,12,72,FALSE,84
1/27/2020 15:00,11,78,FALSE,89
1/27/2020 16:00,11,76,FALSE,87
1/27/2020 17:00,13,77,FALSE,90
1/27/2020 18:00,11,81,FALSE,92
1/27/2020 19:00,12,84,FALSE,96
1/27/2020 20:00,15,77,FALSE,92
1/27/2020 21:00,14,70,FALSE,84
1/27/2020 22:00,14,71,FALSE,85
1/27/2020 23:00,17,69,FALSE,86
1/28/2020 0:00,17,63,FALSE,80
1/28/2020 1:00,17,73,FALSE,90
1/28/2020 2:00,19,72,FALSE,91
1/28/2020 3:00,21,71,FALSE,92
1/28/2020 4:00,18,60,FALSE,78
1/28/2020 5:00,18,66,FALSE,84
1/28/2020 6:00,13,53,FALSE,66
1/28/2020 7:00,13,53,FALSE,66
1/28/2020 8:00,10,54,FALSE,64
1/28/2020 9:00,10,52,FALSE,62
1/28/2020 10:00,11,54,FALSE,65
1/28/2020 11:00,10,55,FALSE,65
1/28/2020 12:00,12,57,FALSE,69
1/28/2020 13:00,10,69,FALSE,79
1/28/2020 14:00,13,77,FALSE,90
1/28/2020 15:00,11,81,FALSE,92
1/28/2020 16:00,12,90,FALSE,102
1/28/2020 17:00,12,89,FALSE,101
1/28/2020 18:00,13,89,FALSE,102
1/28/2020 19:00,11,92,FALSE,103
1/28/2020 20:00,14,88,FALSE,102
1/28/2020 21:00,13,80,FALSE,93
1/28/2020 22:00,14,73,FALSE,87
1/28/2020 23:00,20,71,FALSE,91
1/29/2020 0:00,19,69,FALSE,88
1/29/2020 0:00,18,65,FALSE,83
1/29/2020 1:00,16,71,FALSE,87
1/29/2020 2:00,15,71,FALSE,86
1/29/2020 3:00,16,69,FALSE,85
1/29/2020 4:00,14,61,FALSE,75
1/29/2020 5:00,15,56,FALSE,71
1/29/2020 6:00,14,46,FALSE,60
1/29/2020 7:00,10,49,FALSE,59
1/29/2020 8:00,11,53,FALSE,64
1/29/2020 9:00,10,49,FALSE,59
1/29/2020 10:00,9,46,FALSE,55
1/29/2020 11:00,12,47,FALSE,59
1/29/2020 12:00,9,52,FALSE,61
1/29/2020 13:00,10,63,FALSE,73
1/29/2020 14:00,12,74,FALSE,86
1/29/2020 15:00,12,80,FALSE,92
1/29/2020 16:00,11,85,FALSE,96
1/29/2020 17:00,12,83,FALSE,95
1/29/2020 18:00,13,86,FALSE,99
1/29/2020 19:00,11,83,FALSE,94
1/29/2020 20:00,12,81,FALSE,93
1/29/2020 21:00,13,74,FALSE,87
1/29/2020 22:00,14,70,FALSE,84
1/29/2020 23:00,16,69,FALSE,85
1/30/2020 0:00,16,69,FALSE,85
1/30/2020 1:00,14,76,FALSE,90
1/30/2020 2:00,13,68,FALSE,81
1/30/2020 3:00,13,69,FALSE,82
1/30/2020 4:00,16,68,FALSE,84
1/30/2020 5:00,13,52,FALSE,65
1/30/2020 6:00,11,48,FALSE,59
1/30/2020 7:00,11,53,FALSE,64
1/30/2020 8:00,9,50,FALSE,59
1/30/2020 9:00,8,49,FALSE,57
1/30/2020 10:00,11,47,FALSE,58
1/30/2020 11:00,10,43,FALSE,53
1/30/2020 12:00,11,54,FALSE,65
1/30/2020 13:00,10,64,FALSE,74
1/30/2020 14:00,13,74,FALSE,87
1/30/2020 15:00,11,82,FALSE,93
1/30/2020 16:00,12,85,FALSE,97
1/30/2020 17:00,16,86,FALSE,102
1/30/2020 18:00,13,95,FALSE,108
1/30/2020 19:00,12,88,FALSE,100
1/30/2020 20:00,13,86,FALSE,99
1/30/2020 21:00,16,78,FALSE,94
1/30/2020 22:00,17,68,FALSE,85
1/30/2020 23:00,20,70,FALSE,90
1/31/2020 0:00,18,72,FALSE,90
1/31/2020 1:00,17,73,FALSE,90
1/31/2020 2:00,16,72,FALSE,88
1/31/2020 3:00,16,70,FALSE,86
1/31/2020 4:00,18,64,FALSE,82
1/31/2020 5:00,17,62,FALSE,79
1/31/2020 6:00,13,50,FALSE,63
1/31/2020 7:00,10,48,FALSE,58
1/31/2020 8:00,9,48,FALSE,57
1/31/2020 9:00,10,50,FALSE,60
1/31/2020 10:00,9,44,FALSE,53
1/31/2020 11:00,9,46,FALSE,55
1/31/2020 12:00,11,62,FALSE,73
1/31/2020 13:00,10,71,FALSE,81
1/31/2020 14:00,12,80,FALSE,92
1/31/2020 15:00,12,83,FALSE,95
1/31/2020 16:00,10,87,FALSE,97
1/31/2020 17:00,12,91,FALSE,103
1/31/2020 18:00,12,90,FALSE,102
1/31/2020 19:00,13,100,FALSE,113
1/31/2020 20:00,12,88,FALSE,100
1/31/2020 21:00,10,80,FALSE,90
1/31/2020 22:00,14,72,FALSE,86
1/31/2020 23:00,14,67,FALSE,81
2/1/2020 0:00,17,69,FALSE,86
2/1/2020 1:00,15,70,FALSE,85
2/1/2020 2:00,15,74,FALSE,89
2/1/2020 3:00,15,71,FALSE,86
2/1/2020 4:00,13,72,FALSE,85
2/1/2020 5:00,16,67,FALSE,83
2/1/2020 6:00,10,53,FALSE,63
2/1/2020 7:00,14,51,FALSE,65
2/1/2020 8:00,10,49,FALSE,59
2/1/2020 9:00,9,49,FALSE,58
2/1/2020 10:00,9,47,FALSE,56
2/1/2020 11:00,10,49,FALSE,59
2/1/2020 12:00,9,50,FALSE,59
2/1/2020 13:00,9,51,FALSE,60
2/1/2020 14:00,11,55,FALSE,66
2/1/2020 15:00,10,57,FALSE,67
2/1/2020 16:00,9,59,FALSE,68
2/1/2020 17:00,12,60,FALSE,72
2/1/2020 18:00,12,62,FALSE,74
2/1/2020 19:00,10,62,FALSE,72
2/1/2020 20:00,11,64,FALSE,75
2/1/2020 21:00,17,64,FALSE,81
2/1/2020 22:00,13,64,FALSE,77
2/1/2020 23:00,15,63,FALSE,78
2/2/2020 0:00,14,66,FALSE,80
2/2/2020 1:00,15,76,FALSE,91
2/2/2020 2:00,14,68,FALSE,82
2/2/2020 3:00,16,75,FALSE,91
2/2/2020 4:00,16,73,FALSE,89
2/2/2020 5:00,17,64,FALSE,81
2/2/2020 6:00,13,63,FALSE,76
2/2/2020 7:00,12,49,FALSE,61
2/2/2020 8:00,12,51,FALSE,63
2/2/2020 9:00,11,48,FALSE,59
2/2/2020 10:00,9,55,FALSE,64
2/2/2020 11:00,9,49,FALSE,58
2/2/2020 12:00,11,48,FALSE,59
2/2/2020 13:00,11,49,FALSE,60
2/2/2020 14:00,10,50,FALSE,60
2/2/2020 15:00,13,59,FALSE,72
2/2/2020 16:00,14,58,FALSE,72
2/2/2020 17:00,13,58,FALSE,71
2/2/2020 18:00,12,57,FALSE,69
2/2/2020 19:00,12,58,FALSE,70
2/2/2020 20:00,13,56,FALSE,69
2/2/2020 21:00,10,55,FALSE,65
2/2/2020 22:00,14,60,FALSE,74
2/2/2020 23:00,14,50,FALSE,64
2/3/2020 0:00,15,64,FALSE,79
2/3/2020 1:00,14,60,FALSE,74
2/3/2020 2:00,13,66,FALSE,79
2/3/2020 3:00,13,54,FALSE,67
2/3/2020 4:00,14,54,FALSE,68
2/3/2020 5:00,13,53,FALSE,66
2/3/2020 6:00,12,50,FALSE,62
2/3/2020 7:00,12,46,FALSE,58
2/3/2020 8:00,10,49,FALSE,59
2/3/2020 9:00,8,42,FALSE,50
2/3/2020 10:00,10,46,FALSE,56
2/3/2020 11:00,10,43,FALSE,53
2/3/2020 12:00,9,48,FALSE,57
2/3/2020 13:00,10,60,FALSE,70
2/3/2020 14:00,11,64,FALSE,75
2/3/2020 15:00,11,70,FALSE,81
2/3/2020 16:00,11,69,FALSE,80
2/3/2020 17:00,11,70,FALSE,81
2/3/2020 18:00,12,75,FALSE,87
2/3/2020 19:00,12,75,FALSE,87
2/3/2020 20:00,13,71,FALSE,84
2/3/2020 21:00,12,64,FALSE,76
2/3/2020 22:00,14,65,FALSE,79
2/3/2020 23:00,15,68,FALSE,83
2/4/2020 0:00,13,69,FALSE,82
2/4/2020 1:00,13,66,FALSE,79
2/4/2020 2:00,14,66,FALSE,80
2/4/2020 3:00,14,63,FALSE,77
2/4/2020 4:00,12,60,FALSE,72
2/4/2020 5:00,19,58,FALSE,77
2/4/2020 6:00,14,47,FALSE,61
2/4/2020 7:00,10,49,FALSE,59
2/4/2020 8:00,10,46,FALSE,56
2/4/2020 9:00,11,48,FALSE,59
2/4/2020 10:00,11,46,FALSE,57
2/4/2020 11:00,11,47,FALSE,58
2/4/2020 12:00,10,52,FALSE,62
2/4/2020 13:00,9,61,FALSE,70
2/4/2020 14:00,12,72,FALSE,84
2/4/2020 15:00,15,78,FALSE,93
2/4/2020 16:00,14,77,FALSE,91
2/4/2020 17:00,15,85,FALSE,100
2/4/2020 18:00,13,87,FALSE,100
2/4/2020 19:00,15,86,FALSE,101
2/4/2020 20:00,16,78,FALSE,94
2/4/2020 21:00,21,76,FALSE,97
2/4/2020 22:00,17,70,FALSE,87
2/4/2020 23:00,20,68,FALSE,88
2/5/2020 0:00,28,73,FALSE,101
2/5/2020 0:00,29,75,FALSE,104
2/5/2020 1:00,25,75,FALSE,100
2/5/2020 2:00,23,63,FALSE,86
2/5/2020 3:00,27,63,FALSE,90
2/5/2020 4:00,27,61,FALSE,88
2/5/2020 5:00,23,55,FALSE,78
2/5/2020 6:00,18,51,FALSE,69
2/5/2020 7:00,14,50,FALSE,64
2/5/2020 8:00,11,51,FALSE,62
2/5/2020 9:00,10,44,FALSE,54
2/5/2020 10:00,11,46,FALSE,57
2/5/2020 11:00,12,50,FALSE,62
2/5/2020 12:00,14,59,FALSE,73
2/5/2020 13:00,13,63,FALSE,76
2/5/2020 14:00,16,74,FALSE,90
2/5/2020 15:00,16,80,FALSE,96
2/5/2020 16:00,16,86,FALSE,102
2/5/2020 17:00,22,87,FALSE,109
2/5/2020 18:00,17,89,FALSE,106
2/5/2020 19:00,20,84,FALSE,104
2/5/2020 20:00,20,77,FALSE,97
2/5/2020 21:00,21,77,FALSE,98
2/5/2020 22:00,16,71,FALSE,87
2/5/2020 23:00,22,73,FALSE,95
2/6/2020 0:00,20,64,FALSE,84
2/6/2020 1:00,18,67,FALSE,85
2/6/2020 2:00,16,72,FALSE,88
2/6/2020 3:00,22,72,FALSE,94
2/6/2020 4:00,22,60,FALSE,82
2/6/2020 5:00,20,63,FALSE,83
2/6/2020 6:00,16,53,FALSE,69
2/6/2020 7:00,14,48,FALSE,62
2/6/2020 8:00,14,48,FALSE,62
2/6/2020 9:00,11,53,FALSE,64
2/6/2020 10:00,11,47,FALSE,58
2/6/2020 11:00,14,52,FALSE,66
2/6/2020 12:00,16,58,FALSE,74
2/6/2020 13:00,15,64,FALSE,79
2/6/2020 14:00,16,79,FALSE,95
2/6/2020 15:00,16,79,FALSE,95
2/6/2020 16:00,16,87,FALSE,103
2/6/2020 17:00,17,88,FALSE,105
2/6/2020 18:00,16,89,FALSE,105
2/6/2020 19:00,16,91,FALSE,107
2/6/2020 20:00,18,85,FALSE,103
2/6/2020 21:00,17,77,FALSE,94
2/6/2020 22:00,19,71,FALSE,90
2/6/2020 23:00,22,78,FALSE,100
2/7/2020 0:00,19,73,FALSE,92
2/7/2020 1:00,20,72,FALSE,92
2/7/2020 2:00,19,71,FALSE,90
2/7/2020 3:00,20,75,FALSE,95
2/7/2020 4:00,19,59,FALSE,78
2/7/2020 5:00,20,56,FALSE,76
2/7/2020 6:00,15,53,FALSE,68
2/7/2020 7:00,12,53,FALSE,65
2/7/2020 8:00,11,53,FALSE,64
2/7/2020 9:00,13,50,FALSE,63
2/7/2020 10:00,11,49,FALSE,60
2/7/2020 11:00,12,50,FALSE,62
2/7/2020 12:00,17,58,FALSE,75
2/7/2020 13:00,13,69,FALSE,82
2/7/2020 14:00,18,79,FALSE,97
2/7/2020 15:00,17,81,FALSE,98
2/7/2020 16:00,19,86,FALSE,105
2/7/2020 17:00,22,89,FALSE,111
2/7/2020 18:00,22,97,FALSE,119
2/7/2020 19:00,23,100,FALSE,123
2/7/2020 20:00,22,98,FALSE,120
2/7/2020 21:00,21,84,FALSE,105
2/7/2020 22:00,21,77,FALSE,98
2/7/2020 23:00,20,72,FALSE,92
2/8/2020 0:00,39,79,FALSE,118
2/8/2020 1:00,27,82,FALSE,109
2/8/2020 2:00,25,80,FALSE,105
2/8/2020 3:00,22,82,FALSE,104
2/8/2020 4:00,21,74,FALSE,95
2/8/2020 5:00,23,61,FALSE,84
2/8/2020 6:00,24,57,FALSE,81
2/8/2020 7:00,23,55,FALSE,78
2/8/2020 8:00,21,48,FALSE,69
2/8/2020 9:00,21,50,FALSE,71
2/8/2020 10:00,22,52,FALSE,74
2/8/2020 11:00,17,51,FALSE,68
2/8/2020 12:00,24,54,FALSE,78
2/8/2020 13:00,25,54,FALSE,79
2/8/2020 14:00,45,70,FALSE,115
2/8/2020 15:00,47,68,FALSE,115
2/8/2020 16:00,44,71,FALSE,115
2/8/2020 17:00,33,70,FALSE,103
2/8/2020 18:00,30,66,FALSE,96
2/8/2020 19:00,32,64,FALSE,96
2/8/2020 20:00,32,66,FALSE,98
2/8/2020 21:00,49,75,FALSE,124
2/8/2020 22:00,32,65,FALSE,97
2/8/2020 23:00,34,70,FALSE,104
2/9/2020 0:00,39,69,FALSE,108
2/9/2020 1:00,47,71,FALSE,118
2/9/2020 2:00,39,82,FALSE,121
2/9/2020 3:00,61,88,FALSE,149
2/9/2020 4:00,89,84,FALSE,173
2/9/2020 5:00,65,81,FALSE,146
2/9/2020 6:00,49,76,FALSE,125
2/9/2020 7:00,32,55,FALSE,87
2/9/2020 8:00,26,54,FALSE,80
2/9/2020 9:00,22,53,FALSE,75
2/9/2020 10:00,20,56,FALSE,76
2/9/2020 11:00,21,54,FALSE,75
2/9/2020 12:00,20,46,FALSE,66
2/9/2020 13:00,22,54,FALSE,76
2/9/2020 14:00,25,53,FALSE,78
2/9/2020 15:00,21,57,FALSE,78
2/9/2020 16:00,24,58,FALSE,82
2/9/2020 17:00,22,57,FALSE,79
2/9/2020 18:00,22,58,FALSE,80
2/9/2020 19:00,24,59,FALSE,83
2/9/2020 20:00,20,57,FALSE,77
2/9/2020 21:00,23,59,FALSE,82
2/9/2020 22:00,23,64,FALSE,87
2/9/2020 23:00,26,71,FALSE,97
2/10/2020 0:00,25,71,FALSE,96
2/10/2020 1:00,24,67,FALSE,91
2/10/2020 2:00,23,66,FALSE,89
2/10/2020 3:00,25,58,FALSE,83
2/10/2020 4:00,25,64,FALSE,89
2/10/2020 5:00,25,60,FALSE,85
2/10/2020 6:00,20,52,FALSE,72
2/10/2020 7:00,16,47,FALSE,63
2/10/2020 8:00,14,49,FALSE,63
2/10/2020 9:00,12,50,FALSE,62
2/10/2020 10:00,12,49,FALSE,61
2/10/2020 11:00,14,46,FALSE,60
2/10/2020 12:00,14,53,FALSE,67
2/10/2020 13:00,13,57,FALSE,70
2/10/2020 14:00,14,64,FALSE,78
2/10/2020 15:00,18,74,FALSE,92
2/10/2020 16:00,18,74,FALSE,92
2/10/2020 17:00,18,82,FALSE,100
2/10/2020 18:00,18,79,FALSE,97
2/10/2020 19:00,19,82,FALSE,101
2/10/2020 20:00,20,75,FALSE,95
2/10/2020 21:00,18,74,FALSE,92
2/10/2020 22:00,18,72,FALSE,90
2/10/2020 23:00,21,70,FALSE,91
2/11/2020 0:00,21,71,FALSE,92
2/11/2020 1:00,21,72,FALSE,93
2/11/2020 2:00,19,74,FALSE,93
2/11/2020 3:00,20,71,FALSE,91
2/11/2020 4:00,17,64,FALSE,81
2/11/2020 5:00,23,65,FALSE,88
2/11/2020 6:00,12,49,FALSE,61
2/11/2020 7:00,12,47,FALSE,59
2/11/2020 8:00,10,51,FALSE,61
2/11/2020 9:00,13,48,FALSE,61
2/11/2020 10:00,10,46,FALSE,56
2/11/2020 11:00,12,48,FALSE,60
2/11/2020 12:00,13,58,FALSE,71
2/11/2020 13:00,14,66,FALSE,80
2/11/2020 14:00,16,76,FALSE,92
2/11/2020 15:00,17,80,FALSE,97
2/11/2020 16:00,22,89,FALSE,111
2/11/2020 17:00,22,91,FALSE,113
2/11/2020 18:00,20,86,FALSE,106
2/11/2020 19:00,18,87,FALSE,105
2/11/2020 20:00,18,77,FALSE,95
2/11/2020 21:00,20,77,FALSE,97
2/11/2020 22:00,22,77,FALSE,99
2/11/2020 23:00,23,75,FALSE,98
2/12/2020 0:00,23,76,FALSE,99
2/12/2020 0:00,20,67,FALSE,87
2/12/2020 1:00,20,63,FALSE,83
2/12/2020 2:00,20,67,FALSE,87
2/12/2020 3:00,22,63,FALSE,85
2/12/2020 4:00,22,57,FALSE,79
2/12/2020 5:00,21,51,FALSE,72
2/12/2020 6:00,17,46,FALSE,63
2/12/2020 7:00,12,48,FALSE,60
2/12/2020 8:00,12,43,FALSE,55
2/12/2020 9:00,10,43,FALSE,53
2/12/2020 10:00,11,42,FALSE,53
2/12/2020 11:00,13,43,FALSE,56
2/12/2020 12:00,13,48,FALSE,61
2/12/2020 13:00,14,62,FALSE,76
2/12/2020 14:00,16,66,FALSE,82
2/12/2020 15:00,16,70,FALSE,86
2/12/2020 16:00,14,74,FALSE,88
2/12/2020 17:00,17,78,FALSE,95
2/12/2020 18:00,16,81,FALSE,97
2/12/2020 19:00,17,79,FALSE,96
2/12/2020 20:00,19,75,FALSE,94
2/12/2020 21:00,17,65,FALSE,82
2/12/2020 22:00,15,69,FALSE,84
2/12/2020 23:00,18,64,FALSE,82
2/13/2020 0:00,18,67,FALSE,85
2/13/2020 1:00,19,64,FALSE,83
2/13/2020 2:00,19,66,FALSE,85
2/13/2020 3:00,21,65,FALSE,86
2/13/2020 4:00,21,58,FALSE,79
2/13/2020 5:00,18,53,FALSE,71
2/13/2020 6:00,18,50,FALSE,68
2/13/2020 7:00,14,47,FALSE,61
2/13/2020 8:00,10,46,FALSE,56
2/13/2020 9:00,9,46,FALSE,55
2/13/2020 10:00,10,47,FALSE,57
2/13/2020 11:00,12,48,FALSE,60
2/13/2020 12:00,11,51,FALSE,62
2/13/2020 13:00,13,59,FALSE,72
2/13/2020 14:00,13,70,FALSE,83
2/13/2020 15:00,14,76,FALSE,90
2/13/2020 16:00,13,78,FALSE,91
2/13/2020 17:00,14,78,FALSE,92
2/13/2020 18:00,14,80,FALSE,94
2/13/2020 19:00,13,83,FALSE,96
2/13/2020 20:00,13,74,FALSE,87
2/13/2020 21:00,15,69,FALSE,84
2/13/2020 22:00,15,68,FALSE,83
2/13/2020 23:00,17,67,FALSE,84
2/14/2020 0:00,18,60,FALSE,78
2/14/2020 1:00,14,65,FALSE,79
2/14/2020 2:00,15,64,FALSE,79
2/14/2020 3:00,15,67,FALSE,82
2/14/2020 4:00,15,63,FALSE,78
2/14/2020 5:00,13,53,FALSE,66
2/14/2020 6:00,11,46,FALSE,57
2/14/2020 7:00,12,41,FALSE,53
2/14/2020 8:00,9,49,FALSE,58
2/14/2020 9:00,10,41,FALSE,51
2/14/2020 10:00,10,46,FALSE,56
2/14/2020 11:00,9,42,FALSE,51
2/14/2020 12:00,10,51,FALSE,61
2/14/2020 13:00,12,60,FALSE,72
2/14/2020 14:00,14,74,FALSE,88
2/14/2020 15:00,12,72,FALSE,84
2/14/2020 16:00,16,76,FALSE,92
2/14/2020 17:00,17,82,FALSE,99
2/14/2020 18:00,16,100,FALSE,116
2/14/2020 19:00,17,75,FALSE,92
2/14/2020 20:00,18,73,FALSE,91
2/14/2020 21:00,18,66,FALSE,84
2/14/2020 22:00,16,65,FALSE,81
2/14/2020 23:00,20,66,FALSE,86
2/15/2020 0:00,15,60,FALSE,75
2/15/2020 1:00,20,64,FALSE,84
2/15/2020 2:00,18,76,FALSE,94
2/15/2020 3:00,16,67,FALSE,83
2/15/2020 4:00,15,62,FALSE,77
2/15/2020 5:00,16,58,FALSE,74
2/15/2020 6:00,16,53,FALSE,69
2/15/2020 7:00,14,41,FALSE,55
2/15/2020 8:00,11,47,FALSE,58
2/15/2020 9:00,12,46,FALSE,58
2/15/2020 10:00,10,43,FALSE,53
2/15/2020 11:00,10,45,FALSE,55
2/15/2020 12:00,11,44,FALSE,55
2/15/2020 13:00,12,48,FALSE,60
2/15/2020 14:00,11,48,FALSE,59
2/15/2020 15:00,12,51,FALSE,63
2/15/2020 16:00,12,54,FALSE,66
2/15/2020 17:00,14,58,FALSE,72
2/15/2020 18:00,13,56,FALSE,69
2/15/2020 19:00,12,52,FALSE,64
2/15/2020 20:00,13,58,FALSE,71
2/15/2020 21:00,33,64,FALSE,97
2/15/2020 22:00,17,58,FALSE,75
2/15/2020 23:00,16,61,FALSE,77
2/16/2020 0:00,16,60,FALSE,76
2/16/2020 1:00,13,68,FALSE,81
2/16/2020 2:00,14,69,FALSE,83
2/16/2020 3:00,17,71,FALSE,88
2/16/2020 4:00,16,65,FALSE,81
2/16/2020 5:00,13,60,FALSE,73
2/16/2020 6:00,12,52,FALSE,64
2/16/2020 7:00,12,45,FALSE,57
2/16/2020 8:00,12,45,FALSE,57
2/16/2020 9:00,10,44,FALSE,54
2/16/2020 10:00,9,43,FALSE,52
2/16/2020 11:00,10,46,FALSE,56
2/16/2020 12:00,9,45,FALSE,54
2/16/2020 13:00,10,42,FALSE,52
2/16/2020 14:00,12,44,FALSE,56
2/16/2020 15:00,12,50,FALSE,62
2/16/2020 16:00,12,58,FALSE,70
2/16/2020 17:00,13,53,FALSE,66
2/16/2020 18:00,13,52,FALSE,65
2/16/2020 19:00,11,54,FALSE,65
2/16/2020 20:00,13,52,FALSE,65
2/16/2020 21:00,12,49,FALSE,61
2/16/2020 22:00,11,56,FALSE,67
2/16/2020 23:00,14,60,FALSE,74
2/17/2020 0:00,14,55,FALSE,69
2/17/2020 1:00,13,57,FALSE,70
2/17/2020 2:00,14,64,FALSE,78
2/17/2020 3:00,12,58,FALSE,70
2/17/2020 4:00,13,59,FALSE,72
2/17/2020 5:00,13,50,FALSE,63
2/17/2020 6:00,12,47,FALSE,59
2/17/2020 7:00,11,43,FALSE,54
2/17/2020 8:00,8,40,FALSE,48
2/17/2020 9:00,8,40,FALSE,48
2/17/2020 10:00,8,39,FALSE,47
2/17/2020 11:00,9,40,FALSE,49
2/17/2020 12:00,10,40,FALSE,50
2/17/2020 13:00,10,44,FALSE,54
2/17/2020 14:00,9,45,FALSE,54
2/17/2020 15:00,10,48,FALSE,58
2/17/2020 16:00,13,55,FALSE,68
2/17/2020 17:00,11,53,FALSE,64
2/17/2020 18:00,11,49,FALSE,60
2/17/2020 19:00,9,54,FALSE,63
2/17/2020 20:00,11,52,FALSE,63
2/17/2020 21:00,11,51,FALSE,62
2/17/2020 22:00,11,53,FALSE,64
2/17/2020 23:00,14,56,FALSE,70
2/18/2020 0:00,14,57,FALSE,71
2/18/2020 1:00,16,55,FALSE,71
2/18/2020 2:00,14,55,FALSE,69
2/18/2020 3:00,12,57,FALSE,69
2/18/2020 4:00,14,59,FALSE,73
2/18/2020 5:00,30,57,FALSE,87
2/18/2020 6:00,13,44,FALSE,57
2/18/2020 7:00,10,45,FALSE,55
2/18/2020 8:00,9,45,FALSE,54
2/18/2020 9:00,9,41,FALSE,50
2/18/2020 10:00,8,43,FALSE,51
2/18/2020 11:00,9,41,FALSE,50
2/18/2020 12:00,10,42,FALSE,52
2/18/2020 13:00,9,51,FALSE,60
2/18/2020 14:00,13,56,FALSE,69
2/18/2020 15:00,13,63,FALSE,76
2/18/2020 16:00,14,65,FALSE,79
2/18/2020 17:00,13,71,FALSE,84
2/18/2020 18:00,14,67,FALSE,81
2/18/2020 19:00,15,69,FALSE,84
2/18/2020 20:00,14,62,FALSE,76
2/18/2020 21:00,15,62,FALSE,77
2/18/2020 22:00,16,60,FALSE,76
2/18/2020 23:00,16,56,FALSE,72
2/19/2020 0:00,16,56,FALSE,72
2/19/2020 0:00,19,66,FALSE,85
2/19/2020 1:00,18,74,FALSE,92
2/19/2020 2:00,17,73,FALSE,90
2/19/2020 3:00,20,76,FALSE,96
2/19/2020 4:00,17,66,FALSE,83
2/19/2020 5:00,17,58,FALSE,75
2/19/2020 6:00,16,56,FALSE,72
2/19/2020 7:00,11,49,FALSE,60
2/19/2020 8:00,10,47,FALSE,57
2/19/2020 9:00,12,47,FALSE,59
2/19/2020 10:00,13,46,FALSE,59
2/19/2020 11:00,11,49,FALSE,60
2/19/2020 12:00,12,51,FALSE,63
2/19/2020 13:00,13,70,FALSE,83
2/19/2020 14:00,14,72,FALSE,86
2/19/2020 15:00,14,81,FALSE,95
2/19/2020 16:00,16,84,FALSE,100
2/19/2020 17:00,14,85,FALSE,99
2/19/2020 18:00,15,84,FALSE,99
2/19/2020 19:00,15,91,FALSE,106
2/19/2020 20:00,16,83,FALSE,99
2/19/2020 21:00,15,70,FALSE,85
2/19/2020 22:00,20,78,FALSE,98
2/19/2020 23:00,17,75,FALSE,92
2/20/2020 0:00,17,74,FALSE,91
2/20/2020 1:00,17,74,FALSE,91
2/20/2020 2:00,16,75,FALSE,91
2/20/2020 3:00,15,72,FALSE,87
2/20/2020 4:00,18,70,FALSE,88
2/20/2020 5:00,16,59,FALSE,75
2/20/2020 6:00,14,53,FALSE,67
2/20/2020 7:00,12,53,FALSE,65
2/20/2020 8:00,11,55,FALSE,66
2/20/2020 9:00,10,50,FALSE,60
2/20/2020 10:00,11,49,FALSE,60
2/20/2020 11:00,11,46,FALSE,57
2/20/2020 12:00,13,52,FALSE,65
2/20/2020 13:00,11,67,FALSE,78
2/20/2020 14:00,12,74,FALSE,86
2/20/2020 15:00,14,82,FALSE,96
2/20/2020 16:00,15,90,FALSE,105
2/20/2020 17:00,14,88,FALSE,102
2/20/2020 18:00,13,90,FALSE,103
2/20/2020 19:00,13,92,FALSE,105
2/20/2020 20:00,16,89,FALSE,105
2/20/2020 21:00,14,81,FALSE,95
2/20/2020 22:00,14,76,FALSE,90
2/20/2020 23:00,16,76,FALSE,92
2/21/2020 0:00,17,72,FALSE,89
2/21/2020 1:00,17,75,FALSE,92
2/21/2020 2:00,15,71,FALSE,86
2/21/2020 3:00,16,79,FALSE,95
2/21/2020 4:00,19,67,FALSE,86
2/21/2020 5:00,16,66,FALSE,82
2/21/2020 6:00,13,57,FALSE,70
2/21/2020 7:00,12,53,FALSE,65
2/21/2020 8:00,10,54,FALSE,64
2/21/2020 9:00,10,49,FALSE,59
2/21/2020 10:00,10,50,FALSE,60
2/21/2020 11:00,10,53,FALSE,63
2/21/2020 12:00,13,60,FALSE,73
2/21/2020 13:00,12,73,FALSE,85
2/21/2020 14:00,14,81,FALSE,95
2/21/2020 15:00,13,91,FALSE,104
2/21/2020 16:00,12,100,FALSE,112
2/21/2020 17:00,14,99,FALSE,113
2/21/2020 18:00,14,95,FALSE,109
2/21/2020 19:00,14,99,FALSE,113
2/21/2020 20:00,13,92,FALSE,105
2/21/2020 21:00,16,84,FALSE,100
2/21/2020 22:00,15,86,FALSE,101
2/21/2020 23:00,17,74,FALSE,91
2/22/2020 0:00,16,77,FALSE,93
2/22/2020 1:00,15,86,FALSE,101
2/22/2020 2:00,16,83,FALSE,99
2/22/2020 3:00,16,81,FALSE,97
2/22/2020 4:00,13,81,FALSE,94
2/22/2020 5:00,17,71,FALSE,88
2/22/2020 6:00,12,60,FALSE,72
2/22/2020 7:00,13,57,FALSE,70
2/22/2020 8:00,11,52,FALSE,63
2/22/2020 9:00,8,51,FALSE,59
2/22/2020 10:00,9,53,FALSE,62
2/22/2020 11:00,11,56,FALSE,67
2/22/2020 12:00,11,55,FALSE,66
2/22/2020 13:00,11,55,FALSE,66
2/22/2020 14:00,11,62,FALSE,73
2/22/2020 15:00,12,61,FALSE,73
2/22/2020 16:00,11,66,FALSE,77
2/22/2020 17:00,11,67,FALSE,78
2/22/2020 18:00,12,64,FALSE,76
2/22/2020 19:00,12,63,FALSE,75
2/22/2020 20:00,12,66,FALSE,78
2/22/2020 21:00,14,67,FALSE,81
2/22/2020 22:00,12,64,FALSE,76
2/22/2020 23:00,16,70,FALSE,86
2/23/2020 0:00,15,68,FALSE,83
2/23/2020 1:00,14,73,FALSE,87
2/23/2020 2:00,13,76,FALSE,89
2/23/2020 3:00,15,79,FALSE,94
2/23/2020 4:00,16,72,FALSE,88
2/23/2020 5:00,15,70,FALSE,85
2/23/2020 6:00,13,68,FALSE,81
2/23/2020 7:00,12,59,FALSE,71
2/23/2020 8:00,11,59,FALSE,70
2/23/2020 9:00,9,53,FALSE,62
2/23/2020 10:00,9,53,FALSE,62
2/23/2020 11:00,10,56,FALSE,66
2/23/2020 12:00,10,56,FALSE,66
2/23/2020 13:00,12,56,FALSE,68
2/23/2020 14:00,10,61,FALSE,71
2/23/2020 15:00,11,64,FALSE,75
2/23/2020 16:00,11,58,FALSE,69
2/23/2020 17:00,11,60,FALSE,71
2/23/2020 18:00,14,65,FALSE,79
2/23/2020 19:00,11,62,FALSE,73
2/23/2020 20:00,12,61,FALSE,73
2/23/2020 21:00,11,64,FALSE,75
2/23/2020 22:00,11,65,FALSE,76
2/23/2020 23:00,17,70,FALSE,87
2/24/2020 0:00,18,72,FALSE,90
2/24/2020 1:00,16,71,FALSE,87
2/24/2020 2:00,14,72,FALSE,86
2/24/2020 3:00,12,68,FALSE,80
2/24/2020 4:00,15,61,FALSE,76
2/24/2020 5:00,16,65,FALSE,81
2/24/2020 6:00,12,54,FALSE,66
2/24/2020 7:00,12,49,FALSE,61
2/24/2020 8:00,12,49,FALSE,61
2/24/2020 9:00,10,50,FALSE,60
2/24/2020 10:00,12,48,FALSE,60
2/24/2020 11:00,15,50,FALSE,65
2/24/2020 12:00,11,55,FALSE,66
2/24/2020 13:00,11,66,FALSE,77
2/24/2020 14:00,13,73,FALSE,86
2/24/2020 15:00,12,76,FALSE,88
2/24/2020 16:00,11,81,FALSE,92
2/24/2020 17:00,13,78,FALSE,91
2/24/2020 18:00,13,84,FALSE,97
2/24/2020 19:00,14,85,FALSE,99
2/24/2020 20:00,14,82,FALSE,96
2/24/2020 21:00,13,72,FALSE,85
2/24/2020 22:00,13,74,FALSE,87
2/24/2020 23:00,16,69,FALSE,85
2/25/2020 0:00,14,76,FALSE,90
2/25/2020 1:00,17,75,FALSE,92
2/25/2020 2:00,17,77,FALSE,94
2/25/2020 3:00,18,72,FALSE,90
2/25/2020 4:00,18,74,FALSE,92
2/25/2020 5:00,20,64,FALSE,84
2/25/2020 6:00,13,49,FALSE,62
2/25/2020 7:00,12,50,FALSE,62
2/25/2020 8:00,13,47,FALSE,60
2/25/2020 9:00,12,53,FALSE,65
2/25/2020 10:00,10,46,FALSE,56
2/25/2020 11:00,11,48,FALSE,59
2/25/2020 12:00,11,55,FALSE,66
2/25/2020 13:00,11,67,FALSE,78
2/25/2020 14:00,13,76,FALSE,89
2/25/2020 15:00,14,84,FALSE,98
2/25/2020 16:00,13,89,FALSE,102
2/25/2020 17:00,12,84,FALSE,96
2/25/2020 18:00,12,90,FALSE,102
2/25/2020 19:00,11,89,FALSE,100
2/25/2020 20:00,12,79,FALSE,91
2/25/2020 21:00,13,73,FALSE,86
2/25/2020 22:00,14,78,FALSE,92
2/25/2020 23:00,17,77,FALSE,94
2/26/2020 0:00,17,74,FALSE,91
2/26/2020 0:00,16,72,FALSE,88
2/26/2020 1:00,12,77,FALSE,89
2/26/2020 2:00,15,75,FALSE,90
2/26/2020 3:00,14,73,FALSE,87
2/26/2020 4:00,17,68,FALSE,85
2/26/2020 5:00,14,54,FALSE,68
2/26/2020 6:00,16,49,FALSE,65
2/26/2020 7:00,10,48,FALSE,58
2/26/2020 8:00,10,44,FALSE,54
2/26/2020 9:00,11,46,FALSE,57
2/26/2020 10:00,10,48,FALSE,58
2/26/2020 11:00,12,48,FALSE,60
2/26/2020 12:00,9,55,FALSE,64
2/26/2020 13:00,12,68,FALSE,80
2/26/2020 14:00,12,75,FALSE,87
2/26/2020 15:00,14,79,FALSE,93
2/26/2020 16:00,13,82,FALSE,95
2/26/2020 17:00,15,86,FALSE,101
2/26/2020 18:00,12,86,FALSE,98
2/26/2020 19:00,14,87,FALSE,101
2/26/2020 20:00,13,76,FALSE,89
2/26/2020 21:00,10,69,FALSE,79
2/26/2020 22:00,13,73,FALSE,86
2/26/2020 23:00,15,71,FALSE,86
2/27/2020 0:00,12,69,FALSE,81
2/27/2020 1:00,15,76,FALSE,91
2/27/2020 2:00,14,72,FALSE,86
2/27/2020 3:00,14,70,FALSE,84
2/27/2020 4:00,16,69,FALSE,85
2/27/2020 5:00,13,60,FALSE,73
2/27/2020 6:00,13,53,FALSE,66
2/27/2020 7:00,10,49,FALSE,59
2/27/2020 8:00,9,47,FALSE,56
2/27/2020 9:00,9,50,FALSE,59
2/27/2020 10:00,9,50,FALSE,59
2/27/2020 11:00,9,45,FALSE,54
2/27/2020 12:00,11,52,FALSE,63
2/27/2020 13:00,11,64,FALSE,75
2/27/2020 14:00,13,79,FALSE,92
2/27/2020 15:00,13,80,FALSE,93
2/27/2020 16:00,12,87,FALSE,99
2/27/2020 17:00,13,85,FALSE,98
2/27/2020 18:00,12,88,FALSE,100
2/27/2020 19:00,13,91,FALSE,104
2/27/2020 20:00,13,81,FALSE,94
2/27/2020 21:00,13,80,FALSE,93
2/27/2020 22:00,15,77,FALSE,92
2/27/2020 23:00,16,76,FALSE,92
2/28/2020 0:00,13,77,FALSE,90
2/28/2020 1:00,11,73,FALSE,84
2/28/2020 2:00,17,73,FALSE,90
2/28/2020 3:00,16,70,FALSE,86
2/28/2020 4:00,13,66,FALSE,79
2/28/2020 5:00,14,62,FALSE,76
2/28/2020 6:00,13,53,FALSE,66
2/28/2020 7:00,10,47,FALSE,57
2/28/2020 8:00,10,49,FALSE,59
2/28/2020 9:00,8,50,FALSE,58
2/28/2020 10:00,10,53,FALSE,63
2/28/2020 11:00,10,50,FALSE,60
2/28/2020 12:00,11,60,FALSE,71
2/28/2020 13:00,11,73,FALSE,84
2/28/2020 14:00,13,83,FALSE,96
2/28/2020 15:00,11,83,FALSE,94
2/28/2020 16:00,13,96,FALSE,109
2/28/2020 17:00,12,90,FALSE,102
2/28/2020 18:00,13,97,FALSE,110
2/28/2020 19:00,14,100,FALSE,114
2/28/2020 20:00,12,92,FALSE,104
2/28/2020 21:00,15,86,FALSE,101
2/28/2020 22:00,13,77,FALSE,90
2/28/2020 23:00,14,72,FALSE,86
2/29/2020 0:00,16,73,FALSE,89
2/29/2020 1:00,15,79,FALSE,94
2/29/2020 2:00,11,81,FALSE,92
2/29/2020 3:00,15,77,FALSE,92
2/29/2020 4:00,15,75,FALSE,90
2/29/2020 5:00,17,65,FALSE,82
2/29/2020 6:00,14,57,FALSE,71
2/29/2020 7:00,13,53,FALSE,66
2/29/2020 8:00,11,53,FALSE,64
2/29/2020 9:00,9,48,FALSE,57
2/29/2020 10:00,10,51,FALSE,61
2/29/2020 11:00,10,45,FALSE,55
2/29/2020 12:00,10,50,FALSE,60
2/29/2020 13:00,11,54,FALSE,65
2/29/2020 14:00,13,58,FALSE,71
2/29/2020 15:00,12,60,FALSE,72
2/29/2020 16:00,10,57,FALSE,67
2/29/2020 17:00,11,57,FALSE,68
2/29/2020 18:00,9,59,FALSE,68
2/29/2020 19:00,10,62,FALSE,72
2/29/2020 20:00,9,63,FALSE,72
2/29/2020 21:00,11,59,FALSE,70
2/29/2020 22:00,11,60,FALSE,71
2/29/2020 23:00,14,71,FALSE,85
3/1/2020 0:00,14,69,FALSE,83
3/1/2020 1:00,15,72,FALSE,87
3/1/2020 2:00,12,74,FALSE,86
3/1/2020 3:00,14,71,FALSE,85
3/1/2020 4:00,15,75,FALSE,90
3/1/2020 5:00,16,75,FALSE,91
3/1/2020 6:00,15,65,FALSE,80
3/1/2020 7:00,11,50,FALSE,61
3/1/2020 8:00,9,48,FALSE,57
3/1/2020 9:00,8,47,FALSE,55
3/1/2020 10:00,11,50,FALSE,61
3/1/2020 11:00,10,50,FALSE,60
3/1/2020 12:00,11,48,FALSE,59
3/1/2020 13:00,11,50,FALSE,61
3/1/2020 14:00,9,53,FALSE,62
3/1/2020 15:00,11,56,FALSE,67
3/1/2020 16:00,11,60,FALSE,71
3/1/2020 17:00,11,56,FALSE,67
3/1/2020 18:00,10,59,FALSE,69
3/1/2020 19:00,11,55,FALSE,66
3/1/2020 20:00,12,55,FALSE,67
3/1/2020 21:00,11,57,FALSE,68
3/1/2020 22:00,13,63,FALSE,76
3/1/2020 23:00,14,62,FALSE,76
3/2/2020 0:00,15,66,FALSE,81
3/2/2020 1:00,14,68,FALSE,82
3/2/2020 2:00,10,63,FALSE,73
3/2/2020 3:00,13,63,FALSE,76
3/2/2020 4:00,14,63,FALSE,77
3/2/2020 5:00,11,54,FALSE,65
3/2/2020 6:00,14,52,FALSE,66
3/2/2020 7:00,9,48,FALSE,57
3/2/2020 8:00,8,49,FALSE,57
3/2/2020 9:00,8,49,FALSE,57
3/2/2020 10:00,12,46,FALSE,58
3/2/2020 11:00,13,45,FALSE,58
3/2/2020 12:00,11,50,FALSE,61
3/2/2020 13:00,11,58,FALSE,69
3/2/2020 14:00,11,64,FALSE,75
3/2/2020 15:00,12,75,FALSE,87
3/2/2020 16:00,11,83,FALSE,94
3/2/2020 17:00,13,76,FALSE,89
3/2/2020 18:00,14,78,FALSE,92
3/2/2020 19:00,12,81,FALSE,93
3/2/2020 20:00,14,76,FALSE,90
3/2/2020 21:00,15,74,FALSE,89
3/2/2020 22:00,15,68,FALSE,83
3/2/2020 23:00,18,70,FALSE,88
3/3/2020 0:00,18,72,FALSE,90
3/3/2020 1:00,14,73,FALSE,87
3/3/2020 2:00,17,69,FALSE,86
3/3/2020 3:00,13,68,FALSE,81
3/3/2020 4:00,16,61,FALSE,77
3/3/2020 5:00,22,62,FALSE,84
3/3/2020 6:00,11,50,FALSE,61
3/3/2020 7:00,10,48,FALSE,58
3/3/2020 8:00,11,49,FALSE,60
3/3/2020 9:00,14,48,FALSE,62
3/3/2020 10:00,15,47,FALSE,62
3/3/2020 11:00,18,47,FALSE,65
3/3/2020 12:00,19,53,FALSE,72
3/3/2020 13:00,23,63,FALSE,86
3/3/2020 14:00,23,72,FALSE,95
3/3/2020 15:00,27,77,FALSE,104
3/3/2020 16:00,27,81,FALSE,108
3/3/2020 17:00,28,80,FALSE,108
3/3/2020 18:00,27,88,FALSE,115
3/3/2020 19:00,30,82,FALSE,112
3/3/2020 20:00,35,79,FALSE,114
3/3/2020 21:00,40,80,FALSE,120
3/3/2020 22:00,41,73,FALSE,114
3/3/2020 23:00,41,71,FALSE,112
3/4/2020 0:00,36,75,FALSE,111
3/4/2020 0:00,36,75,FALSE,111
3/4/2020 1:00,27,70,FALSE,97
3/4/2020 2:00,28,76,FALSE,104
3/4/2020 3:00,34,65,FALSE,99
3/4/2020 4:00,29,64,FALSE,93
3/4/2020 5:00,33,56,FALSE,89
3/4/2020 6:00,32,55,FALSE,87
3/4/2020 7:00,26,53,FALSE,79
3/4/2020 8:00,23,52,FALSE,75
3/4/2020 9:00,24,49,FALSE,73
3/4/2020 10:00,25,45,FALSE,70
3/4/2020 11:00,26,49,FALSE,75
3/4/2020 12:00,24,56,FALSE,80
3/4/2020 13:00,23,68,FALSE,91
3/4/2020 14:00,26,74,FALSE,100
3/4/2020 15:00,26,78,FALSE,104
3/4/2020 16:00,26,86,FALSE,112
3/4/2020 17:00,25,85,FALSE,110
3/4/2020 18:00,24,88,FALSE,112
3/4/2020 19:00,24,89,FALSE,113
3/4/2020 20:00,25,74,FALSE,99
3/4/2020 21:00,24,70,FALSE,94
3/4/2020 22:00,24,75,FALSE,99
3/4/2020 23:00,25,72,FALSE,97
3/5/2020 0:00,26,74,FALSE,100
3/5/2020 1:00,26,78,FALSE,104
3/5/2020 2:00,27,77,FALSE,104
3/5/2020 3:00,27,73,FALSE,100
3/5/2020 4:00,26,65,FALSE,91
3/5/2020 5:00,23,57,FALSE,80
3/5/2020 6:00,21,53,FALSE,74
3/5/2020 7:00,18,49,FALSE,67
3/5/2020 8:00,15,47,FALSE,62
3/5/2020 9:00,13,49,FALSE,62
3/5/2020 10:00,15,45,FALSE,60
3/5/2020 11:00,16,49,FALSE,65
3/5/2020 12:00,17,56,FALSE,73
3/5/2020 13:00,14,66,FALSE,80
3/5/2020 14:00,16,79,FALSE,95
3/5/2020 15:00,18,85,FALSE,103
3/5/2020 16:00,19,81,FALSE,100
3/5/2020 17:00,18,85,FALSE,103
3/5/2020 18:00,19,84,FALSE,103
3/5/2020 19:00,18,88,FALSE,106
3/5/2020 20:00,19,85,FALSE,104
3/5/2020 21:00,17,75,FALSE,92
3/5/2020 22:00,18,76,FALSE,94
3/5/2020 23:00,22,75,FALSE,97
3/6/2020 0:00,21,71,FALSE,92
3/6/2020 1:00,17,75,FALSE,92
3/6/2020 2:00,18,78,FALSE,96
3/6/2020 3:00,21,79,FALSE,100
3/6/2020 4:00,17,64,FALSE,81
3/6/2020 5:00,16,55,FALSE,71
3/6/2020 6:00,15,50,FALSE,65
3/6/2020 7:00,13,46,FALSE,59
3/6/2020 8:00,10,51,FALSE,61
3/6/2020 9:00,11,49,FALSE,60
3/6/2020 10:00,11,50,FALSE,61
3/6/2020 11:00,13,50,FALSE,63
3/6/2020 12:00,14,54,FALSE,68
3/6/2020 13:00,13,70,FALSE,83
3/6/2020 14:00,13,81,FALSE,94
3/6/2020 15:00,14,82,FALSE,96
3/6/2020 16:00,12,91,FALSE,103
3/6/2020 17:00,17,89,FALSE,106
3/6/2020 18:00,14,96,FALSE,110
3/6/2020 19:00,14,100,FALSE,114
3/6/2020 20:00,14,88,FALSE,102
3/6/2020 21:00,14,79,FALSE,93
3/6/2020 22:00,16,74,FALSE,90
3/6/2020 23:00,19,77,FALSE,96
3/7/2020 0:00,17,69,FALSE,86
3/7/2020 1:00,15,82,FALSE,97
3/7/2020 2:00,18,78,FALSE,96
3/7/2020 3:00,16,75,FALSE,91
3/7/2020 4:00,15,73,FALSE,88
3/7/2020 5:00,16,66,FALSE,82
3/7/2020 6:00,14,60,FALSE,74
3/7/2020 7:00,18,52,FALSE,70
3/7/2020 8:00,10,47,FALSE,57
3/7/2020 9:00,11,50,FALSE,61
3/7/2020 10:00,9,47,FALSE,56
3/7/2020 11:00,12,49,FALSE,61
3/7/2020 12:00,11,48,FALSE,59
3/7/2020 13:00,11,49,FALSE,60
3/7/2020 14:00,14,52,FALSE,66
3/7/2020 15:00,12,56,FALSE,68
3/7/2020 16:00,14,58,FALSE,72
3/7/2020 17:00,13,61,FALSE,74
3/7/2020 18:00,13,62,FALSE,75
3/7/2020 19:00,14,65,FALSE,79
3/7/2020 20:00,12,63,FALSE,75
3/7/2020 21:00,15,60,FALSE,75
3/7/2020 22:00,16,59,FALSE,75
3/7/2020 23:00,17,68,FALSE,85
3/8/2020 0:00,16,71,FALSE,87
3/8/2020 1:00,16,71,FALSE,87
3/8/2020 2:00,16,80,FALSE,96
3/8/2020 3:00,15,73,FALSE,88
3/8/2020 4:00,17,70,FALSE,87
3/8/2020 5:00,16,64,FALSE,80
3/8/2020 6:00,15,55,FALSE,70
3/8/2020 7:00,14,51,FALSE,65
3/8/2020 8:00,13,45,FALSE,58
3/8/2020 9:00,12,48,FALSE,60
3/8/2020 10:00,12,49,FALSE,61
3/8/2020 11:00,12,47,FALSE,59
3/8/2020 12:00,12,50,FALSE,62
3/8/2020 13:00,10,48,FALSE,58
3/8/2020 14:00,11,52,FALSE,63
3/8/2020 15:00,12,57,FALSE,69
3/8/2020 16:00,12,57,FALSE,69
3/8/2020 17:00,11,58,FALSE,69
3/8/2020 18:00,12,55,FALSE,67
3/8/2020 19:00,14,59,FALSE,73
3/8/2020 20:00,12,53,FALSE,65
3/8/2020 21:00,11,53,FALSE,64
3/8/2020 22:00,14,55,FALSE,69
3/8/2020 23:00,18,71,FALSE,89
3/9/2020 0:00,16,70,FALSE,86
3/9/2020 1:00,13,70,FALSE,83
3/9/2020 2:00,17,65,FALSE,82
3/9/2020 3:00,19,66,FALSE,85
3/9/2020 4:00,17,62,FALSE,79
3/9/2020 5:00,20,63,FALSE,83
3/9/2020 6:00,17,50,FALSE,67
3/9/2020 7:00,15,49,FALSE,64
3/9/2020 8:00,14,48,FALSE,62
3/9/2020 9:00,13,47,FALSE,60
3/9/2020 10:00,12,46,FALSE,58
3/9/2020 11:00,13,51,FALSE,64
3/9/2020 12:00,14,56,FALSE,70
3/9/2020 13:00,13,63,FALSE,76
3/9/2020 14:00,16,69,FALSE,85
3/9/2020 15:00,15,73,FALSE,88
3/9/2020 16:00,15,75,FALSE,90
3/9/2020 17:00,15,84,FALSE,99
3/9/2020 18:00,14,80,FALSE,94
3/9/2020 19:00,15,67,FALSE,82
3/9/2020 20:00,15,62,FALSE,77
3/9/2020 21:00,14,62,FALSE,76
3/9/2020 22:00,16,63,FALSE,79
3/9/2020 23:00,21,65,FALSE,86
3/10/2020 0:00,17,64,FALSE,81
3/10/2020 1:00,20,64,FALSE,84
3/10/2020 2:00,17,66,FALSE,83
3/10/2020 3:00,16,66,FALSE,82
3/10/2020 4:00,18,57,FALSE,75
3/10/2020 5:00,23,55,FALSE,78
3/10/2020 6:00,16,47,FALSE,63
3/10/2020 7:00,15,47,FALSE,62
3/10/2020 8:00,11,45,FALSE,56
3/10/2020 9:00,13,50,FALSE,63
3/10/2020 10:00,17,47,FALSE,64
3/10/2020 11:00,19,53,FALSE,72
3/10/2020 12:00,20,63,FALSE,83
3/10/2020 13:00,14,67,FALSE,81
3/10/2020 14:00,17,72,FALSE,89
3/10/2020 15:00,14,81,FALSE,95
3/10/2020 16:00,17,73,FALSE,90
3/10/2020 17:00,15,84,FALSE,99
3/10/2020 18:00,18,87,FALSE,105
3/10/2020 19:00,18,75,FALSE,93
3/10/2020 20:00,17,72,FALSE,89
3/10/2020 21:00,19,66,FALSE,85
3/10/2020 22:00,18,68,FALSE,86
3/10/2020 23:00,19,70,FALSE,89
3/11/2020 0:00,19,67,FALSE,86
3/11/2020 0:00,21,74,FALSE,95
3/11/2020 1:00,18,78,FALSE,96
3/11/2020 2:00,20,74,FALSE,94
3/11/2020 3:00,17,78,FALSE,95
3/11/2020 4:00,20,78,FALSE,98
3/11/2020 5:00,20,61,FALSE,81
3/11/2020 6:00,18,54,FALSE,72
3/11/2020 7:00,14,57,FALSE,71
3/11/2020 8:00,13,53,FALSE,66
3/11/2020 9:00,14,47,FALSE,61
3/11/2020 10:00,13,50,FALSE,63
3/11/2020 11:00,12,62,FALSE,74
3/11/2020 12:00,15,69,FALSE,84
3/11/2020 13:00,14,79,FALSE,93
3/11/2020 14:00,14,81,FALSE,95
3/11/2020 15:00,14,82,FALSE,96
3/11/2020 16:00,16,84,FALSE,100
3/11/2020 17:00,16,100,FALSE,116
3/11/2020 18:00,17,92,FALSE,109
3/11/2020 19:00,14,79,FALSE,93
3/11/2020 20:00,14,74,FALSE,88
3/11/2020 21:00,16,72,FALSE,88
3/11/2020 22:00,18,69,FALSE,87
3/11/2020 23:00,19,76,FALSE,95
3/12/2020 0:00,17,71,FALSE,88
3/12/2020 1:00,17,73,FALSE,90
3/12/2020 2:00,15,67,FALSE,82
3/12/2020 3:00,16,70,FALSE,86
3/12/2020 4:00,20,65,FALSE,85
3/12/2020 5:00,17,55,FALSE,72
3/12/2020 6:00,15,53,FALSE,68
3/12/2020 7:00,12,49,FALSE,61
3/12/2020 8:00,15,49,FALSE,64
3/12/2020 9:00,11,47,FALSE,58
3/12/2020 10:00,14,52,FALSE,66
3/12/2020 11:00,18,59,FALSE,77
3/12/2020 12:00,18,72,FALSE,90
3/12/2020 13:00,21,79,FALSE,100
3/12/2020 14:00,22,83,FALSE,105
3/12/2020 15:00,21,89,FALSE,110
3/12/2020 16:00,22,93,FALSE,115
3/12/2020 17:00,21,99,FALSE,120
3/12/2020 18:00,20,95,FALSE,115
3/12/2020 19:00,20,89,FALSE,109
3/12/2020 20:00,21,81,FALSE,102
3/12/2020 21:00,21,81,FALSE,102
3/12/2020 22:00,22,68,FALSE,90
3/12/2020 23:00,33,76,FALSE,109
3/13/2020 0:00,31,80,FALSE,111
3/13/2020 1:00,32,82,FALSE,114
3/13/2020 2:00,38,88,FALSE,126
3/13/2020 3:00,30,78,FALSE,108
3/13/2020 4:00,30,73,FALSE,103
3/13/2020 5:00,24,62,FALSE,86
3/13/2020 6:00,24,58,FALSE,82
3/13/2020 7:00,19,49,FALSE,68
3/13/2020 8:00,15,53,FALSE,68
3/13/2020 9:00,15,52,FALSE,67
3/13/2020 10:00,17,54,FALSE,71
3/13/2020 11:00,16,62,FALSE,78
3/13/2020 12:00,18,73,FALSE,91
3/13/2020 13:00,20,83,FALSE,103
3/13/2020 14:00,20,89,FALSE,109
3/13/2020 15:00,20,86,FALSE,106
3/13/2020 16:00,18,90,FALSE,108
3/13/2020 17:00,19,94,FALSE,113
3/13/2020 18:00,18,92,FALSE,110
3/13/2020 19:00,19,81,FALSE,100
3/13/2020 20:00,22,83,FALSE,105
3/13/2020 21:00,22,82,FALSE,104
3/13/2020 22:00,21,77,FALSE,98
3/13/2020 23:00,29,79,FALSE,108
3/14/2020 0:00,21,86,FALSE,107
3/14/2020 1:00,23,81,FALSE,104
3/14/2020 2:00,20,81,FALSE,101
3/14/2020 3:00,24,89,FALSE,113
3/14/2020 4:00,21,79,FALSE,100
3/14/2020 5:00,19,71,FALSE,90
3/14/2020 6:00,19,59,FALSE,78
3/14/2020 7:00,18,48,FALSE,66
3/14/2020 8:00,15,52,FALSE,67
3/14/2020 9:00,14,51,FALSE,65
3/14/2020 10:00,12,52,FALSE,64
3/14/2020 11:00,14,49,FALSE,63
3/14/2020 12:00,13,58,FALSE,71
3/14/2020 13:00,17,56,FALSE,73
3/14/2020 14:00,17,72,FALSE,89
3/14/2020 15:00,17,67,FALSE,84
3/14/2020 16:00,15,70,FALSE,85
3/14/2020 17:00,16,65,FALSE,81
3/14/2020 18:00,18,63,FALSE,81
3/14/2020 19:00,16,66,FALSE,82
3/14/2020 20:00,15,70,FALSE,85
3/14/2020 21:00,16,66,FALSE,82
3/14/2020 22:00,14,69,FALSE,83
3/14/2020 23:00,22,71,FALSE,93
3/15/2020 0:00,17,79,FALSE,96
3/15/2020 1:00,17,80,FALSE,97
3/15/2020 2:00,17,76,FALSE,93
3/15/2020 3:00,19,80,FALSE,99
3/15/2020 4:00,22,84,FALSE,106
3/15/2020 5:00,17,73,FALSE,90
3/15/2020 6:00,20,66,FALSE,86
3/15/2020 7:00,14,55,FALSE,69
3/15/2020 8:00,14,54,FALSE,68
3/15/2020 9:00,13,52,FALSE,65
3/15/2020 10:00,13,54,FALSE,67
3/15/2020 11:00,14,55,FALSE,69
3/15/2020 12:00,14,52,FALSE,66
3/15/2020 13:00,14,54,FALSE,68
3/15/2020 14:00,14,56,FALSE,70
3/15/2020 15:00,14,65,FALSE,79
3/15/2020 16:00,14,61,FALSE,75
3/15/2020 17:00,13,66,FALSE,79
3/15/2020 18:00,15,59,FALSE,74
3/15/2020 19:00,17,54,FALSE,71
3/15/2020 20:00,15,61,FALSE,76
3/15/2020 21:00,16,62,FALSE,78
3/15/2020 22:00,17,68,FALSE,85
3/15/2020 23:00,19,70,FALSE,89
3/16/2020 0:00,18,71,FALSE,89
3/16/2020 1:00,18,78,FALSE,96
3/16/2020 2:00,18,80,FALSE,98
3/16/2020 3:00,18,71,FALSE,89
3/16/2020 4:00,17,74,FALSE,91
3/16/2020 5:00,16,59,FALSE,75
3/16/2020 6:00,15,51,FALSE,66
3/16/2020 7:00,12,53,FALSE,65
3/16/2020 8:00,13,46,FALSE,59
3/16/2020 9:00,12,46,FALSE,58
3/16/2020 10:00,13,44,FALSE,57
3/16/2020 11:00,15,48,FALSE,63
3/16/2020 12:00,11,49,FALSE,60
3/16/2020 13:00,15,56,FALSE,71
3/16/2020 14:00,16,57,FALSE,73
3/16/2020 15:00,17,58,FALSE,75
3/16/2020 16:00,16,61,FALSE,77
3/16/2020 17:00,17,63,FALSE,80
3/16/2020 18:00,16,64,FALSE,80
3/16/2020 19:00,16,59,FALSE,75
3/16/2020 20:00,18,57,FALSE,75
3/16/2020 21:00,16,57,FALSE,73
3/16/2020 22:00,17,70,FALSE,87
3/16/2020 23:00,20,69,FALSE,89
3/17/2020 0:00,21,68,FALSE,89
3/17/2020 1:00,19,73,FALSE,92
3/17/2020 2:00,21,77,FALSE,98
3/17/2020 3:00,21,70,FALSE,91
3/17/2020 4:00,22,77,FALSE,99
3/17/2020 5:00,27,65,FALSE,92
3/17/2020 6:00,15,57,FALSE,72
3/17/2020 7:00,14,49,FALSE,63
3/17/2020 8:00,10,47,FALSE,57
3/17/2020 9:00,11,49,FALSE,60
3/17/2020 10:00,13,46,FALSE,59
3/17/2020 11:00,13,47,FALSE,60
3/17/2020 12:00,13,47,FALSE,60
3/17/2020 13:00,11,53,FALSE,64
3/17/2020 14:00,14,58,FALSE,72
3/17/2020 15:00,14,62,FALSE,76
3/17/2020 16:00,14,62,FALSE,76
3/17/2020 17:00,16,62,FALSE,78
3/17/2020 18:00,13,60,FALSE,73
3/17/2020 19:00,15,60,FALSE,75
3/17/2020 20:00,14,54,FALSE,68
3/17/2020 21:00,14,62,FALSE,76
3/17/2020 22:00,14,66,FALSE,80
3/17/2020 23:00,20,66,FALSE,86
3/18/2020 0:00,19,69,FALSE,88
3/18/2020 0:00,12,47,FALSE,59
3/18/2020 1:00,11,51,FALSE,62
3/18/2020 2:00,12,49,FALSE,61
3/18/2020 3:00,14,53,FALSE,67
3/18/2020 4:00,14,51,FALSE,65
3/18/2020 5:00,12,40,FALSE,52
3/18/2020 6:00,9,39,FALSE,48
3/18/2020 7:00,6,34,FALSE,40
3/18/2020 8:00,8,33,FALSE,41
3/18/2020 9:00,6,35,FALSE,41
3/18/2020 10:00,6,35,FALSE,41
3/18/2020 11:00,8,32,FALSE,40
3/18/2020 12:00,9,32,FALSE,41
3/18/2020 13:00,10,37,FALSE,47
3/18/2020 14:00,9,39,FALSE,48
3/18/2020 15:00,9,41,FALSE,50
3/18/2020 16:00,9,39,FALSE,48
3/18/2020 17:00,8,41,FALSE,49
3/18/2020 18:00,11,40,FALSE,51
3/18/2020 19:00,11,42,FALSE,53
3/18/2020 20:00,11,42,FALSE,53
3/18/2020 21:00,10,42,FALSE,52
3/18/2020 22:00,10,48,FALSE,58
3/18/2020 23:00,11,48,FALSE,59
3/19/2020 0:00,13,53,FALSE,66
3/19/2020 1:00,11,54,FALSE,65
3/19/2020 2:00,13,52,FALSE,65
3/19/2020 3:00,13,53,FALSE,66
3/19/2020 4:00,13,52,FALSE,65
3/19/2020 5:00,11,40,FALSE,51
3/19/2020 6:00,10,39,FALSE,49
3/19/2020 7:00,9,34,FALSE,43
3/19/2020 8:00,8,36,FALSE,44
3/19/2020 9:00,8,34,FALSE,42
3/19/2020 10:00,9,34,FALSE,43
3/19/2020 11:00,9,34,FALSE,43
3/19/2020 12:00,10,31,FALSE,41
3/19/2020 13:00,10,38,FALSE,48
3/19/2020 14:00,9,40,FALSE,49
3/19/2020 15:00,9,45,FALSE,54
3/19/2020 16:00,13,42,FALSE,55
3/19/2020 17:00,14,43,FALSE,57
3/19/2020 18:00,13,43,FALSE,56
3/19/2020 19:00,12,44,FALSE,56
3/19/2020 20:00,11,42,FALSE,53
3/19/2020 21:00,12,44,FALSE,56
3/19/2020 22:00,13,44,FALSE,57
3/19/2020 23:00,15,50,FALSE,65
3/20/2020 0:00,13,50,FALSE,63
3/20/2020 1:00,13,49,FALSE,62
3/20/2020 2:00,15,50,FALSE,65
3/20/2020 3:00,14,52,FALSE,66
3/20/2020 4:00,13,51,FALSE,64
3/20/2020 5:00,12,49,FALSE,61
3/20/2020 6:00,10,39,FALSE,49
3/20/2020 7:00,9,36,FALSE,45
3/20/2020 8:00,10,38,FALSE,48
3/20/2020 9:00,9,36,FALSE,45
3/20/2020 10:00,9,34,FALSE,43
3/20/2020 11:00,9,39,FALSE,48
3/20/2020 12:00,9,35,FALSE,44
3/20/2020 13:00,10,39,FALSE,49
3/20/2020 14:00,12,40,FALSE,52
3/20/2020 15:00,11,39,FALSE,50
3/20/2020 16:00,10,41,FALSE,51
3/20/2020 17:00,11,39,FALSE,50
3/20/2020 18:00,9,39,FALSE,48
3/20/2020 19:00,11,38,FALSE,49
3/20/2020 20:00,10,39,FALSE,49
3/20/2020 21:00,11,41,FALSE,52
3/20/2020 22:00,10,45,FALSE,55
3/20/2020 23:00,12,44,FALSE,56
3/21/2020 0:00,11,48,FALSE,59
3/21/2020 1:00,13,51,FALSE,64
3/21/2020 2:00,13,52,FALSE,65
3/21/2020 3:00,13,57,FALSE,70
3/21/2020 4:00,11,51,FALSE,62
3/21/2020 5:00,9,49,FALSE,58
3/21/2020 6:00,10,42,FALSE,52
3/21/2020 7:00,10,36,FALSE,46
3/21/2020 8:00,7,37,FALSE,44
3/21/2020 9:00,8,35,FALSE,43
3/21/2020 10:00,9,35,FALSE,44
3/21/2020 11:00,8,100,FALSE,108
3/21/2020 12:00,7,40,FALSE,47
3/21/2020 13:00,8,34,FALSE,42
3/21/2020 14:00,10,39,FALSE,49
3/21/2020 15:00,11,40,FALSE,51
3/21/2020 16:00,9,41,FALSE,50
3/21/2020 17:00,9,43,FALSE,52
3/21/2020 18:00,8,45,FALSE,53
3/21/2020 19:00,8,43,FALSE,51
3/21/2020 20:00,10,39,FALSE,49
3/21/2020 21:00,8,42,FALSE,50
3/21/2020 22:00,9,42,FALSE,51
3/21/2020 23:00,12,46,FALSE,58
3/22/2020 0:00,12,56,FALSE,68
3/22/2020 1:00,11,59,FALSE,70
3/22/2020 2:00,11,53,FALSE,64
3/22/2020 3:00,11,51,FALSE,62
3/22/2020 4:00,10,52,FALSE,62
3/22/2020 5:00,14,48,FALSE,62
3/22/2020 6:00,10,46,FALSE,56
3/22/2020 7:00,9,42,FALSE,51
3/22/2020 8:00,8,35,FALSE,43
3/22/2020 9:00,8,35,FALSE,43
3/22/2020 10:00,7,37,FALSE,44
3/22/2020 11:00,8,36,FALSE,44
3/22/2020 12:00,8,35,FALSE,43
3/22/2020 13:00,10,34,FALSE,44
3/22/2020 14:00,8,37,FALSE,45
3/22/2020 15:00,9,40,FALSE,49
3/22/2020 16:00,9,41,FALSE,50
3/22/2020 17:00,8,37,FALSE,45
3/22/2020 18:00,8,39,FALSE,47
3/22/2020 19:00,8,40,FALSE,48
3/22/2020 20:00,8,41,FALSE,49
3/22/2020 21:00,9,41,FALSE,50
3/22/2020 22:00,8,44,FALSE,52
3/22/2020 23:00,11,48,FALSE,59
3/23/2020 0:00,10,47,FALSE,57
3/23/2020 1:00,10,51,FALSE,61
3/23/2020 2:00,11,53,FALSE,64
3/23/2020 3:00,10,53,FALSE,63
3/23/2020 4:00,11,54,FALSE,65
3/23/2020 5:00,10,43,FALSE,53
3/23/2020 6:00,9,41,FALSE,50
3/23/2020 7:00,8,36,FALSE,44
3/23/2020 8:00,7,36,FALSE,43
3/23/2020 9:00,6,33,FALSE,39
3/23/2020 10:00,6,31,FALSE,37
3/23/2020 11:00,7,30,FALSE,37
3/23/2020 12:00,7,33,FALSE,40
3/23/2020 13:00,8,33,FALSE,41
3/23/2020 14:00,9,38,FALSE,47
3/23/2020 15:00,10,41,FALSE,51
3/23/2020 16:00,10,40,FALSE,50
3/23/2020 17:00,10,40,FALSE,50
3/23/2020 18:00,9,40,FALSE,49
3/23/2020 19:00,9,38,FALSE,47
3/23/2020 20:00,10,37,FALSE,47
3/23/2020 21:00,10,41,FALSE,51
3/23/2020 22:00,11,45,FALSE,56
3/23/2020 23:00,12,47,FALSE,59
3/24/2020 0:00,13,48,FALSE,61
3/24/2020 1:00,13,46,FALSE,59
3/24/2020 2:00,13,50,FALSE,63
3/24/2020 3:00,12,50,FALSE,62
3/24/2020 4:00,12,53,FALSE,65
3/24/2020 5:00,15,51,FALSE,66
3/24/2020 6:00,10,40,FALSE,50
3/24/2020 7:00,8,36,FALSE,44
3/24/2020 8:00,7,34,FALSE,41
3/24/2020 9:00,8,38,FALSE,46
3/24/2020 10:00,7,32,FALSE,39
3/24/2020 11:00,9,31,FALSE,40
3/24/2020 12:00,7,31,FALSE,38
3/24/2020 13:00,9,34,FALSE,43
3/24/2020 14:00,11,37,FALSE,48
3/24/2020 15:00,12,42,FALSE,54
3/24/2020 16:00,9,39,FALSE,48
3/24/2020 17:00,10,45,FALSE,55
3/24/2020 18:00,11,43,FALSE,54
3/24/2020 19:00,10,39,FALSE,49
3/24/2020 20:00,12,43,FALSE,55
3/24/2020 21:00,10,44,FALSE,54
3/24/2020 22:00,12,45,FALSE,57
3/24/2020 23:00,14,49,FALSE,63
3/25/2020 0:00,12,50,FALSE,62
3/25/2020 0:00,9,37,FALSE,46
3/25/2020 1:00,9,36,FALSE,45
3/25/2020 2:00,8,38,FALSE,46
3/25/2020 3:00,10,37,FALSE,47
3/25/2020 4:00,9,38,FALSE,47
3/25/2020 5:00,9,34,FALSE,43
3/25/2020 6:00,8,30,FALSE,38
3/25/2020 7:00,7,27,FALSE,34
3/25/2020 8:00,6,26,FALSE,32
3/25/2020 9:00,6,27,FALSE,33
3/25/2020 10:00,6,25,FALSE,31
3/25/2020 11:00,6,25,FALSE,31
3/25/2020 12:00,6,24,FALSE,30
3/25/2020 13:00,6,25,FALSE,31
3/25/2020 14:00,6,27,FALSE,33
3/25/2020 15:00,7,28,FALSE,35
3/25/2020 16:00,7,30,FALSE,37
3/25/2020 17:00,7,30,FALSE,37
3/25/2020 18:00,8,29,FALSE,37
3/25/2020 19:00,8,29,FALSE,37
3/25/2020 20:00,7,37,FALSE,44
3/25/2020 21:00,6,100,FALSE,106
3/25/2020 22:00,8,40,FALSE,48
3/25/2020 23:00,7,36,FALSE,43
3/26/2020 0:00,8,35,FALSE,43
3/26/2020 1:00,10,34,FALSE,44
3/26/2020 2:00,9,39,FALSE,48
3/26/2020 3:00,9,37,FALSE,46
3/26/2020 4:00,10,34,FALSE,44
3/26/2020 5:00,10,32,FALSE,42
3/26/2020 6:00,8,25,FALSE,33
3/26/2020 7:00,6,25,FALSE,31
3/26/2020 8:00,6,26,FALSE,32
3/26/2020 9:00,5,26,FALSE,31
3/26/2020 10:00,6,24,FALSE,30
3/26/2020 11:00,6,23,FALSE,29
3/26/2020 12:00,6,25,FALSE,31
3/26/2020 13:00,7,27,FALSE,34
3/26/2020 14:00,7,29,FALSE,36
3/26/2020 15:00,7,29,FALSE,36
3/26/2020 16:00,8,29,FALSE,37
3/26/2020 17:00,8,33,FALSE,41
3/26/2020 18:00,8,30,FALSE,38
3/26/2020 19:00,8,29,FALSE,37
3/26/2020 20:00,8,29,FALSE,37
3/26/2020 21:00,8,32,FALSE,40
3/26/2020 22:00,9,31,FALSE,40
3/26/2020 23:00,10,33,FALSE,43
3/27/2020 0:00,10,37,FALSE,47
3/27/2020 1:00,10,34,FALSE,44
3/27/2020 2:00,11,37,FALSE,48
3/27/2020 3:00,8,37,FALSE,45
3/27/2020 4:00,9,36,FALSE,45
3/27/2020 5:00,8,33,FALSE,41
3/27/2020 6:00,7,28,FALSE,35
3/27/2020 7:00,5,27,FALSE,32
3/27/2020 8:00,6,26,FALSE,32
3/27/2020 9:00,5,24,FALSE,29
3/27/2020 10:00,6,25,FALSE,31
3/27/2020 11:00,5,26,FALSE,31
3/27/2020 12:00,5,25,FALSE,30
3/27/2020 13:00,7,26,FALSE,33
3/27/2020 14:00,7,28,FALSE,35
3/27/2020 15:00,7,30,FALSE,37
3/27/2020 16:00,6,31,FALSE,37
3/27/2020 17:00,7,29,FALSE,36
3/27/2020 18:00,6,31,FALSE,37
3/27/2020 19:00,7,31,FALSE,38
3/27/2020 20:00,7,30,FALSE,37
3/27/2020 21:00,7,26,FALSE,33
3/27/2020 22:00,7,34,FALSE,41
3/27/2020 23:00,8,34,FALSE,42
3/28/2020 0:00,11,30,FALSE,41
3/28/2020 1:00,9,38,FALSE,47
3/28/2020 2:00,9,35,FALSE,44
3/28/2020 3:00,9,35,FALSE,44
3/28/2020 4:00,9,37,FALSE,46
3/28/2020 5:00,8,34,FALSE,42
3/28/2020 6:00,7,31,FALSE,38
3/28/2020 7:00,7,27,FALSE,34
3/28/2020 8:00,6,27,FALSE,33
3/28/2020 9:00,7,23,FALSE,30
3/28/2020 10:00,6,25,FALSE,31
3/28/2020 11:00,7,24,FALSE,31
3/28/2020 12:00,6,25,FALSE,31
3/28/2020 13:00,6,24,FALSE,30
3/28/2020 14:00,7,26,FALSE,33
3/28/2020 15:00,7,26,FALSE,33
3/28/2020 16:00,7,32,FALSE,39
3/28/2020 17:00,7,29,FALSE,36
3/28/2020 18:00,6,30,FALSE,36
3/28/2020 19:00,7,30,FALSE,37
3/28/2020 20:00,7,31,FALSE,38
3/28/2020 21:00,7,32,FALSE,39
3/28/2020 22:00,7,35,FALSE,42
3/28/2020 23:00,9,35,FALSE,44
3/29/2020 0:00,8,32,FALSE,40
3/29/2020 1:00,9,36,FALSE,45
3/29/2020 2:00,8,41,FALSE,49
3/29/2020 3:00,9,44,FALSE,53
3/29/2020 4:00,8,39,FALSE,47
3/29/2020 5:00,9,35,FALSE,44
3/29/2020 6:00,7,27,FALSE,34
3/29/2020 7:00,6,28,FALSE,34
3/29/2020 8:00,7,29,FALSE,36
3/29/2020 9:00,5,25,FALSE,30
3/29/2020 10:00,7,24,FALSE,31
3/29/2020 11:00,6,23,FALSE,29
3/29/2020 12:00,6,25,FALSE,31
3/29/2020 13:00,7,26,FALSE,33
3/29/2020 14:00,6,26,FALSE,32
3/29/2020 15:00,7,28,FALSE,35
3/29/2020 16:00,6,27,FALSE,33
3/29/2020 17:00,5,28,FALSE,33
3/29/2020 18:00,5,29,FALSE,34
3/29/2020 19:00,6,31,FALSE,37
3/29/2020 20:00,6,30,FALSE,36
3/29/2020 21:00,7,29,FALSE,36
3/29/2020 22:00,7,31,FALSE,38
3/29/2020 23:00,9,34,FALSE,43
3/30/2020 0:00,8,33,FALSE,41
3/30/2020 1:00,7,35,FALSE,42
3/30/2020 2:00,8,36,FALSE,44
3/30/2020 3:00,9,33,FALSE,42
3/30/2020 4:00,7,33,FALSE,40
3/30/2020 5:00,8,32,FALSE,40
3/30/2020 6:00,6,28,FALSE,34
3/30/2020 7:00,6,25,FALSE,31
3/30/2020 8:00,6,25,FALSE,31
3/30/2020 9:00,5,25,FALSE,30
3/30/2020 10:00,6,24,FALSE,30
3/30/2020 11:00,6,23,FALSE,29
3/30/2020 12:00,6,24,FALSE,30
3/30/2020 13:00,6,25,FALSE,31
3/30/2020 14:00,5,27,FALSE,32
3/30/2020 15:00,7,28,FALSE,35
3/30/2020 16:00,7,29,FALSE,36
3/30/2020 17:00,7,30,FALSE,37
3/30/2020 18:00,6,31,FALSE,37
3/30/2020 19:00,7,30,FALSE,37
3/30/2020 20:00,7,28,FALSE,35
3/30/2020 21:00,8,30,FALSE,38
3/30/2020 22:00,11,32,FALSE,43
3/30/2020 23:00,7,33,FALSE,40
3/31/2020 0:00,9,33,FALSE,42
3/31/2020 1:00,8,35,FALSE,43
3/31/2020 2:00,9,34,FALSE,43
3/31/2020 3:00,9,36,FALSE,45
3/31/2020 4:00,8,35,FALSE,43
3/31/2020 5:00,14,34,FALSE,48
3/31/2020 6:00,6,28,FALSE,34
3/31/2020 7:00,6,27,FALSE,33
3/31/2020 8:00,5,26,FALSE,31
3/31/2020 9:00,5,25,FALSE,30
3/31/2020 10:00,6,26,FALSE,32
3/31/2020 11:00,6,25,FALSE,31
3/31/2020 12:00,6,23,FALSE,29
3/31/2020 13:00,7,25,FALSE,32
3/31/2020 14:00,7,27,FALSE,34
3/31/2020 15:00,7,29,FALSE,36
3/31/2020 16:00,7,30,FALSE,37
3/31/2020 17:00,6,30,FALSE,36
3/31/2020 18:00,7,29,FALSE,36
3/31/2020 19:00,7,28,FALSE,35
3/31/2020 20:00,7,32,FALSE,39
3/31/2020 21:00,6,31,FALSE,37
3/31/2020 22:00,9,33,FALSE,42
3/31/2020 23:00,7,33,FALSE,40
4/1/2020 0:00,8,32,FALSE,40
4/1/2020 0:00,20,82,FALSE,102
4/1/2020 1:00,22,88,FALSE,110
4/1/2020 2:00,22,89,FALSE,111
4/1/2020 3:00,18,89,FALSE,107
4/1/2020 4:00,27,89,FALSE,116
4/1/2020 5:00,21,80,FALSE,101
4/1/2020 6:00,18,75,FALSE,93
4/1/2020 7:00,14,68,FALSE,82
4/1/2020 8:00,16,67,FALSE,83
4/1/2020 9:00,15,66,FALSE,81
4/1/2020 10:00,17,62,FALSE,79
4/1/2020 11:00,15,59,FALSE,74
4/1/2020 12:00,14,58,FALSE,72
4/1/2020 13:00,15,61,FALSE,76
4/1/2020 14:00,17,69,FALSE,86
4/1/2020 15:00,16,71,FALSE,87
4/1/2020 16:00,19,75,FALSE,94
4/1/2020 17:00,16,74,FALSE,90
4/1/2020 18:00,13,77,FALSE,90
4/1/2020 19:00,16,70,FALSE,86
4/1/2020 20:00,16,75,FALSE,91
4/1/2020 21:00,18,81,FALSE,99
4/1/2020 22:00,23,81,FALSE,104
4/1/2020 23:00,22,83,FALSE,105
4/2/2020 0:00,25,91,FALSE,116
4/2/2020 1:00,24,90,FALSE,114
4/2/2020 2:00,24,92,FALSE,116
4/2/2020 3:00,22,92,FALSE,114
4/2/2020 4:00,23,80,FALSE,103
4/2/2020 5:00,17,79,FALSE,96
4/2/2020 6:00,18,69,FALSE,87
4/2/2020 7:00,17,66,FALSE,83
4/2/2020 8:00,16,66,FALSE,82
4/2/2020 9:00,14,61,FALSE,75
4/2/2020 10:00,14,61,FALSE,75
4/2/2020 11:00,14,59,FALSE,73
4/2/2020 12:00,16,61,FALSE,77
4/2/2020 13:00,15,66,FALSE,81
4/2/2020 14:00,18,68,FALSE,86
4/2/2020 15:00,19,73,FALSE,92
4/2/2020 16:00,20,75,FALSE,95
4/2/2020 17:00,20,81,FALSE,101
4/2/2020 18:00,16,73,FALSE,89
4/2/2020 19:00,18,76,FALSE,94
4/2/2020 20:00,18,68,FALSE,86
4/2/2020 21:00,18,75,FALSE,93
4/2/2020 22:00,23,86,FALSE,109
4/2/2020 23:00,24,90,FALSE,114
4/3/2020 0:00,25,84,FALSE,109
4/3/2020 1:00,20,83,FALSE,103
4/3/2020 2:00,21,91,FALSE,112
4/3/2020 3:00,22,90,FALSE,112
4/3/2020 4:00,22,82,FALSE,104
4/3/2020 5:00,23,76,FALSE,99
4/3/2020 6:00,17,72,FALSE,89
4/3/2020 7:00,15,64,FALSE,79
4/3/2020 8:00,14,63,FALSE,77
4/3/2020 9:00,13,62,FALSE,75
4/3/2020 10:00,17,56,FALSE,73
4/3/2020 11:00,17,60,FALSE,77
4/3/2020 12:00,14,60,FALSE,74
4/3/2020 13:00,18,68,FALSE,86
4/3/2020 14:00,15,70,FALSE,85
4/3/2020 15:00,18,75,FALSE,93
4/3/2020 16:00,15,78,FALSE,93
4/3/2020 17:00,15,77,FALSE,92
4/3/2020 18:00,17,81,FALSE,98
4/3/2020 19:00,18,81,FALSE,99
4/3/2020 20:00,15,76,FALSE,91
4/3/2020 21:00,15,75,FALSE,90
4/3/2020 22:00,23,82,FALSE,105
4/3/2020 23:00,21,76,FALSE,97
4/4/2020 0:00,20,91,FALSE,111
4/4/2020 1:00,20,89,FALSE,109
4/4/2020 2:00,19,90,FALSE,109
4/4/2020 3:00,20,95,FALSE,115
4/4/2020 4:00,20,84,FALSE,104
4/4/2020 5:00,21,86,FALSE,107
4/4/2020 6:00,22,81,FALSE,103
4/4/2020 7:00,16,67,FALSE,83
4/4/2020 8:00,18,69,FALSE,87
4/4/2020 9:00,17,64,FALSE,81
4/4/2020 10:00,16,63,FALSE,79
4/4/2020 11:00,17,59,FALSE,76
4/4/2020 12:00,16,63,FALSE,79
4/4/2020 13:00,17,65,FALSE,82
4/4/2020 14:00,17,72,FALSE,89
4/4/2020 15:00,16,73,FALSE,89
4/4/2020 16:00,15,75,FALSE,90
4/4/2020 17:00,19,74,FALSE,93
4/4/2020 18:00,18,76,FALSE,94
4/4/2020 19:00,13,76,FALSE,89
4/4/2020 20:00,18,79,FALSE,97
4/4/2020 21:00,19,81,FALSE,100
4/4/2020 22:00,23,86,FALSE,109
4/4/2020 23:00,21,81,FALSE,102
4/5/2020 0:00,18,87,FALSE,105
4/5/2020 1:00,23,100,FALSE,123
4/5/2020 2:00,21,93,FALSE,114
4/5/2020 3:00,20,93,FALSE,113
4/5/2020 4:00,18,87,FALSE,105
4/5/2020 5:00,16,83,FALSE,99
4/5/2020 6:00,15,76,FALSE,91
4/5/2020 7:00,14,72,FALSE,86
4/5/2020 8:00,16,67,FALSE,83
4/5/2020 9:00,15,78,FALSE,93
4/5/2020 10:00,14,72,FALSE,86
4/5/2020 11:00,17,55,FALSE,72
4/5/2020 12:00,15,64,FALSE,79
4/5/2020 13:00,16,65,FALSE,81
4/5/2020 14:00,17,61,FALSE,78
4/5/2020 15:00,19,69,FALSE,88
4/5/2020 16:00,15,71,FALSE,86
4/5/2020 17:00,14,77,FALSE,91
4/5/2020 18:00,16,71,FALSE,87
4/5/2020 19:00,13,77,FALSE,90
4/5/2020 20:00,15,66,FALSE,81
4/5/2020 21:00,19,75,FALSE,94
4/5/2020 22:00,21,81,FALSE,102
4/5/2020 23:00,19,80,FALSE,99
4/6/2020 0:00,18,79,FALSE,97
4/6/2020 1:00,19,87,FALSE,106
4/6/2020 2:00,20,91,FALSE,111
4/6/2020 3:00,15,84,FALSE,99
4/6/2020 4:00,20,75,FALSE,95
4/6/2020 5:00,19,72,FALSE,91
4/6/2020 6:00,17,64,FALSE,81
4/6/2020 7:00,13,61,FALSE,74
4/6/2020 8:00,16,63,FALSE,79
4/6/2020 9:00,14,56,FALSE,70
4/6/2020 10:00,15,55,FALSE,70
4/6/2020 11:00,14,61,FALSE,75
4/6/2020 12:00,17,54,FALSE,71
4/6/2020 13:00,19,61,FALSE,80
4/6/2020 14:00,19,65,FALSE,84
4/6/2020 15:00,18,71,FALSE,89
4/6/2020 16:00,19,80,FALSE,99
4/6/2020 17:00,24,77,FALSE,101
4/6/2020 18:00,22,75,FALSE,97
4/6/2020 19:00,23,80,FALSE,103
4/6/2020 20:00,24,76,FALSE,100
4/6/2020 21:00,23,76,FALSE,99
4/6/2020 22:00,28,76,FALSE,104
4/6/2020 23:00,28,77,FALSE,105
4/7/2020 0:00,32,87,FALSE,119
4/7/2020 1:00,31,87,FALSE,118
4/7/2020 2:00,26,88,FALSE,114
4/7/2020 3:00,26,93,FALSE,119
4/7/2020 4:00,22,74,FALSE,96
4/7/2020 5:00,33,80,FALSE,113
4/7/2020 6:00,17,71,FALSE,88
4/7/2020 7:00,16,66,FALSE,82
4/7/2020 8:00,16,62,FALSE,78
4/7/2020 9:00,17,58,FALSE,75
4/7/2020 10:00,17,57,FALSE,74
4/7/2020 11:00,19,54,FALSE,73
4/7/2020 12:00,19,59,FALSE,78
4/7/2020 13:00,19,65,FALSE,84
4/7/2020 14:00,18,67,FALSE,85
4/7/2020 15:00,21,69,FALSE,90
4/7/2020 16:00,22,74,FALSE,96
4/7/2020 17:00,21,79,FALSE,100
4/7/2020 18:00,19,78,FALSE,97
4/7/2020 19:00,21,71,FALSE,92
4/7/2020 20:00,21,84,FALSE,105
4/7/2020 21:00,20,77,FALSE,97
4/7/2020 22:00,21,78,FALSE,99
4/7/2020 23:00,27,80,FALSE,107
4/8/2020 0:00,23,78,FALSE,101
4/8/2020 0:00,24,79,FALSE,103
4/8/2020 1:00,21,86,FALSE,107
4/8/2020 2:00,25,89,FALSE,114
4/8/2020 3:00,29,89,FALSE,118
4/8/2020 4:00,26,86,FALSE,112
4/8/2020 5:00,25,74,FALSE,99
4/8/2020 6:00,20,67,FALSE,87
4/8/2020 7:00,16,61,FALSE,77
4/8/2020 8:00,15,60,FALSE,75
4/8/2020 9:00,11,61,FALSE,72
4/8/2020 10:00,14,59,FALSE,73
4/8/2020 11:00,18,55,FALSE,73
4/8/2020 12:00,15,54,FALSE,69
4/8/2020 13:00,18,65,FALSE,83
4/8/2020 14:00,17,72,FALSE,89
4/8/2020 15:00,16,71,FALSE,87
4/8/2020 16:00,17,72,FALSE,89
4/8/2020 17:00,19,79,FALSE,98
4/8/2020 18:00,21,74,FALSE,95
4/8/2020 19:00,21,73,FALSE,94
4/8/2020 20:00,20,78,FALSE,98
4/8/2020 21:00,22,80,FALSE,102
4/8/2020 22:00,24,81,FALSE,105
4/8/2020 23:00,22,87,FALSE,109
4/9/2020 0:00,23,96,FALSE,119
4/9/2020 1:00,24,94,FALSE,118
4/9/2020 2:00,22,100,FALSE,122
4/9/2020 3:00,25,98,FALSE,123
4/9/2020 4:00,26,95,FALSE,121
4/9/2020 5:00,20,87,FALSE,107
4/9/2020 6:00,20,71,FALSE,91
4/9/2020 7:00,16,64,FALSE,80
4/9/2020 8:00,16,59,FALSE,75
4/9/2020 9:00,13,56,FALSE,69
4/9/2020 10:00,13,58,FALSE,71
4/9/2020 11:00,15,57,FALSE,72
4/9/2020 12:00,17,61,FALSE,78
4/9/2020 13:00,21,61,FALSE,82
4/9/2020 14:00,19,71,FALSE,90
4/9/2020 15:00,18,74,FALSE,92
4/9/2020 16:00,19,84,FALSE,103
4/9/2020 17:00,22,76,FALSE,98
4/9/2020 18:00,20,79,FALSE,99
4/9/2020 19:00,19,75,FALSE,94
4/9/2020 20:00,20,78,FALSE,98
4/9/2020 21:00,24,83,FALSE,107
4/9/2020 22:00,27,79,FALSE,106
4/9/2020 23:00,30,84,FALSE,114
4/10/2020 0:00,21,89,FALSE,110
4/10/2020 1:00,29,91,FALSE,120
4/10/2020 2:00,23,93,FALSE,116
4/10/2020 3:00,26,86,FALSE,112
4/10/2020 4:00,25,93,FALSE,118
4/10/2020 5:00,24,71,FALSE,95
4/10/2020 6:00,16,74,FALSE,90
4/10/2020 7:00,17,67,FALSE,84
4/10/2020 8:00,16,61,FALSE,77
4/10/2020 9:00,15,60,FALSE,75
4/10/2020 10:00,14,65,FALSE,79
4/10/2020 11:00,16,64,FALSE,80
4/10/2020 12:00,14,59,FALSE,73
4/10/2020 13:00,20,70,FALSE,90
4/10/2020 14:00,18,68,FALSE,86
4/10/2020 15:00,18,75,FALSE,93
4/10/2020 16:00,19,81,FALSE,100
4/10/2020 17:00,19,82,FALSE,101
4/10/2020 18:00,17,87,FALSE,104
4/10/2020 19:00,23,82,FALSE,105
4/10/2020 20:00,20,87,FALSE,107
4/10/2020 21:00,21,78,FALSE,99
4/10/2020 22:00,24,85,FALSE,109
4/10/2020 23:00,25,86,FALSE,111
4/11/2020 0:00,21,92,FALSE,113
4/11/2020 1:00,21,92,FALSE,113
4/11/2020 2:00,23,96,FALSE,119
4/11/2020 3:00,25,94,FALSE,119
4/11/2020 4:00,26,91,FALSE,117
4/11/2020 5:00,24,78,FALSE,102
4/11/2020 6:00,18,79,FALSE,97
4/11/2020 7:00,20,69,FALSE,89
4/11/2020 8:00,17,74,FALSE,91
4/11/2020 9:00,17,66,FALSE,83
4/11/2020 10:00,15,66,FALSE,81
4/11/2020 11:00,18,64,FALSE,82
4/11/2020 12:00,15,63,FALSE,78
4/11/2020 13:00,18,68,FALSE,86
4/11/2020 14:00,19,73,FALSE,92
4/11/2020 15:00,19,76,FALSE,95
4/11/2020 16:00,18,78,FALSE,96
4/11/2020 17:00,18,75,FALSE,93
4/11/2020 18:00,16,74,FALSE,90
4/11/2020 19:00,16,76,FALSE,92
4/11/2020 20:00,18,80,FALSE,98
4/11/2020 21:00,19,76,FALSE,95
4/11/2020 22:00,20,85,FALSE,105
4/11/2020 23:00,20,84,FALSE,104
4/12/2020 0:00,22,92,FALSE,114
4/12/2020 1:00,17,94,FALSE,111
4/12/2020 2:00,22,93,FALSE,115
4/12/2020 3:00,20,92,FALSE,112
4/12/2020 4:00,18,89,FALSE,107
4/12/2020 5:00,19,79,FALSE,98
4/12/2020 6:00,21,69,FALSE,90
4/12/2020 7:00,12,76,FALSE,88
4/12/2020 8:00,14,69,FALSE,83
4/12/2020 9:00,14,69,FALSE,83
4/12/2020 10:00,16,68,FALSE,84
4/12/2020 11:00,16,65,FALSE,81
4/12/2020 12:00,17,71,FALSE,88
4/12/2020 13:00,17,65,FALSE,82
4/12/2020 14:00,18,68,FALSE,86
4/12/2020 15:00,17,77,FALSE,94
4/12/2020 16:00,17,83,FALSE,100
4/12/2020 17:00,18,77,FALSE,95
4/12/2020 18:00,20,78,FALSE,98
4/12/2020 19:00,19,80,FALSE,99
4/12/2020 20:00,19,83,FALSE,102
4/12/2020 21:00,19,72,FALSE,91
4/12/2020 22:00,22,80,FALSE,102
4/12/2020 23:00,23,84,FALSE,107
4/13/2020 0:00,19,83,FALSE,102
4/13/2020 1:00,18,79,FALSE,97
4/13/2020 2:00,19,90,FALSE,109
4/13/2020 3:00,20,81,FALSE,101
4/13/2020 4:00,21,84,FALSE,105
4/13/2020 5:00,21,76,FALSE,97
4/13/2020 6:00,17,69,FALSE,86
4/13/2020 7:00,17,67,FALSE,84
4/13/2020 8:00,14,60,FALSE,74
4/13/2020 9:00,14,61,FALSE,75
4/13/2020 10:00,12,63,FALSE,75
4/13/2020 11:00,18,61,FALSE,79
4/13/2020 12:00,17,66,FALSE,83
4/13/2020 13:00,17,64,FALSE,81
4/13/2020 14:00,18,70,FALSE,88
4/13/2020 15:00,16,79,FALSE,95
4/13/2020 16:00,18,71,FALSE,89
4/13/2020 17:00,19,77,FALSE,96
4/13/2020 18:00,16,74,FALSE,90
4/13/2020 19:00,17,76,FALSE,93
4/13/2020 20:00,17,73,FALSE,90
4/13/2020 21:00,20,76,FALSE,96
4/13/2020 22:00,19,77,FALSE,96
4/13/2020 23:00,21,82,FALSE,103
4/14/2020 0:00,22,83,FALSE,105
4/14/2020 1:00,21,86,FALSE,107
4/14/2020 2:00,23,79,FALSE,102
4/14/2020 3:00,20,83,FALSE,103
4/14/2020 4:00,25,80,FALSE,105
4/14/2020 5:00,27,72,FALSE,99
4/14/2020 6:00,17,72,FALSE,89
4/14/2020 7:00,14,56,FALSE,70
4/14/2020 8:00,13,60,FALSE,73
4/14/2020 9:00,14,57,FALSE,71
4/14/2020 10:00,15,62,FALSE,77
4/14/2020 11:00,18,56,FALSE,74
4/14/2020 12:00,13,59,FALSE,72
4/14/2020 13:00,14,63,FALSE,77
4/14/2020 14:00,16,69,FALSE,85
4/14/2020 15:00,17,73,FALSE,90
4/14/2020 16:00,15,74,FALSE,89
4/14/2020 17:00,17,77,FALSE,94
4/14/2020 18:00,17,82,FALSE,99
4/14/2020 19:00,19,74,FALSE,93
4/14/2020 20:00,19,76,FALSE,95
4/14/2020 21:00,20,82,FALSE,102
4/14/2020 22:00,21,85,FALSE,106
4/14/2020 23:00,25,85,FALSE,110
4/15/2020 0:00,20,83,FALSE,103
4/15/2020 0:00,20,80,FALSE,100
4/15/2020 1:00,23,85,FALSE,108
4/15/2020 2:00,21,88,FALSE,109
4/15/2020 3:00,21,82,FALSE,103
4/15/2020 4:00,24,75,FALSE,99
4/15/2020 5:00,23,70,FALSE,93
4/15/2020 6:00,17,65,FALSE,82
4/15/2020 7:00,17,64,FALSE,81
4/15/2020 8:00,16,60,FALSE,76
4/15/2020 9:00,16,64,FALSE,80
4/15/2020 10:00,15,60,FALSE,75
4/15/2020 11:00,17,60,FALSE,77
4/15/2020 12:00,16,56,FALSE,72
4/15/2020 13:00,17,62,FALSE,79
4/15/2020 14:00,17,71,FALSE,88
4/15/2020 15:00,15,72,FALSE,87
4/15/2020 16:00,19,71,FALSE,90
4/15/2020 17:00,15,80,FALSE,95
4/15/2020 18:00,15,77,FALSE,92
4/15/2020 19:00,17,83,FALSE,100
4/15/2020 20:00,18,76,FALSE,94
4/15/2020 21:00,20,78,FALSE,98
4/15/2020 22:00,18,80,FALSE,98
4/15/2020 23:00,24,81,FALSE,105
4/16/2020 0:00,23,86,FALSE,109
4/16/2020 1:00,23,87,FALSE,110
4/16/2020 2:00,22,90,FALSE,112
4/16/2020 3:00,20,83,FALSE,103
4/16/2020 4:00,20,80,FALSE,100
4/16/2020 5:00,23,71,FALSE,94
4/16/2020 6:00,17,60,FALSE,77
4/16/2020 7:00,14,66,FALSE,80
4/16/2020 8:00,17,58,FALSE,75
4/16/2020 9:00,16,57,FALSE,73
4/16/2020 10:00,14,57,FALSE,71
4/16/2020 11:00,17,59,FALSE,76
4/16/2020 12:00,17,58,FALSE,75
4/16/2020 13:00,20,62,FALSE,82
4/16/2020 14:00,20,67,FALSE,87
4/16/2020 15:00,18,78,FALSE,96
4/16/2020 16:00,19,79,FALSE,98
4/16/2020 17:00,20,83,FALSE,103
4/16/2020 18:00,19,81,FALSE,100
4/16/2020 19:00,21,74,FALSE,95
4/16/2020 20:00,21,71,FALSE,92
4/16/2020 21:00,23,78,FALSE,101
4/16/2020 22:00,25,81,FALSE,106
4/16/2020 23:00,24,90,FALSE,114
4/17/2020 0:00,23,90,FALSE,113
4/17/2020 1:00,26,83,FALSE,109
4/17/2020 2:00,25,90,FALSE,115
4/17/2020 3:00,27,89,FALSE,116
4/17/2020 4:00,28,83,FALSE,111
4/17/2020 5:00,22,74,FALSE,96
4/17/2020 6:00,17,69,FALSE,86
4/17/2020 7:00,16,63,FALSE,79
4/17/2020 8:00,15,67,FALSE,82
4/17/2020 9:00,14,62,FALSE,76
4/17/2020 10:00,18,64,FALSE,82
4/17/2020 11:00,16,58,FALSE,74
4/17/2020 12:00,16,63,FALSE,79
4/17/2020 13:00,18,68,FALSE,86
4/17/2020 14:00,19,75,FALSE,94
4/17/2020 15:00,20,72,FALSE,92
4/17/2020 16:00,19,80,FALSE,99
4/17/2020 17:00,19,80,FALSE,99
4/17/2020 18:00,15,79,FALSE,94
4/17/2020 19:00,20,77,FALSE,97
4/17/2020 20:00,21,80,FALSE,101
4/17/2020 21:00,21,77,FALSE,98
4/17/2020 22:00,19,81,FALSE,100
4/17/2020 23:00,21,86,FALSE,107
4/18/2020 0:00,23,87,FALSE,110
4/18/2020 1:00,23,87,FALSE,110
4/18/2020 2:00,26,93,FALSE,119
4/18/2020 3:00,27,94,FALSE,121
4/18/2020 4:00,29,87,FALSE,116
4/18/2020 5:00,24,84,FALSE,108
4/18/2020 6:00,20,73,FALSE,93
4/18/2020 7:00,19,63,FALSE,82
4/18/2020 8:00,15,59,FALSE,74
4/18/2020 9:00,17,65,FALSE,82
4/18/2020 10:00,17,60,FALSE,77
4/18/2020 11:00,17,62,FALSE,79
4/18/2020 12:00,20,66,FALSE,86
4/18/2020 13:00,21,64,FALSE,85
4/18/2020 14:00,21,68,FALSE,89
4/18/2020 15:00,23,73,FALSE,96
4/18/2020 16:00,21,79,FALSE,100
4/18/2020 17:00,21,80,FALSE,101
4/18/2020 18:00,24,77,FALSE,101
4/18/2020 19:00,25,79,FALSE,104
4/18/2020 20:00,23,76,FALSE,99
4/18/2020 21:00,26,81,FALSE,107
4/18/2020 22:00,28,83,FALSE,111
4/18/2020 23:00,29,83,FALSE,112
4/19/2020 0:00,32,84,FALSE,116
4/19/2020 1:00,32,93,FALSE,125
4/19/2020 2:00,26,100,FALSE,126
4/19/2020 3:00,30,92,FALSE,122
4/19/2020 4:00,24,86,FALSE,110
4/19/2020 5:00,30,90,FALSE,120
4/19/2020 6:00,19,74,FALSE,93
4/19/2020 7:00,18,69,FALSE,87
4/19/2020 8:00,16,64,FALSE,80
4/19/2020 9:00,17,63,FALSE,80
4/19/2020 10:00,16,68,FALSE,84
4/19/2020 11:00,21,70,FALSE,91
4/19/2020 12:00,18,61,FALSE,79
4/19/2020 13:00,20,63,FALSE,83
4/19/2020 14:00,14,70,FALSE,84
4/19/2020 15:00,20,67,FALSE,87
4/19/2020 16:00,20,80,FALSE,100
4/19/2020 17:00,16,75,FALSE,91
4/19/2020 18:00,17,75,FALSE,92
4/19/2020 19:00,18,79,FALSE,97
4/19/2020 20:00,19,74,FALSE,93
4/19/2020 21:00,21,80,FALSE,101
4/19/2020 22:00,24,79,FALSE,103
4/19/2020 23:00,20,83,FALSE,103
4/20/2020 0:00,21,87,FALSE,108
4/20/2020 1:00,21,86,FALSE,107
4/20/2020 2:00,24,83,FALSE,107
4/20/2020 3:00,24,82,FALSE,106
4/20/2020 4:00,20,81,FALSE,101
4/20/2020 5:00,19,71,FALSE,90
4/20/2020 6:00,19,66,FALSE,85
4/20/2020 7:00,16,64,FALSE,80
4/20/2020 8:00,15,65,FALSE,80
4/20/2020 9:00,13,65,FALSE,78
4/20/2020 10:00,15,59,FALSE,74
4/20/2020 11:00,16,55,FALSE,71
4/20/2020 12:00,15,53,FALSE,68
4/20/2020 13:00,18,63,FALSE,81
4/20/2020 14:00,20,67,FALSE,87
4/20/2020 15:00,19,74,FALSE,93
4/20/2020 16:00,17,79,FALSE,96
4/20/2020 17:00,16,75,FALSE,91
4/20/2020 18:00,21,74,FALSE,95
4/20/2020 19:00,21,77,FALSE,98
4/20/2020 20:00,22,78,FALSE,100
4/20/2020 21:00,24,81,FALSE,105
4/20/2020 22:00,20,82,FALSE,102
4/20/2020 23:00,28,82,FALSE,110
4/21/2020 0:00,23,89,FALSE,112
4/21/2020 1:00,19,84,FALSE,103
4/21/2020 2:00,20,89,FALSE,109
4/21/2020 3:00,17,84,FALSE,101
4/21/2020 4:00,25,87,FALSE,112
4/21/2020 5:00,22,69,FALSE,91
4/21/2020 6:00,16,68,FALSE,84
4/21/2020 7:00,15,59,FALSE,74
4/21/2020 8:00,14,64,FALSE,78
4/21/2020 9:00,14,61,FALSE,75
4/21/2020 10:00,14,63,FALSE,77
4/21/2020 11:00,16,58,FALSE,74
4/21/2020 12:00,16,62,FALSE,78
4/21/2020 13:00,19,64,FALSE,83
4/21/2020 14:00,16,67,FALSE,83
4/21/2020 15:00,18,76,FALSE,94
4/21/2020 16:00,19,87,FALSE,106
4/21/2020 17:00,19,79,FALSE,98
4/21/2020 18:00,19,79,FALSE,98
4/21/2020 19:00,23,78,FALSE,101
4/21/2020 20:00,21,75,FALSE,96
4/21/2020 21:00,17,77,FALSE,94
4/21/2020 22:00,19,85,FALSE,104
4/21/2020 23:00,19,86,FALSE,105
4/22/2020 0:00,19,95,FALSE,114
4/22/2020 0:00,20,98,FALSE,118
4/22/2020 1:00,20,91,FALSE,111
4/22/2020 2:00,24,83,FALSE,107
4/22/2020 3:00,27,85,FALSE,112
4/22/2020 4:00,22,83,FALSE,105
4/22/2020 5:00,21,80,FALSE,101
4/22/2020 6:00,19,69,FALSE,88
4/22/2020 7:00,14,71,FALSE,85
4/22/2020 8:00,15,63,FALSE,78
4/22/2020 9:00,14,57,FALSE,71
4/22/2020 10:00,16,66,FALSE,82
4/22/2020 11:00,16,64,FALSE,80
4/22/2020 12:00,13,62,FALSE,75
4/22/2020 13:00,20,68,FALSE,88
4/22/2020 14:00,19,74,FALSE,93
4/22/2020 15:00,18,76,FALSE,94
4/22/2020 16:00,23,81,FALSE,104
4/22/2020 17:00,22,91,FALSE,113
4/22/2020 18:00,22,81,FALSE,103
4/22/2020 19:00,21,83,FALSE,104
4/22/2020 20:00,21,79,FALSE,100
4/22/2020 21:00,24,84,FALSE,108
4/22/2020 22:00,25,84,FALSE,109
4/22/2020 23:00,23,90,FALSE,113
4/23/2020 0:00,26,92,FALSE,118
4/23/2020 1:00,23,93,FALSE,116
4/23/2020 2:00,24,95,FALSE,119
4/23/2020 3:00,26,92,FALSE,118
4/23/2020 4:00,26,89,FALSE,115
4/23/2020 5:00,22,85,FALSE,107
4/23/2020 6:00,19,66,FALSE,85
4/23/2020 7:00,18,66,FALSE,84
4/23/2020 8:00,17,64,FALSE,81
4/23/2020 9:00,12,67,FALSE,79
4/23/2020 10:00,15,65,FALSE,80
4/23/2020 11:00,19,63,FALSE,82
4/23/2020 12:00,18,63,FALSE,81
4/23/2020 13:00,22,65,FALSE,87
4/23/2020 14:00,29,80,FALSE,109
4/23/2020 15:00,26,79,FALSE,105
4/23/2020 16:00,25,87,FALSE,112
4/23/2020 17:00,24,78,FALSE,102
4/23/2020 18:00,24,85,FALSE,109
4/23/2020 19:00,23,82,FALSE,105
4/23/2020 20:00,26,80,FALSE,106
4/23/2020 21:00,24,77,FALSE,101
4/23/2020 22:00,27,91,FALSE,118
4/23/2020 23:00,30,84,FALSE,114
4/24/2020 0:00,25,89,FALSE,114
4/24/2020 1:00,23,87,FALSE,110
4/24/2020 2:00,26,88,FALSE,114
4/24/2020 3:00,27,92,FALSE,119
4/24/2020 4:00,29,88,FALSE,117
4/24/2020 5:00,23,78,FALSE,101
4/24/2020 6:00,20,72,FALSE,92
4/24/2020 7:00,15,67,FALSE,82
4/24/2020 8:00,14,61,FALSE,75
4/24/2020 9:00,17,63,FALSE,80
4/24/2020 10:00,19,63,FALSE,82
4/24/2020 11:00,18,61,FALSE,79
4/24/2020 12:00,19,63,FALSE,82
4/24/2020 13:00,21,69,FALSE,90
4/24/2020 14:00,20,75,FALSE,95
4/24/2020 15:00,21,82,FALSE,103
4/24/2020 16:00,19,85,FALSE,104
4/24/2020 17:00,21,87,FALSE,108
4/24/2020 18:00,24,81,FALSE,105
4/24/2020 19:00,24,90,FALSE,114
4/24/2020 20:00,27,83,FALSE,110
4/24/2020 21:00,28,100,FALSE,128
4/24/2020 22:00,23,84,FALSE,107
4/24/2020 23:00,28,88,FALSE,116
4/25/2020 0:00,24,93,FALSE,117
4/25/2020 1:00,25,90,FALSE,115
4/25/2020 2:00,26,99,FALSE,125
4/25/2020 3:00,28,88,FALSE,116
4/25/2020 4:00,27,84,FALSE,111
4/25/2020 5:00,26,83,FALSE,109
4/25/2020 6:00,24,87,FALSE,111
4/25/2020 7:00,21,72,FALSE,93
4/25/2020 8:00,18,74,FALSE,92
4/25/2020 9:00,18,70,FALSE,88
4/25/2020 10:00,16,64,FALSE,80
4/25/2020 11:00,19,60,FALSE,79
4/25/2020 12:00,19,64,FALSE,83
4/25/2020 13:00,21,65,FALSE,86
4/25/2020 14:00,27,69,FALSE,96
4/25/2020 15:00,30,71,FALSE,101
4/25/2020 16:00,25,82,FALSE,107
4/25/2020 17:00,26,86,FALSE,112
4/25/2020 18:00,24,80,FALSE,104
4/25/2020 19:00,25,81,FALSE,106
4/25/2020 20:00,28,86,FALSE,114
4/25/2020 21:00,28,80,FALSE,108
4/25/2020 22:00,30,90,FALSE,120
4/25/2020 23:00,36,90,FALSE,126
4/26/2020 0:00,45,96,FALSE,141
4/26/2020 1:00,41,97,FALSE,138
4/26/2020 2:00,36,94,FALSE,130
4/26/2020 3:00,35,97,FALSE,132
4/26/2020 4:00,37,90,FALSE,127
4/26/2020 5:00,39,81,FALSE,120
4/26/2020 6:00,32,77,FALSE,109
4/26/2020 7:00,26,73,FALSE,99
4/26/2020 8:00,25,67,FALSE,92
4/26/2020 9:00,25,72,FALSE,97
4/26/2020 10:00,29,62,FALSE,91
4/26/2020 11:00,30,65,FALSE,95
4/26/2020 12:00,34,75,FALSE,109
4/26/2020 13:00,37,71,FALSE,108
4/26/2020 14:00,30,70,FALSE,100
4/26/2020 15:00,27,71,FALSE,98
4/26/2020 16:00,31,79,FALSE,110
4/26/2020 17:00,29,82,FALSE,111
4/26/2020 18:00,30,82,FALSE,112
4/26/2020 19:00,43,79,FALSE,122
4/26/2020 20:00,74,91,FALSE,165
4/26/2020 21:00,60,93,FALSE,153
4/26/2020 22:00,67,100,FALSE,167
4/26/2020 23:00,59,97,FALSE,156
4/27/2020 0:00,46,89,FALSE,135
4/27/2020 1:00,45,97,FALSE,142
4/27/2020 2:00,44,98,FALSE,142
4/27/2020 3:00,45,92,FALSE,137
4/27/2020 4:00,43,78,FALSE,121
4/27/2020 5:00,37,68,FALSE,105
4/27/2020 6:00,27,63,FALSE,90
4/27/2020 7:00,24,64,FALSE,88
4/27/2020 8:00,19,66,FALSE,85
4/27/2020 9:00,19,64,FALSE,83
4/27/2020 10:00,20,58,FALSE,78
4/27/2020 11:00,25,59,FALSE,84
4/27/2020 12:00,25,60,FALSE,85
4/27/2020 13:00,27,65,FALSE,92
4/27/2020 14:00,25,74,FALSE,99
4/27/2020 15:00,29,77,FALSE,106
4/27/2020 16:00,30,84,FALSE,114
4/27/2020 17:00,29,87,FALSE,116
4/27/2020 18:00,30,84,FALSE,114
4/27/2020 19:00,27,83,FALSE,110
4/27/2020 20:00,28,82,FALSE,110
4/27/2020 21:00,31,82,FALSE,113
4/27/2020 22:00,34,94,FALSE,128
4/27/2020 23:00,34,91,FALSE,125
4/28/2020 0:00,32,90,FALSE,122
4/28/2020 1:00,34,92,FALSE,126
4/28/2020 2:00,32,93,FALSE,125
4/28/2020 3:00,34,93,FALSE,127
4/28/2020 4:00,29,88,FALSE,117
4/28/2020 5:00,25,82,FALSE,107
4/28/2020 6:00,24,69,FALSE,93
4/28/2020 7:00,20,64,FALSE,84
4/28/2020 8:00,19,67,FALSE,86
4/28/2020 9:00,16,64,FALSE,80
4/28/2020 10:00,17,61,FALSE,78
4/28/2020 11:00,20,61,FALSE,81
4/28/2020 12:00,23,58,FALSE,81
4/28/2020 13:00,26,70,FALSE,96
4/28/2020 14:00,27,76,FALSE,103
4/28/2020 15:00,23,83,FALSE,106
4/28/2020 16:00,23,81,FALSE,104
4/28/2020 17:00,24,85,FALSE,109
4/28/2020 18:00,22,86,FALSE,108
4/28/2020 19:00,27,78,FALSE,105
4/28/2020 20:00,25,86,FALSE,111
4/28/2020 21:00,29,93,FALSE,122
4/28/2020 22:00,25,86,FALSE,111
4/28/2020 23:00,35,94,FALSE,129
4/29/2020 0:00,33,98,FALSE,131
4/29/2020 0:00,30,89,FALSE,119
4/29/2020 1:00,26,85,FALSE,111
4/29/2020 2:00,31,93,FALSE,124
4/29/2020 3:00,32,93,FALSE,125
4/29/2020 4:00,27,79,FALSE,106
4/29/2020 5:00,27,68,FALSE,95
4/29/2020 6:00,26,63,FALSE,89
4/29/2020 7:00,21,61,FALSE,82
4/29/2020 8:00,17,56,FALSE,73
4/29/2020 9:00,16,64,FALSE,80
4/29/2020 10:00,24,58,FALSE,82
4/29/2020 11:00,23,59,FALSE,82
4/29/2020 12:00,26,57,FALSE,83
4/29/2020 13:00,32,68,FALSE,100
4/29/2020 14:00,34,73,FALSE,107
4/29/2020 15:00,35,76,FALSE,111
4/29/2020 16:00,37,79,FALSE,116
4/29/2020 17:00,42,82,FALSE,124
4/29/2020 18:00,37,76,FALSE,113
4/29/2020 19:00,39,85,FALSE,124
4/29/2020 20:00,44,84,FALSE,128
4/29/2020 21:00,49,85,FALSE,134
4/29/2020 22:00,48,85,FALSE,133
4/29/2020 23:00,51,93,FALSE,144
4/30/2020 0:00,49,83,FALSE,132
4/30/2020 1:00,49,80,FALSE,129
4/30/2020 2:00,49,86,FALSE,135
4/30/2020 3:00,65,89,FALSE,154
4/30/2020 4:00,61,78,FALSE,139
4/30/2020 5:00,54,78,FALSE,132
4/30/2020 6:00,51,65,FALSE,116
4/30/2020 7:00,33,65,FALSE,98
4/30/2020 8:00,27,60,FALSE,87
4/30/2020 9:00,25,62,FALSE,87
4/30/2020 10:00,22,60,FALSE,82
4/30/2020 11:00,24,54,FALSE,78
4/30/2020 12:00,27,61,FALSE,88
4/30/2020 13:00,31,69,FALSE,100
4/30/2020 14:00,32,74,FALSE,106
4/30/2020 15:00,33,78,FALSE,111
4/30/2020 16:00,28,79,FALSE,107
4/30/2020 17:00,32,83,FALSE,115
4/30/2020 18:00,30,80,FALSE,110
4/30/2020 19:00,26,78,FALSE,104
4/30/2020 20:00,34,81,FALSE,115
4/30/2020 21:00,30,83,FALSE,113
4/30/2020 22:00,30,86,FALSE,116
4/30/2020 23:00,31,82,FALSE,113
5/1/2020 0:00,33,89,FALSE,122
5/1/2020 1:00,34,89,FALSE,123
5/1/2020 2:00,32,89,FALSE,121
5/1/2020 3:00,29,91,FALSE,120
5/1/2020 4:00,28,82,FALSE,110
5/1/2020 5:00,31,80,FALSE,111
5/1/2020 6:00,23,69,FALSE,92
5/1/2020 7:00,22,63,FALSE,85
5/1/2020 8:00,19,60,FALSE,79
5/1/2020 9:00,22,61,FALSE,83
5/1/2020 10:00,20,62,FALSE,82
5/1/2020 11:00,22,61,FALSE,83
5/1/2020 12:00,23,63,FALSE,86
5/1/2020 13:00,26,66,FALSE,92
5/1/2020 14:00,22,82,FALSE,104
5/1/2020 15:00,40,82,FALSE,122
5/1/2020 16:00,25,76,FALSE,101
5/1/2020 17:00,21,77,FALSE,98
5/1/2020 18:00,24,75,FALSE,99
5/1/2020 19:00,26,83,FALSE,109
5/1/2020 20:00,23,78,FALSE,101
5/1/2020 21:00,23,78,FALSE,101
5/1/2020 22:00,27,83,FALSE,110
5/1/2020 23:00,33,83,FALSE,116
5/2/2020 0:00,29,84,FALSE,113
5/2/2020 1:00,28,90,FALSE,118
5/2/2020 2:00,31,89,FALSE,120
5/2/2020 3:00,30,97,FALSE,127
5/2/2020 4:00,32,88,FALSE,120
5/2/2020 5:00,26,75,FALSE,101
5/2/2020 6:00,21,70,FALSE,91
5/2/2020 7:00,20,68,FALSE,88
5/2/2020 8:00,18,66,FALSE,84
5/2/2020 9:00,17,58,FALSE,75
5/2/2020 10:00,16,59,FALSE,75
5/2/2020 11:00,18,66,FALSE,84
5/2/2020 12:00,20,58,FALSE,78
5/2/2020 13:00,17,63,FALSE,80
5/2/2020 14:00,19,68,FALSE,87
5/2/2020 15:00,18,74,FALSE,92
5/2/2020 16:00,21,70,FALSE,91
5/2/2020 17:00,24,78,FALSE,102
5/2/2020 18:00,22,74,FALSE,96
5/2/2020 19:00,20,86,FALSE,106
5/2/2020 20:00,23,81,FALSE,104
5/2/2020 21:00,29,79,FALSE,108
5/2/2020 22:00,31,84,FALSE,115
5/2/2020 23:00,27,85,FALSE,112
5/3/2020 0:00,31,90,FALSE,121
5/3/2020 1:00,38,90,FALSE,128
5/3/2020 2:00,34,100,FALSE,134
5/3/2020 3:00,34,90,FALSE,124
5/3/2020 4:00,36,92,FALSE,128
5/3/2020 5:00,34,80,FALSE,114
5/3/2020 6:00,24,80,FALSE,104
5/3/2020 7:00,19,63,FALSE,82
5/3/2020 8:00,21,66,FALSE,87
5/3/2020 9:00,17,62,FALSE,79
5/3/2020 10:00,18,63,FALSE,81
5/3/2020 11:00,18,65,FALSE,83
5/3/2020 12:00,18,59,FALSE,77
5/3/2020 13:00,18,59,FALSE,77
5/3/2020 14:00,18,62,FALSE,80
5/3/2020 15:00,19,68,FALSE,87
5/3/2020 16:00,20,73,FALSE,93
5/3/2020 17:00,20,76,FALSE,96
5/3/2020 18:00,17,75,FALSE,92
5/3/2020 19:00,23,76,FALSE,99
5/3/2020 20:00,20,72,FALSE,92
5/3/2020 21:00,23,74,FALSE,97
5/3/2020 22:00,23,80,FALSE,103
5/3/2020 23:00,23,77,FALSE,100
5/4/2020 0:00,25,80,FALSE,105
5/4/2020 1:00,22,79,FALSE,101
5/4/2020 2:00,23,88,FALSE,111
5/4/2020 3:00,24,82,FALSE,106
5/4/2020 4:00,23,89,FALSE,112
5/4/2020 5:00,19,68,FALSE,87
5/4/2020 6:00,14,63,FALSE,77
5/4/2020 7:00,15,55,FALSE,70
5/4/2020 8:00,12,56,FALSE,68
5/4/2020 9:00,16,51,FALSE,67
5/4/2020 10:00,14,56,FALSE,70
5/4/2020 11:00,17,51,FALSE,68
5/4/2020 12:00,13,56,FALSE,69
5/4/2020 13:00,19,56,FALSE,75
5/4/2020 14:00,19,66,FALSE,85
5/4/2020 15:00,18,71,FALSE,89
5/4/2020 16:00,20,73,FALSE,93
5/4/2020 17:00,20,74,FALSE,94
5/4/2020 18:00,19,76,FALSE,95
5/4/2020 19:00,20,74,FALSE,94
5/4/2020 20:00,24,73,FALSE,97
5/4/2020 21:00,23,73,FALSE,96
5/4/2020 22:00,24,77,FALSE,101
5/4/2020 23:00,27,80,FALSE,107
5/5/2020 0:00,25,86,FALSE,111
5/5/2020 1:00,30,89,FALSE,119
5/5/2020 2:00,26,94,FALSE,120
5/5/2020 3:00,24,83,FALSE,107
5/5/2020 4:00,24,79,FALSE,103
5/5/2020 5:00,28,73,FALSE,101
5/5/2020 6:00,18,57,FALSE,75
5/5/2020 7:00,17,63,FALSE,80
5/5/2020 8:00,13,57,FALSE,70
5/5/2020 9:00,12,57,FALSE,69
5/5/2020 10:00,17,56,FALSE,73
5/5/2020 11:00,16,52,FALSE,68
5/5/2020 12:00,15,60,FALSE,75
5/5/2020 13:00,19,62,FALSE,81
5/5/2020 14:00,18,65,FALSE,83
5/5/2020 15:00,21,70,FALSE,91
5/5/2020 16:00,21,79,FALSE,100
5/5/2020 17:00,22,77,FALSE,99
5/5/2020 18:00,19,70,FALSE,89
5/5/2020 19:00,21,69,FALSE,90
5/5/2020 20:00,23,74,FALSE,97
5/5/2020 21:00,25,74,FALSE,99
5/5/2020 22:00,22,75,FALSE,97
5/5/2020 23:00,24,77,FALSE,101
5/6/2020 0:00,22,78,FALSE,100
5/6/2020 0:00,17,60,FALSE,77
5/6/2020 1:00,19,65,FALSE,84
5/6/2020 2:00,20,65,FALSE,85
5/6/2020 3:00,22,67,FALSE,89
5/6/2020 4:00,24,63,FALSE,87
5/6/2020 5:00,18,52,FALSE,70
5/6/2020 6:00,17,46,FALSE,63
5/6/2020 7:00,13,47,FALSE,60
5/6/2020 8:00,12,46,FALSE,58
5/6/2020 9:00,13,47,FALSE,60
5/6/2020 10:00,17,43,FALSE,60
5/6/2020 11:00,14,42,FALSE,56
5/6/2020 12:00,15,42,FALSE,57
5/6/2020 13:00,17,45,FALSE,62
5/6/2020 14:00,17,51,FALSE,68
5/6/2020 15:00,16,52,FALSE,68
5/6/2020 16:00,17,59,FALSE,76
5/6/2020 17:00,16,61,FALSE,77
5/6/2020 18:00,16,60,FALSE,76
5/6/2020 19:00,19,60,FALSE,79
5/6/2020 20:00,19,57,FALSE,76
5/6/2020 21:00,19,55,FALSE,74
5/6/2020 22:00,22,63,FALSE,85
5/6/2020 23:00,22,63,FALSE,85
5/7/2020 0:00,22,62,FALSE,84
5/7/2020 1:00,23,64,FALSE,87
5/7/2020 2:00,24,66,FALSE,90
5/7/2020 3:00,26,66,FALSE,92
5/7/2020 4:00,23,64,FALSE,87
5/7/2020 5:00,15,58,FALSE,73
5/7/2020 6:00,14,53,FALSE,67
5/7/2020 7:00,12,51,FALSE,63
5/7/2020 8:00,12,45,FALSE,57
5/7/2020 9:00,13,50,FALSE,63
5/7/2020 10:00,15,48,FALSE,63
5/7/2020 11:00,14,46,FALSE,60
5/7/2020 12:00,14,48,FALSE,62
5/7/2020 13:00,17,48,FALSE,65
5/7/2020 14:00,19,56,FALSE,75
5/7/2020 15:00,20,60,FALSE,80
5/7/2020 16:00,19,59,FALSE,78
5/7/2020 17:00,28,63,FALSE,91
5/7/2020 18:00,24,66,FALSE,90
5/7/2020 19:00,28,59,FALSE,87
5/7/2020 20:00,27,64,FALSE,91
5/7/2020 21:00,24,60,FALSE,84
5/7/2020 22:00,29,66,FALSE,95
5/7/2020 23:00,29,59,FALSE,88
5/8/2020 0:00,29,68,FALSE,97
5/8/2020 1:00,29,69,FALSE,98
5/8/2020 2:00,30,67,FALSE,97
5/8/2020 3:00,25,69,FALSE,94
5/8/2020 4:00,22,61,FALSE,83
5/8/2020 5:00,21,58,FALSE,79
5/8/2020 6:00,17,52,FALSE,69
5/8/2020 7:00,14,46,FALSE,60
5/8/2020 8:00,12,52,FALSE,64
5/8/2020 9:00,13,47,FALSE,60
5/8/2020 10:00,13,47,FALSE,60
5/8/2020 11:00,16,43,FALSE,59
5/8/2020 12:00,15,50,FALSE,65
5/8/2020 13:00,17,50,FALSE,67
5/8/2020 14:00,18,56,FALSE,74
5/8/2020 15:00,19,60,FALSE,79
5/8/2020 16:00,21,64,FALSE,85
5/8/2020 17:00,20,63,FALSE,83
5/8/2020 18:00,20,59,FALSE,79
5/8/2020 19:00,20,60,FALSE,80
5/8/2020 20:00,20,59,FALSE,79
5/8/2020 21:00,20,59,FALSE,79
5/8/2020 22:00,25,60,FALSE,85
5/8/2020 23:00,21,65,FALSE,86
5/9/2020 0:00,22,62,FALSE,84
5/9/2020 1:00,26,70,FALSE,96
5/9/2020 2:00,27,66,FALSE,93
5/9/2020 3:00,23,71,FALSE,94
5/9/2020 4:00,23,70,FALSE,93
5/9/2020 5:00,21,61,FALSE,82
5/9/2020 6:00,18,56,FALSE,74
5/9/2020 7:00,15,52,FALSE,67
5/9/2020 8:00,13,47,FALSE,60
5/9/2020 9:00,14,49,FALSE,63
5/9/2020 10:00,15,47,FALSE,62
5/9/2020 11:00,17,49,FALSE,66
5/9/2020 12:00,14,51,FALSE,65
5/9/2020 13:00,16,48,FALSE,64
5/9/2020 14:00,16,50,FALSE,66
5/9/2020 15:00,17,55,FALSE,72
5/9/2020 16:00,17,61,FALSE,78
5/9/2020 17:00,16,60,FALSE,76
5/9/2020 18:00,16,55,FALSE,71
5/9/2020 19:00,18,59,FALSE,77
5/9/2020 20:00,17,58,FALSE,75
5/9/2020 21:00,18,57,FALSE,75
5/9/2020 22:00,21,64,FALSE,85
5/9/2020 23:00,19,65,FALSE,84
5/10/2020 0:00,27,70,FALSE,97
5/10/2020 1:00,24,69,FALSE,93
5/10/2020 2:00,26,67,FALSE,93
5/10/2020 3:00,23,67,FALSE,90
5/10/2020 4:00,19,68,FALSE,87
5/10/2020 5:00,19,62,FALSE,81
5/10/2020 6:00,17,54,FALSE,71
5/10/2020 7:00,15,54,FALSE,69
5/10/2020 8:00,13,59,FALSE,72
5/10/2020 9:00,13,61,FALSE,74
5/10/2020 10:00,10,56,FALSE,66
5/10/2020 11:00,16,55,FALSE,71
5/10/2020 12:00,15,54,FALSE,69
5/10/2020 13:00,14,59,FALSE,73
5/10/2020 14:00,14,67,FALSE,81
5/10/2020 15:00,15,70,FALSE,85
5/10/2020 16:00,13,77,FALSE,90
5/10/2020 17:00,16,80,FALSE,96
5/10/2020 18:00,16,79,FALSE,95
5/10/2020 19:00,17,81,FALSE,98
5/10/2020 20:00,15,92,FALSE,107
5/10/2020 21:00,19,98,FALSE,117
5/10/2020 22:00,19,98,FALSE,117
5/10/2020 23:00,18,92,FALSE,110
5/11/2020 0:00,21,97,FALSE,118
5/11/2020 1:00,20,95,FALSE,115
5/11/2020 2:00,21,100,FALSE,121
5/11/2020 3:00,20,90,FALSE,110
5/11/2020 4:00,21,89,FALSE,110
5/11/2020 5:00,18,73,FALSE,91
5/11/2020 6:00,16,61,FALSE,77
5/11/2020 7:00,13,56,FALSE,69
5/11/2020 8:00,12,55,FALSE,67
5/11/2020 9:00,13,51,FALSE,64
5/11/2020 10:00,12,52,FALSE,64
5/11/2020 11:00,15,49,FALSE,64
5/11/2020 12:00,16,51,FALSE,67
5/11/2020 13:00,14,59,FALSE,73
5/11/2020 14:00,15,62,FALSE,77
5/11/2020 15:00,15,67,FALSE,82
5/11/2020 16:00,17,69,FALSE,86
5/11/2020 17:00,17,76,FALSE,93
5/11/2020 18:00,16,75,FALSE,91
5/11/2020 19:00,18,77,FALSE,95
5/11/2020 20:00,21,76,FALSE,97
5/11/2020 21:00,19,76,FALSE,95
5/11/2020 22:00,17,80,FALSE,97
5/11/2020 23:00,18,82,FALSE,100
5/12/2020 0:00,22,84,FALSE,106
5/12/2020 1:00,21,86,FALSE,107
5/12/2020 2:00,21,85,FALSE,106
5/12/2020 3:00,19,92,FALSE,111
5/12/2020 4:00,21,81,FALSE,102
5/12/2020 5:00,19,65,FALSE,84
5/12/2020 6:00,14,57,FALSE,71
5/12/2020 7:00,12,52,FALSE,64
5/12/2020 8:00,12,52,FALSE,64
5/12/2020 9:00,12,53,FALSE,65
5/12/2020 10:00,13,48,FALSE,61
5/12/2020 11:00,14,48,FALSE,62
5/12/2020 12:00,14,52,FALSE,66
5/12/2020 13:00,13,52,FALSE,65
5/12/2020 14:00,14,57,FALSE,71
5/12/2020 15:00,16,66,FALSE,82
5/12/2020 16:00,15,68,FALSE,83
5/12/2020 17:00,16,69,FALSE,85
5/12/2020 18:00,13,67,FALSE,80
5/12/2020 19:00,20,64,FALSE,84
5/12/2020 20:00,18,65,FALSE,83
5/12/2020 21:00,16,70,FALSE,86
5/12/2020 22:00,19,73,FALSE,92
5/12/2020 23:00,19,74,FALSE,93
5/13/2020 0:00,19,73,FALSE,92
5/13/2020 0:00,17,63,FALSE,80
5/13/2020 1:00,18,66,FALSE,84
5/13/2020 2:00,19,67,FALSE,86
5/13/2020 3:00,17,63,FALSE,80
5/13/2020 4:00,18,57,FALSE,75
5/13/2020 5:00,13,50,FALSE,63
5/13/2020 6:00,10,46,FALSE,56
5/13/2020 7:00,9,44,FALSE,53
5/13/2020 8:00,11,45,FALSE,56
5/13/2020 9:00,10,43,FALSE,53
5/13/2020 10:00,10,100,FALSE,110
5/13/2020 11:00,13,47,FALSE,60
5/13/2020 12:00,14,46,FALSE,60
5/13/2020 13:00,14,47,FALSE,61
5/13/2020 14:00,13,54,FALSE,67
5/13/2020 15:00,14,55,FALSE,69
5/13/2020 16:00,15,57,FALSE,72
5/13/2020 17:00,13,58,FALSE,71
5/13/2020 18:00,13,60,FALSE,73
5/13/2020 19:00,15,54,FALSE,69
5/13/2020 20:00,18,58,FALSE,76
5/13/2020 21:00,19,57,FALSE,76
5/13/2020 22:00,16,59,FALSE,75
5/13/2020 23:00,17,64,FALSE,81
5/14/2020 0:00,17,65,FALSE,82
5/14/2020 1:00,18,63,FALSE,81
5/14/2020 2:00,17,64,FALSE,81
5/14/2020 3:00,19,60,FALSE,79
5/14/2020 4:00,17,60,FALSE,77
5/14/2020 5:00,15,53,FALSE,68
5/14/2020 6:00,13,47,FALSE,60
5/14/2020 7:00,14,46,FALSE,60
5/14/2020 8:00,12,42,FALSE,54
5/14/2020 9:00,10,40,FALSE,50
5/14/2020 10:00,11,42,FALSE,53
5/14/2020 11:00,14,43,FALSE,57
5/14/2020 12:00,12,44,FALSE,56
5/14/2020 13:00,13,46,FALSE,59
5/14/2020 14:00,14,51,FALSE,65
5/14/2020 15:00,12,51,FALSE,63
5/14/2020 16:00,14,54,FALSE,68
5/14/2020 17:00,13,58,FALSE,71
5/14/2020 18:00,13,56,FALSE,69
5/14/2020 19:00,14,57,FALSE,71
5/14/2020 20:00,16,54,FALSE,70
5/14/2020 21:00,16,56,FALSE,72
5/14/2020 22:00,17,61,FALSE,78
5/14/2020 23:00,17,63,FALSE,80
5/15/2020 0:00,19,62,FALSE,81
5/15/2020 1:00,18,62,FALSE,80
5/15/2020 2:00,15,63,FALSE,78
5/15/2020 3:00,16,62,FALSE,78
5/15/2020 4:00,14,58,FALSE,72
5/15/2020 5:00,14,52,FALSE,66
5/15/2020 6:00,11,46,FALSE,57
5/15/2020 7:00,9,43,FALSE,52
5/15/2020 8:00,10,44,FALSE,54
5/15/2020 9:00,11,42,FALSE,53
5/15/2020 10:00,10,41,FALSE,51
5/15/2020 11:00,11,40,FALSE,51
5/15/2020 12:00,12,41,FALSE,53
5/15/2020 13:00,11,47,FALSE,58
5/15/2020 14:00,12,50,FALSE,62
5/15/2020 15:00,11,53,FALSE,64
5/15/2020 16:00,11,58,FALSE,69
5/15/2020 17:00,13,57,FALSE,70
5/15/2020 18:00,14,59,FALSE,73
5/15/2020 19:00,14,56,FALSE,70
5/15/2020 20:00,15,55,FALSE,70
5/15/2020 21:00,14,51,FALSE,65
5/15/2020 22:00,14,62,FALSE,76
5/15/2020 23:00,17,61,FALSE,78
5/16/2020 0:00,17,62,FALSE,79
5/16/2020 1:00,16,61,FALSE,77
5/16/2020 2:00,18,66,FALSE,84
5/16/2020 3:00,20,68,FALSE,88
5/16/2020 4:00,20,65,FALSE,85
5/16/2020 5:00,16,49,FALSE,65
5/16/2020 6:00,16,47,FALSE,63
5/16/2020 7:00,12,42,FALSE,54
5/16/2020 8:00,12,43,FALSE,55
5/16/2020 9:00,13,46,FALSE,59
5/16/2020 10:00,11,45,FALSE,56
5/16/2020 11:00,12,42,FALSE,54
5/16/2020 12:00,10,47,FALSE,57
5/16/2020 13:00,11,45,FALSE,56
5/16/2020 14:00,12,53,FALSE,65
5/16/2020 15:00,12,49,FALSE,61
5/16/2020 16:00,13,52,FALSE,65
5/16/2020 17:00,13,55,FALSE,68
5/16/2020 18:00,11,52,FALSE,63
5/16/2020 19:00,12,56,FALSE,68
5/16/2020 20:00,17,58,FALSE,75
5/16/2020 21:00,17,63,FALSE,80
5/16/2020 22:00,18,56,FALSE,74
5/16/2020 23:00,16,65,FALSE,81
5/17/2020 0:00,16,59,FALSE,75
5/17/2020 1:00,16,64,FALSE,80
5/17/2020 2:00,16,67,FALSE,83
5/17/2020 3:00,20,62,FALSE,82
5/17/2020 4:00,19,63,FALSE,82
5/17/2020 5:00,18,53,FALSE,71
5/17/2020 6:00,15,52,FALSE,67
5/17/2020 7:00,12,53,FALSE,65
5/17/2020 8:00,13,45,FALSE,58
5/17/2020 9:00,11,42,FALSE,53
5/17/2020 10:00,11,42,FALSE,53
5/17/2020 11:00,12,40,FALSE,52
5/17/2020 12:00,10,45,FALSE,55
5/17/2020 13:00,13,46,FALSE,59
5/17/2020 14:00,14,54,FALSE,68
5/17/2020 15:00,16,52,FALSE,68
5/17/2020 16:00,18,55,FALSE,73
5/17/2020 17:00,14,55,FALSE,69
5/17/2020 18:00,15,58,FALSE,73
5/17/2020 19:00,17,53,FALSE,70
5/17/2020 20:00,16,55,FALSE,71
5/17/2020 21:00,16,58,FALSE,74
5/17/2020 22:00,17,61,FALSE,78
5/17/2020 23:00,20,64,FALSE,84
5/18/2020 0:00,17,65,FALSE,82
5/18/2020 1:00,21,60,FALSE,81
5/18/2020 2:00,21,67,FALSE,88
5/18/2020 3:00,19,63,FALSE,82
5/18/2020 4:00,18,62,FALSE,80
5/18/2020 5:00,17,49,FALSE,66
5/18/2020 6:00,12,47,FALSE,59
5/18/2020 7:00,11,43,FALSE,54
5/18/2020 8:00,11,43,FALSE,54
5/18/2020 9:00,9,42,FALSE,51
5/18/2020 10:00,11,41,FALSE,52
5/18/2020 11:00,13,38,FALSE,51
5/18/2020 12:00,9,40,FALSE,49
5/18/2020 13:00,13,42,FALSE,55
5/18/2020 14:00,12,44,FALSE,56
5/18/2020 15:00,14,52,FALSE,66
5/18/2020 16:00,16,53,FALSE,69
5/18/2020 17:00,14,56,FALSE,70
5/18/2020 18:00,14,55,FALSE,69
5/18/2020 19:00,14,56,FALSE,70
5/18/2020 20:00,16,58,FALSE,74
5/18/2020 21:00,17,60,FALSE,77
5/18/2020 22:00,18,56,FALSE,74
5/18/2020 23:00,19,65,FALSE,84
5/19/2020 0:00,16,59,FALSE,75
5/19/2020 1:00,20,65,FALSE,85
5/19/2020 2:00,16,65,FALSE,81
5/19/2020 3:00,16,59,FALSE,75
5/19/2020 4:00,17,58,FALSE,75
5/19/2020 5:00,14,53,FALSE,67
5/19/2020 6:00,10,49,FALSE,59
5/19/2020 7:00,10,49,FALSE,59
5/19/2020 8:00,9,47,FALSE,56
5/19/2020 9:00,11,44,FALSE,55
5/19/2020 10:00,10,39,FALSE,49
5/19/2020 11:00,11,42,FALSE,53
5/19/2020 12:00,12,40,FALSE,52
5/19/2020 13:00,12,47,FALSE,59
5/19/2020 14:00,11,49,FALSE,60
5/19/2020 15:00,14,50,FALSE,64
5/19/2020 16:00,13,57,FALSE,70
5/19/2020 17:00,13,58,FALSE,71
5/19/2020 18:00,15,57,FALSE,72
5/19/2020 19:00,13,55,FALSE,68
5/19/2020 20:00,13,54,FALSE,67
5/19/2020 21:00,14,61,FALSE,75
5/19/2020 22:00,17,59,FALSE,76
5/19/2020 23:00,17,65,FALSE,82
5/20/2020 0:00,17,58,FALSE,75
5/20/2020 0:00,20,67,FALSE,87
5/20/2020 1:00,19,71,FALSE,90
5/20/2020 2:00,19,75,FALSE,94
5/20/2020 3:00,18,75,FALSE,93
5/20/2020 4:00,18,68,FALSE,86
5/20/2020 5:00,16,56,FALSE,72
5/20/2020 6:00,13,51,FALSE,64
5/20/2020 7:00,14,51,FALSE,65
5/20/2020 8:00,12,50,FALSE,62
5/20/2020 9:00,12,47,FALSE,59
5/20/2020 10:00,12,43,FALSE,55
5/20/2020 11:00,13,45,FALSE,58
5/20/2020 12:00,11,47,FALSE,58
5/20/2020 13:00,15,50,FALSE,65
5/20/2020 14:00,14,57,FALSE,71
5/20/2020 15:00,15,60,FALSE,75
5/20/2020 16:00,13,62,FALSE,75
5/20/2020 17:00,16,64,FALSE,80
5/20/2020 18:00,14,61,FALSE,75
5/20/2020 19:00,16,65,FALSE,81
5/20/2020 20:00,16,58,FALSE,74
5/20/2020 21:00,16,67,FALSE,83
5/20/2020 22:00,20,70,FALSE,90
5/20/2020 23:00,17,75,FALSE,92
5/21/2020 0:00,18,69,FALSE,87
5/21/2020 1:00,18,75,FALSE,93
5/21/2020 2:00,17,73,FALSE,90
5/21/2020 3:00,16,71,FALSE,87
5/21/2020 4:00,16,62,FALSE,78
5/21/2020 5:00,16,64,FALSE,80
5/21/2020 6:00,12,56,FALSE,68
5/21/2020 7:00,13,50,FALSE,63
5/21/2020 8:00,11,47,FALSE,58
5/21/2020 9:00,10,47,FALSE,57
5/21/2020 10:00,12,46,FALSE,58
5/21/2020 11:00,12,51,FALSE,63
5/21/2020 12:00,13,49,FALSE,62
5/21/2020 13:00,17,53,FALSE,70
5/21/2020 14:00,15,59,FALSE,74
5/21/2020 15:00,13,63,FALSE,76
5/21/2020 16:00,14,68,FALSE,82
5/21/2020 17:00,14,63,FALSE,77
5/21/2020 18:00,15,61,FALSE,76
5/21/2020 19:00,15,66,FALSE,81
5/21/2020 20:00,15,67,FALSE,82
5/21/2020 21:00,17,70,FALSE,87
5/21/2020 22:00,16,70,FALSE,86
5/21/2020 23:00,21,71,FALSE,92
5/22/2020 0:00,19,77,FALSE,96
5/22/2020 1:00,17,73,FALSE,90
5/22/2020 2:00,15,78,FALSE,93
5/22/2020 3:00,21,78,FALSE,99
5/22/2020 4:00,17,71,FALSE,88
5/22/2020 5:00,16,68,FALSE,84
5/22/2020 6:00,13,52,FALSE,65
5/22/2020 7:00,12,50,FALSE,62
5/22/2020 8:00,9,52,FALSE,61
5/22/2020 9:00,12,49,FALSE,61
5/22/2020 10:00,12,50,FALSE,62
5/22/2020 11:00,13,48,FALSE,61
5/22/2020 12:00,13,49,FALSE,62
5/22/2020 13:00,11,53,FALSE,64
5/22/2020 14:00,13,63,FALSE,76
5/22/2020 15:00,11,62,FALSE,73
5/22/2020 16:00,14,72,FALSE,86
5/22/2020 17:00,14,71,FALSE,85
5/22/2020 18:00,13,69,FALSE,82
5/22/2020 19:00,13,67,FALSE,80
5/22/2020 20:00,14,68,FALSE,82
5/22/2020 21:00,15,72,FALSE,87
5/22/2020 22:00,18,75,FALSE,93
5/22/2020 23:00,19,83,FALSE,102
5/23/2020 0:00,20,80,FALSE,100
5/23/2020 1:00,19,87,FALSE,106
5/23/2020 2:00,19,85,FALSE,104
5/23/2020 3:00,17,85,FALSE,102
5/23/2020 4:00,18,82,FALSE,100
5/23/2020 5:00,15,70,FALSE,85
5/23/2020 6:00,13,64,FALSE,77
5/23/2020 7:00,11,63,FALSE,74
5/23/2020 8:00,12,60,FALSE,72
5/23/2020 9:00,11,60,FALSE,71
5/23/2020 10:00,13,63,FALSE,76
5/23/2020 11:00,12,56,FALSE,68
5/23/2020 12:00,11,57,FALSE,68
5/23/2020 13:00,14,56,FALSE,70
5/23/2020 14:00,13,67,FALSE,80
5/23/2020 15:00,13,70,FALSE,83
5/23/2020 16:00,12,69,FALSE,81
5/23/2020 17:00,14,76,FALSE,90
5/23/2020 18:00,15,74,FALSE,89
5/23/2020 19:00,15,77,FALSE,92
5/23/2020 20:00,13,79,FALSE,92
5/23/2020 21:00,16,76,FALSE,92
5/23/2020 22:00,17,81,FALSE,98
5/23/2020 23:00,19,76,FALSE,95
5/24/2020 0:00,15,83,FALSE,98
5/24/2020 1:00,17,85,FALSE,102
5/24/2020 2:00,17,87,FALSE,104
5/24/2020 3:00,19,88,FALSE,107
5/24/2020 4:00,18,91,FALSE,109
5/24/2020 5:00,19,83,FALSE,102
5/24/2020 6:00,15,67,FALSE,82
5/24/2020 7:00,14,66,FALSE,80
5/24/2020 8:00,11,60,FALSE,71
5/24/2020 9:00,10,65,FALSE,75
5/24/2020 10:00,12,63,FALSE,75
5/24/2020 11:00,15,71,FALSE,86
5/24/2020 12:00,13,65,FALSE,78
5/24/2020 13:00,11,64,FALSE,75
5/24/2020 14:00,12,72,FALSE,84
5/24/2020 15:00,10,70,FALSE,80
5/24/2020 16:00,12,73,FALSE,85
5/24/2020 17:00,12,77,FALSE,89
5/24/2020 18:00,14,77,FALSE,91
5/24/2020 19:00,13,77,FALSE,90
5/24/2020 20:00,13,78,FALSE,91
5/24/2020 21:00,15,82,FALSE,97
5/24/2020 22:00,15,83,FALSE,98
5/24/2020 23:00,18,90,FALSE,108
5/25/2020 0:00,17,86,FALSE,103
5/25/2020 1:00,17,90,FALSE,107
5/25/2020 2:00,19,90,FALSE,109
5/25/2020 3:00,17,84,FALSE,101
5/25/2020 4:00,16,86,FALSE,102
5/25/2020 5:00,17,72,FALSE,89
5/25/2020 6:00,13,66,FALSE,79
5/25/2020 7:00,11,63,FALSE,74
5/25/2020 8:00,12,68,FALSE,80
5/25/2020 9:00,10,63,FALSE,73
5/25/2020 10:00,12,61,FALSE,73
5/25/2020 11:00,12,60,FALSE,72
5/25/2020 12:00,12,61,FALSE,73
5/25/2020 13:00,11,60,FALSE,71
5/25/2020 14:00,13,69,FALSE,82
5/25/2020 15:00,12,77,FALSE,89
5/25/2020 16:00,12,73,FALSE,85
5/25/2020 17:00,15,81,FALSE,96
5/25/2020 18:00,11,78,FALSE,89
5/25/2020 19:00,13,80,FALSE,93
5/25/2020 20:00,14,88,FALSE,102
5/25/2020 21:00,13,89,FALSE,102
5/25/2020 22:00,13,93,FALSE,106
5/25/2020 23:00,15,96,FALSE,111
5/26/2020 0:00,19,100,FALSE,119
5/26/2020 1:00,17,96,FALSE,113
5/26/2020 2:00,16,95,FALSE,111
5/26/2020 3:00,17,97,FALSE,114
5/26/2020 4:00,16,91,FALSE,107
5/26/2020 5:00,15,76,FALSE,91
5/26/2020 6:00,13,65,FALSE,78
5/26/2020 7:00,10,66,FALSE,76
5/26/2020 8:00,13,69,FALSE,82
5/26/2020 9:00,9,68,FALSE,77
5/26/2020 10:00,11,64,FALSE,75
5/26/2020 11:00,12,69,FALSE,81
5/26/2020 12:00,11,68,FALSE,79
5/26/2020 13:00,13,74,FALSE,87
5/26/2020 14:00,13,78,FALSE,91
5/26/2020 15:00,13,87,FALSE,100
5/26/2020 16:00,14,86,FALSE,100
5/26/2020 17:00,14,86,FALSE,100
5/26/2020 18:00,15,87,FALSE,102
5/26/2020 19:00,14,88,FALSE,102
5/26/2020 20:00,13,84,FALSE,97
5/26/2020 21:00,13,89,FALSE,102
5/26/2020 22:00,15,89,FALSE,104
5/26/2020 23:00,16,94,FALSE,110
5/27/2020 0:00,16,91,FALSE,107
5/27/2020 0:00,16,89,FALSE,105
5/27/2020 1:00,15,87,FALSE,102
5/27/2020 2:00,14,89,FALSE,103
5/27/2020 3:00,18,86,FALSE,104
5/27/2020 4:00,17,83,FALSE,100
5/27/2020 5:00,14,74,FALSE,88
5/27/2020 6:00,10,68,FALSE,78
5/27/2020 7:00,6,68,FALSE,74
5/27/2020 8:00,9,59,FALSE,68
5/27/2020 9:00,8,64,FALSE,72
5/27/2020 10:00,10,60,FALSE,70
5/27/2020 11:00,12,61,FALSE,73
5/27/2020 12:00,13,62,FALSE,75
5/27/2020 13:00,13,66,FALSE,79
5/27/2020 14:00,13,71,FALSE,84
5/27/2020 15:00,15,74,FALSE,89
5/27/2020 16:00,14,79,FALSE,93
5/27/2020 17:00,13,82,FALSE,95
5/27/2020 18:00,14,80,FALSE,94
5/27/2020 19:00,15,74,FALSE,89
5/27/2020 20:00,13,75,FALSE,88
5/27/2020 21:00,15,81,FALSE,96
5/27/2020 22:00,17,86,FALSE,103
5/27/2020 23:00,19,90,FALSE,109
5/28/2020 0:00,19,90,FALSE,109
5/28/2020 1:00,20,86,FALSE,106
5/28/2020 2:00,20,93,FALSE,113
5/28/2020 3:00,17,90,FALSE,107
5/28/2020 4:00,15,93,FALSE,108
5/28/2020 5:00,16,84,FALSE,100
5/28/2020 6:00,13,72,FALSE,85
5/28/2020 7:00,10,67,FALSE,77
5/28/2020 8:00,9,66,FALSE,75
5/28/2020 9:00,11,60,FALSE,71
5/28/2020 10:00,10,61,FALSE,71
5/28/2020 11:00,12,61,FALSE,73
5/28/2020 12:00,11,60,FALSE,71
5/28/2020 13:00,14,65,FALSE,79
5/28/2020 14:00,14,70,FALSE,84
5/28/2020 15:00,16,73,FALSE,89
5/28/2020 16:00,15,78,FALSE,93
5/28/2020 17:00,16,80,FALSE,96
5/28/2020 18:00,13,79,FALSE,92
5/28/2020 19:00,14,81,FALSE,95
5/28/2020 20:00,15,82,FALSE,97
5/28/2020 21:00,15,78,FALSE,93
5/28/2020 22:00,16,83,FALSE,99
5/28/2020 23:00,17,88,FALSE,105
5/29/2020 0:00,17,89,FALSE,106
5/29/2020 1:00,20,94,FALSE,114
5/29/2020 2:00,18,90,FALSE,108
5/29/2020 3:00,17,93,FALSE,110
5/29/2020 4:00,15,89,FALSE,104
5/29/2020 5:00,15,76,FALSE,91
5/29/2020 6:00,12,69,FALSE,81
5/29/2020 7:00,11,65,FALSE,76
5/29/2020 8:00,11,63,FALSE,74
5/29/2020 9:00,10,61,FALSE,71
5/29/2020 10:00,12,62,FALSE,74
5/29/2020 11:00,11,57,FALSE,68
5/29/2020 12:00,11,66,FALSE,77
5/29/2020 13:00,13,64,FALSE,77
5/29/2020 14:00,14,69,FALSE,83
5/29/2020 15:00,14,69,FALSE,83
5/29/2020 16:00,13,80,FALSE,93
5/29/2020 17:00,12,80,FALSE,92
5/29/2020 18:00,13,85,FALSE,98
5/29/2020 19:00,14,82,FALSE,96
5/29/2020 20:00,14,83,FALSE,97
5/29/2020 21:00,14,80,FALSE,94
5/29/2020 22:00,17,85,FALSE,102
5/29/2020 23:00,14,80,FALSE,94
5/30/2020 0:00,15,84,FALSE,99
5/30/2020 1:00,16,92,FALSE,108
5/30/2020 2:00,14,100,FALSE,114
5/30/2020 3:00,20,89,FALSE,109
5/30/2020 4:00,18,83,FALSE,101
5/30/2020 5:00,16,76,FALSE,92
5/30/2020 6:00,17,73,FALSE,90
5/30/2020 7:00,12,66,FALSE,78
5/30/2020 8:00,13,64,FALSE,77
5/30/2020 9:00,10,63,FALSE,73
5/30/2020 10:00,13,64,FALSE,77
5/30/2020 11:00,16,69,FALSE,85
5/30/2020 12:00,13,62,FALSE,75
5/30/2020 13:00,16,67,FALSE,83
5/30/2020 14:00,14,68,FALSE,82
5/30/2020 15:00,15,75,FALSE,90
5/30/2020 16:00,14,75,FALSE,89
5/30/2020 17:00,15,77,FALSE,92
5/30/2020 18:00,16,81,FALSE,97
5/30/2020 19:00,18,77,FALSE,95
5/30/2020 20:00,21,83,FALSE,104
5/30/2020 21:00,17,77,FALSE,94
5/30/2020 22:00,28,86,FALSE,114
5/30/2020 23:00,23,83,FALSE,106
5/31/2020 0:00,22,93,FALSE,115
5/31/2020 1:00,20,84,FALSE,104
5/31/2020 2:00,22,88,FALSE,110
5/31/2020 3:00,20,89,FALSE,109
5/31/2020 4:00,21,83,FALSE,104
5/31/2020 5:00,20,72,FALSE,92
5/31/2020 6:00,18,73,FALSE,91
5/31/2020 7:00,18,60,FALSE,78
5/31/2020 8:00,16,63,FALSE,79
5/31/2020 9:00,14,63,FALSE,77
5/31/2020 10:00,16,61,FALSE,77
5/31/2020 11:00,19,61,FALSE,80
5/31/2020 12:00,16,62,FALSE,78
5/31/2020 13:00,17,62,FALSE,79
5/31/2020 14:00,15,65,FALSE,80
5/31/2020 15:00,17,67,FALSE,84
5/31/2020 16:00,15,75,FALSE,90
5/31/2020 17:00,15,79,FALSE,94
5/31/2020 18:00,16,77,FALSE,93
5/31/2020 19:00,15,73,FALSE,88
5/31/2020 20:00,17,75,FALSE,92
5/31/2020 21:00,18,71,FALSE,89
5/31/2020 22:00,17,78,FALSE,95
5/31/2020 23:00,19,82,FALSE,101
6/1/2020 0:00,17,78,FALSE,95
6/1/2020 1:00,15,80,FALSE,95
6/1/2020 2:00,17,81,FALSE,98
6/1/2020 3:00,18,76,FALSE,94
6/1/2020 4:00,19,77,FALSE,96
6/1/2020 5:00,16,68,FALSE,84
6/1/2020 6:00,16,65,FALSE,81
6/1/2020 7:00,14,55,FALSE,69
6/1/2020 8:00,12,58,FALSE,70
6/1/2020 9:00,12,54,FALSE,66
6/1/2020 10:00,13,57,FALSE,70
6/1/2020 11:00,12,54,FALSE,66
6/1/2020 12:00,13,56,FALSE,69
6/1/2020 13:00,14,59,FALSE,73
6/1/2020 14:00,14,63,FALSE,77
6/1/2020 15:00,13,64,FALSE,77
6/1/2020 16:00,13,71,FALSE,84
6/1/2020 17:00,15,67,FALSE,82
6/1/2020 18:00,14,73,FALSE,87
6/1/2020 19:00,14,66,FALSE,80
6/1/2020 20:00,15,69,FALSE,84
6/1/2020 21:00,14,72,FALSE,86
6/1/2020 22:00,15,75,FALSE,90
6/1/2020 23:00,21,75,FALSE,96
6/2/2020 0:00,21,76,FALSE,97
6/2/2020 1:00,17,79,FALSE,96
6/2/2020 2:00,23,79,FALSE,102
6/2/2020 3:00,17,82,FALSE,99
6/2/2020 4:00,20,79,FALSE,99
6/2/2020 5:00,15,68,FALSE,83
6/2/2020 6:00,13,60,FALSE,73
6/2/2020 7:00,13,56,FALSE,69
6/2/2020 8:00,13,56,FALSE,69
6/2/2020 9:00,12,54,FALSE,66
6/2/2020 10:00,12,58,FALSE,70
6/2/2020 11:00,13,55,FALSE,68
6/2/2020 12:00,14,56,FALSE,70
6/2/2020 13:00,15,59,FALSE,74
6/2/2020 14:00,17,61,FALSE,78
6/2/2020 15:00,16,63,FALSE,79
6/2/2020 16:00,15,76,FALSE,91
6/2/2020 17:00,14,79,FALSE,93
6/2/2020 18:00,13,71,FALSE,84
6/2/2020 19:00,12,72,FALSE,84
6/2/2020 20:00,12,73,FALSE,85
6/2/2020 21:00,16,74,FALSE,90
6/2/2020 22:00,17,80,FALSE,97
6/2/2020 23:00,15,84,FALSE,99
6/3/2020 0:00,17,81,FALSE,98
6/3/2020 0:00,18,86,FALSE,104
6/3/2020 1:00,17,93,FALSE,110
6/3/2020 2:00,18,86,FALSE,104
6/3/2020 3:00,18,95,FALSE,113
6/3/2020 4:00,16,86,FALSE,102
6/3/2020 5:00,15,67,FALSE,82
6/3/2020 6:00,14,75,FALSE,89
6/3/2020 7:00,9,64,FALSE,73
6/3/2020 8:00,10,64,FALSE,74
6/3/2020 9:00,9,64,FALSE,73
6/3/2020 10:00,9,59,FALSE,68
6/3/2020 11:00,10,60,FALSE,70
6/3/2020 12:00,11,58,FALSE,69
6/3/2020 13:00,13,63,FALSE,76
6/3/2020 14:00,13,65,FALSE,78
6/3/2020 15:00,14,68,FALSE,82
6/3/2020 16:00,15,77,FALSE,92
6/3/2020 17:00,14,81,FALSE,95
6/3/2020 18:00,15,71,FALSE,86
6/3/2020 19:00,15,74,FALSE,89
6/3/2020 20:00,16,74,FALSE,90
6/3/2020 21:00,18,72,FALSE,90
6/3/2020 22:00,17,79,FALSE,96
6/3/2020 23:00,20,93,FALSE,113
6/4/2020 0:00,18,92,FALSE,110
6/4/2020 1:00,19,83,FALSE,102
6/4/2020 2:00,19,88,FALSE,107
6/4/2020 3:00,20,93,FALSE,113
6/4/2020 4:00,17,78,FALSE,95
6/4/2020 5:00,15,74,FALSE,89
6/4/2020 6:00,13,64,FALSE,77
6/4/2020 7:00,13,61,FALSE,74
6/4/2020 8:00,14,64,FALSE,78
6/4/2020 9:00,11,63,FALSE,74
6/4/2020 10:00,10,61,FALSE,71
6/4/2020 11:00,13,60,FALSE,73
6/4/2020 12:00,13,59,FALSE,72
6/4/2020 13:00,15,60,FALSE,75
6/4/2020 14:00,14,69,FALSE,83
6/4/2020 15:00,16,74,FALSE,90
6/4/2020 16:00,18,79,FALSE,97
6/4/2020 17:00,15,78,FALSE,93
6/4/2020 18:00,17,71,FALSE,88
6/4/2020 19:00,16,72,FALSE,88
6/4/2020 20:00,17,76,FALSE,93
6/4/2020 21:00,18,73,FALSE,91
6/4/2020 22:00,17,78,FALSE,95
6/4/2020 23:00,22,85,FALSE,107
6/5/2020 0:00,21,88,FALSE,109
6/5/2020 1:00,20,86,FALSE,106
6/5/2020 2:00,19,84,FALSE,103
6/5/2020 3:00,19,95,FALSE,114
6/5/2020 4:00,14,85,FALSE,99
6/5/2020 5:00,19,72,FALSE,91
6/5/2020 6:00,13,68,FALSE,81
6/5/2020 7:00,11,62,FALSE,73
6/5/2020 8:00,9,66,FALSE,75
6/5/2020 9:00,10,63,FALSE,73
6/5/2020 10:00,11,62,FALSE,73
6/5/2020 11:00,12,59,FALSE,71
6/5/2020 12:00,12,58,FALSE,70
6/5/2020 13:00,15,66,FALSE,81
6/5/2020 14:00,15,69,FALSE,84
6/5/2020 15:00,15,75,FALSE,90
6/5/2020 16:00,14,75,FALSE,89
6/5/2020 17:00,15,74,FALSE,89
6/5/2020 18:00,16,74,FALSE,90
6/5/2020 19:00,14,74,FALSE,88
6/5/2020 20:00,16,72,FALSE,88
6/5/2020 21:00,16,75,FALSE,91
6/5/2020 22:00,18,78,FALSE,96
6/5/2020 23:00,18,85,FALSE,103
6/6/2020 0:00,16,87,FALSE,103
6/6/2020 1:00,19,89,FALSE,108
6/6/2020 2:00,18,86,FALSE,104
6/6/2020 3:00,20,89,FALSE,109
6/6/2020 4:00,20,80,FALSE,100
6/6/2020 5:00,17,76,FALSE,93
6/6/2020 6:00,14,64,FALSE,78
6/6/2020 7:00,12,63,FALSE,75
6/6/2020 8:00,11,63,FALSE,74
6/6/2020 9:00,10,67,FALSE,77
6/6/2020 10:00,11,64,FALSE,75
6/6/2020 11:00,13,59,FALSE,72
6/6/2020 12:00,12,61,FALSE,73
6/6/2020 13:00,13,65,FALSE,78
6/6/2020 14:00,14,82,FALSE,96
6/6/2020 15:00,15,79,FALSE,94
6/6/2020 16:00,15,81,FALSE,96
6/6/2020 17:00,16,83,FALSE,99
6/6/2020 18:00,12,83,FALSE,95
6/6/2020 19:00,15,79,FALSE,94
6/6/2020 20:00,12,81,FALSE,93
6/6/2020 21:00,13,84,FALSE,97
6/6/2020 22:00,14,83,FALSE,97
6/6/2020 23:00,19,93,FALSE,112
6/7/2020 0:00,17,89,FALSE,106
6/7/2020 1:00,19,88,FALSE,107
6/7/2020 2:00,20,96,FALSE,116
6/7/2020 3:00,21,100,FALSE,121
6/7/2020 4:00,15,88,FALSE,103
6/7/2020 5:00,17,82,FALSE,99
6/7/2020 6:00,14,73,FALSE,87
6/7/2020 7:00,11,71,FALSE,82
6/7/2020 8:00,12,71,FALSE,83
6/7/2020 9:00,11,69,FALSE,80
6/7/2020 10:00,10,64,FALSE,74
6/7/2020 11:00,10,59,FALSE,69
6/7/2020 12:00,11,65,FALSE,76
6/7/2020 13:00,11,65,FALSE,76
6/7/2020 14:00,11,68,FALSE,79
6/7/2020 15:00,13,68,FALSE,81
6/7/2020 16:00,12,79,FALSE,91
6/7/2020 17:00,14,81,FALSE,95
6/7/2020 18:00,12,80,FALSE,92
6/7/2020 19:00,13,81,FALSE,94
6/7/2020 20:00,13,78,FALSE,91
6/7/2020 21:00,14,82,FALSE,96
6/7/2020 22:00,16,82,FALSE,98
6/7/2020 23:00,19,82,FALSE,101
6/8/2020 0:00,18,91,FALSE,109
6/8/2020 1:00,15,86,FALSE,101
6/8/2020 2:00,20,89,FALSE,109
6/8/2020 3:00,19,87,FALSE,106
6/8/2020 4:00,16,77,FALSE,93
6/8/2020 5:00,13,75,FALSE,88
6/8/2020 6:00,11,71,FALSE,82
6/8/2020 7:00,10,59,FALSE,69
6/8/2020 8:00,10,62,FALSE,72
6/8/2020 9:00,10,56,FALSE,66
6/8/2020 10:00,8,62,FALSE,70
6/8/2020 11:00,11,58,FALSE,69
6/8/2020 12:00,10,58,FALSE,68
6/8/2020 13:00,11,59,FALSE,70
6/8/2020 14:00,13,64,FALSE,77
6/8/2020 15:00,14,69,FALSE,83
6/8/2020 16:00,16,72,FALSE,88
6/8/2020 17:00,16,80,FALSE,96
6/8/2020 18:00,15,74,FALSE,89
6/8/2020 19:00,18,74,FALSE,92
6/8/2020 20:00,17,75,FALSE,92
6/8/2020 21:00,17,83,FALSE,100
6/8/2020 22:00,18,89,FALSE,107
6/8/2020 23:00,21,90,FALSE,111
6/9/2020 0:00,21,87,FALSE,108
6/9/2020 1:00,24,92,FALSE,116
6/9/2020 2:00,20,90,FALSE,110
6/9/2020 3:00,21,84,FALSE,105
6/9/2020 4:00,19,86,FALSE,105
6/9/2020 5:00,19,73,FALSE,92
6/9/2020 6:00,13,73,FALSE,86
6/9/2020 7:00,12,64,FALSE,76
6/9/2020 8:00,11,67,FALSE,78
6/9/2020 9:00,11,59,FALSE,70
6/9/2020 10:00,9,56,FALSE,65
6/9/2020 11:00,13,60,FALSE,73
6/9/2020 12:00,12,61,FALSE,73
6/9/2020 13:00,13,58,FALSE,71
6/9/2020 14:00,13,65,FALSE,78
6/9/2020 15:00,13,70,FALSE,83
6/9/2020 16:00,18,72,FALSE,90
6/9/2020 17:00,16,74,FALSE,90
6/9/2020 18:00,15,74,FALSE,89
6/9/2020 19:00,15,72,FALSE,87
6/9/2020 20:00,16,78,FALSE,94
6/9/2020 21:00,19,77,FALSE,96
6/9/2020 22:00,16,81,FALSE,97
6/9/2020 23:00,18,89,FALSE,107
6/10/2020 0:00,18,87,FALSE,105
6/10/2020 0:00,18,88,FALSE,106
6/10/2020 1:00,20,90,FALSE,110
6/10/2020 2:00,17,89,FALSE,106
6/10/2020 3:00,24,89,FALSE,113
6/10/2020 4:00,19,82,FALSE,101
6/10/2020 5:00,17,70,FALSE,87
6/10/2020 6:00,14,72,FALSE,86
6/10/2020 7:00,9,65,FALSE,74
6/10/2020 8:00,11,62,FALSE,73
6/10/2020 9:00,11,63,FALSE,74
6/10/2020 10:00,11,60,FALSE,71
6/10/2020 11:00,11,57,FALSE,68
6/10/2020 12:00,12,63,FALSE,75
6/10/2020 13:00,15,62,FALSE,77
6/10/2020 14:00,14,70,FALSE,84
6/10/2020 15:00,17,74,FALSE,91
6/10/2020 16:00,16,78,FALSE,94
6/10/2020 17:00,17,83,FALSE,100
6/10/2020 18:00,17,81,FALSE,98
6/10/2020 19:00,18,82,FALSE,100
6/10/2020 20:00,19,78,FALSE,97
6/10/2020 21:00,21,81,FALSE,102
6/10/2020 22:00,22,84,FALSE,106
6/10/2020 23:00,21,85,FALSE,106
6/11/2020 0:00,21,92,FALSE,113
6/11/2020 1:00,22,84,FALSE,106
6/11/2020 2:00,21,92,FALSE,113
6/11/2020 3:00,20,84,FALSE,104
6/11/2020 4:00,21,84,FALSE,105
6/11/2020 5:00,21,76,FALSE,97
6/11/2020 6:00,16,71,FALSE,87
6/11/2020 7:00,12,62,FALSE,74
6/11/2020 8:00,13,64,FALSE,77
6/11/2020 9:00,11,61,FALSE,72
6/11/2020 10:00,12,60,FALSE,72
6/11/2020 11:00,12,60,FALSE,72
6/11/2020 12:00,11,61,FALSE,72
6/11/2020 13:00,13,63,FALSE,76
6/11/2020 14:00,13,70,FALSE,83
6/11/2020 15:00,17,73,FALSE,90
6/11/2020 16:00,16,76,FALSE,92
6/11/2020 17:00,16,83,FALSE,99
6/11/2020 18:00,16,79,FALSE,95
6/11/2020 19:00,17,77,FALSE,94
6/11/2020 20:00,16,82,FALSE,98
6/11/2020 21:00,18,82,FALSE,100
6/11/2020 22:00,17,85,FALSE,102
6/11/2020 23:00,19,86,FALSE,105
6/12/2020 0:00,23,97,FALSE,120
6/12/2020 1:00,19,89,FALSE,108
6/12/2020 2:00,22,100,FALSE,122
6/12/2020 3:00,15,95,FALSE,110
6/12/2020 4:00,18,81,FALSE,99
6/12/2020 5:00,14,79,FALSE,93
6/12/2020 6:00,14,70,FALSE,84
6/12/2020 7:00,11,67,FALSE,78
6/12/2020 8:00,11,60,FALSE,71
6/12/2020 9:00,12,62,FALSE,74
6/12/2020 10:00,11,63,FALSE,74
6/12/2020 11:00,14,59,FALSE,73
6/12/2020 12:00,13,60,FALSE,73
6/12/2020 13:00,15,63,FALSE,78
6/12/2020 14:00,15,72,FALSE,87
6/12/2020 15:00,14,73,FALSE,87
6/12/2020 16:00,16,80,FALSE,96
6/12/2020 17:00,14,79,FALSE,93
6/12/2020 18:00,14,77,FALSE,91
6/12/2020 19:00,14,80,FALSE,94
6/12/2020 20:00,15,76,FALSE,91
6/12/2020 21:00,17,80,FALSE,97
6/12/2020 22:00,18,85,FALSE,103
6/12/2020 23:00,15,89,FALSE,104
6/13/2020 0:00,18,87,FALSE,105
6/13/2020 1:00,21,90,FALSE,111
6/13/2020 2:00,19,95,FALSE,114
6/13/2020 3:00,25,96,FALSE,121
6/13/2020 4:00,22,87,FALSE,109
6/13/2020 5:00,17,78,FALSE,95
6/13/2020 6:00,16,76,FALSE,92
6/13/2020 7:00,10,68,FALSE,78
6/13/2020 8:00,13,64,FALSE,77
6/13/2020 9:00,14,63,FALSE,77
6/13/2020 10:00,11,62,FALSE,73
6/13/2020 11:00,14,59,FALSE,73
6/13/2020 12:00,13,64,FALSE,77
6/13/2020 13:00,15,62,FALSE,77
6/13/2020 14:00,14,72,FALSE,86
6/13/2020 15:00,13,75,FALSE,88
6/13/2020 16:00,15,75,FALSE,90
6/13/2020 17:00,14,77,FALSE,91
6/13/2020 18:00,15,81,FALSE,96
6/13/2020 19:00,14,80,FALSE,94
6/13/2020 20:00,14,78,FALSE,92
6/13/2020 21:00,15,72,FALSE,87
6/13/2020 22:00,16,78,FALSE,94
6/13/2020 23:00,22,87,FALSE,109
6/14/2020 0:00,18,92,FALSE,110
6/14/2020 1:00,17,88,FALSE,105
6/14/2020 2:00,20,91,FALSE,111
6/14/2020 3:00,17,90,FALSE,107
6/14/2020 4:00,17,86,FALSE,103
6/14/2020 5:00,18,84,FALSE,102
6/14/2020 6:00,14,70,FALSE,84
6/14/2020 7:00,15,64,FALSE,79
6/14/2020 8:00,14,66,FALSE,80
6/14/2020 9:00,11,60,FALSE,71
6/14/2020 10:00,10,63,FALSE,73
6/14/2020 11:00,15,63,FALSE,78
6/14/2020 12:00,13,61,FALSE,74
6/14/2020 13:00,13,63,FALSE,76
6/14/2020 14:00,11,65,FALSE,76
6/14/2020 15:00,14,74,FALSE,88
6/14/2020 16:00,14,78,FALSE,92
6/14/2020 17:00,13,74,FALSE,87
6/14/2020 18:00,13,77,FALSE,90
6/14/2020 19:00,12,76,FALSE,88
6/14/2020 20:00,14,74,FALSE,88
6/14/2020 21:00,15,84,FALSE,99
6/14/2020 22:00,18,88,FALSE,106
6/14/2020 23:00,17,93,FALSE,110
6/15/2020 0:00,18,98,FALSE,116
6/15/2020 1:00,16,83,FALSE,99
6/15/2020 2:00,20,90,FALSE,110
6/15/2020 3:00,19,86,FALSE,105
6/15/2020 4:00,17,82,FALSE,99
6/15/2020 5:00,13,71,FALSE,84
6/15/2020 6:00,13,63,FALSE,76
6/15/2020 7:00,11,60,FALSE,71
6/15/2020 8:00,11,55,FALSE,66
6/15/2020 9:00,10,57,FALSE,67
6/15/2020 10:00,12,59,FALSE,71
6/15/2020 11:00,12,56,FALSE,68
6/15/2020 12:00,13,55,FALSE,68
6/15/2020 13:00,14,61,FALSE,75
6/15/2020 14:00,14,61,FALSE,75
6/15/2020 15:00,14,63,FALSE,77
6/15/2020 16:00,13,72,FALSE,85
6/15/2020 17:00,15,68,FALSE,83
6/15/2020 18:00,14,70,FALSE,84
6/15/2020 19:00,15,70,FALSE,85
6/15/2020 20:00,14,67,FALSE,81
6/15/2020 21:00,17,73,FALSE,90
6/15/2020 22:00,17,80,FALSE,97
6/15/2020 23:00,21,80,FALSE,101
6/16/2020 0:00,18,79,FALSE,97
6/16/2020 1:00,20,91,FALSE,111
6/16/2020 2:00,20,87,FALSE,107
6/16/2020 3:00,19,79,FALSE,98
6/16/2020 4:00,19,78,FALSE,97
6/16/2020 5:00,17,70,FALSE,87
6/16/2020 6:00,13,66,FALSE,79
6/16/2020 7:00,12,62,FALSE,74
6/16/2020 8:00,10,57,FALSE,67
6/16/2020 9:00,11,68,FALSE,79
6/16/2020 10:00,12,61,FALSE,73
6/16/2020 11:00,13,55,FALSE,68
6/16/2020 12:00,13,58,FALSE,71
6/16/2020 13:00,14,59,FALSE,73
6/16/2020 14:00,15,65,FALSE,80
6/16/2020 15:00,17,71,FALSE,88
6/16/2020 16:00,17,71,FALSE,88
6/16/2020 17:00,15,75,FALSE,90
6/16/2020 18:00,16,72,FALSE,88
6/16/2020 19:00,16,73,FALSE,89
6/16/2020 20:00,15,74,FALSE,89
6/16/2020 21:00,16,70,FALSE,86
6/16/2020 22:00,14,81,FALSE,95
6/16/2020 23:00,16,79,FALSE,95
6/17/2020 0:00,19,86,FALSE,105
6/17/2020 0:00,20,88,FALSE,108
6/17/2020 1:00,21,90,FALSE,111
6/17/2020 2:00,18,93,FALSE,111
6/17/2020 3:00,18,95,FALSE,113
6/17/2020 4:00,16,89,FALSE,105
6/17/2020 5:00,18,77,FALSE,95
6/17/2020 6:00,14,64,FALSE,78
6/17/2020 7:00,14,59,FALSE,73
6/17/2020 8:00,11,60,FALSE,71
6/17/2020 9:00,13,62,FALSE,75
6/17/2020 10:00,12,55,FALSE,67
6/17/2020 11:00,14,56,FALSE,70
6/17/2020 12:00,13,52,FALSE,65
6/17/2020 13:00,14,58,FALSE,72
6/17/2020 14:00,15,65,FALSE,80
6/17/2020 15:00,14,66,FALSE,80
6/17/2020 16:00,14,72,FALSE,86
6/17/2020 17:00,16,74,FALSE,90
6/17/2020 18:00,15,70,FALSE,85
6/17/2020 19:00,14,68,FALSE,82
6/17/2020 20:00,13,74,FALSE,87
6/17/2020 21:00,15,71,FALSE,86
6/17/2020 22:00,19,84,FALSE,103
6/17/2020 23:00,19,86,FALSE,105
6/18/2020 0:00,18,90,FALSE,108
6/18/2020 1:00,20,83,FALSE,103
6/18/2020 2:00,17,89,FALSE,106
6/18/2020 3:00,18,85,FALSE,103
6/18/2020 4:00,17,80,FALSE,97
6/18/2020 5:00,17,72,FALSE,89
6/18/2020 6:00,13,59,FALSE,72
6/18/2020 7:00,12,59,FALSE,71
6/18/2020 8:00,10,61,FALSE,71
6/18/2020 9:00,11,68,FALSE,79
6/18/2020 10:00,11,60,FALSE,71
6/18/2020 11:00,13,59,FALSE,72
6/18/2020 12:00,13,55,FALSE,68
6/18/2020 13:00,15,60,FALSE,75
6/18/2020 14:00,13,65,FALSE,78
6/18/2020 15:00,11,67,FALSE,78
6/18/2020 16:00,15,72,FALSE,87
6/18/2020 17:00,14,73,FALSE,87
6/18/2020 18:00,12,74,FALSE,86
6/18/2020 19:00,16,71,FALSE,87
6/18/2020 20:00,15,76,FALSE,91
6/18/2020 21:00,16,75,FALSE,91
6/18/2020 22:00,18,80,FALSE,98
6/18/2020 23:00,17,87,FALSE,104
6/19/2020 0:00,18,95,FALSE,113
6/19/2020 1:00,18,84,FALSE,102
6/19/2020 2:00,19,90,FALSE,109
6/19/2020 3:00,19,88,FALSE,107
6/19/2020 4:00,19,85,FALSE,104
6/19/2020 5:00,16,70,FALSE,86
6/19/2020 6:00,17,63,FALSE,80
6/19/2020 7:00,10,61,FALSE,71
6/19/2020 8:00,13,61,FALSE,74
6/19/2020 9:00,10,61,FALSE,71
6/19/2020 10:00,11,65,FALSE,76
6/19/2020 11:00,12,55,FALSE,67
6/19/2020 12:00,12,62,FALSE,74
6/19/2020 13:00,14,63,FALSE,77
6/19/2020 14:00,16,64,FALSE,80
6/19/2020 15:00,14,76,FALSE,90
6/19/2020 16:00,13,72,FALSE,85
6/19/2020 17:00,16,75,FALSE,91
6/19/2020 18:00,14,76,FALSE,90
6/19/2020 19:00,15,75,FALSE,90
6/19/2020 20:00,14,75,FALSE,89
6/19/2020 21:00,15,82,FALSE,97
6/19/2020 22:00,13,80,FALSE,93
6/19/2020 23:00,14,89,FALSE,103
6/20/2020 0:00,16,93,FALSE,109
6/20/2020 1:00,16,89,FALSE,105
6/20/2020 2:00,18,91,FALSE,109
6/20/2020 3:00,19,89,FALSE,108
6/20/2020 4:00,22,81,FALSE,103
6/20/2020 5:00,14,74,FALSE,88
6/20/2020 6:00,15,75,FALSE,90
6/20/2020 7:00,12,68,FALSE,80
6/20/2020 8:00,10,67,FALSE,77
6/20/2020 9:00,12,67,FALSE,79
6/20/2020 10:00,12,65,FALSE,77
6/20/2020 11:00,14,64,FALSE,78
6/20/2020 12:00,12,61,FALSE,73
6/20/2020 13:00,14,67,FALSE,81
6/20/2020 14:00,12,72,FALSE,84
6/20/2020 15:00,13,77,FALSE,90
6/20/2020 16:00,13,79,FALSE,92
6/20/2020 17:00,14,82,FALSE,96
6/20/2020 18:00,11,84,FALSE,95
6/20/2020 19:00,15,82,FALSE,97
6/20/2020 20:00,14,87,FALSE,101
6/20/2020 21:00,13,81,FALSE,94
6/20/2020 22:00,15,82,FALSE,97
6/20/2020 23:00,17,85,FALSE,102
6/21/2020 0:00,14,90,FALSE,104
6/21/2020 1:00,13,87,FALSE,100
6/21/2020 2:00,20,100,FALSE,120
6/21/2020 3:00,16,92,FALSE,108
6/21/2020 4:00,18,85,FALSE,103
6/21/2020 5:00,15,75,FALSE,90
6/21/2020 6:00,14,72,FALSE,86
6/21/2020 7:00,12,68,FALSE,80
6/21/2020 8:00,14,67,FALSE,81
6/21/2020 9:00,12,66,FALSE,78
6/21/2020 10:00,14,69,FALSE,83
6/21/2020 11:00,14,65,FALSE,79
6/21/2020 12:00,12,67,FALSE,79
6/21/2020 13:00,14,73,FALSE,87
6/21/2020 14:00,14,68,FALSE,82
6/21/2020 15:00,14,71,FALSE,85
6/21/2020 16:00,12,79,FALSE,91
6/21/2020 17:00,13,75,FALSE,88
6/21/2020 18:00,13,78,FALSE,91
6/21/2020 19:00,12,79,FALSE,91
6/21/2020 20:00,14,75,FALSE,89
6/21/2020 21:00,14,81,FALSE,95
6/21/2020 22:00,16,84,FALSE,100
6/21/2020 23:00,16,88,FALSE,104
6/22/2020 0:00,14,91,FALSE,105
6/22/2020 1:00,18,84,FALSE,102
6/22/2020 2:00,16,90,FALSE,106
6/22/2020 3:00,17,91,FALSE,108
6/22/2020 4:00,15,85,FALSE,100
6/22/2020 5:00,16,72,FALSE,88
6/22/2020 6:00,14,58,FALSE,72
6/22/2020 7:00,12,62,FALSE,74
6/22/2020 8:00,11,56,FALSE,67
6/22/2020 9:00,12,60,FALSE,72
6/22/2020 10:00,11,59,FALSE,70
6/22/2020 11:00,11,55,FALSE,66
6/22/2020 12:00,12,56,FALSE,68
6/22/2020 13:00,14,61,FALSE,75
6/22/2020 14:00,15,60,FALSE,75
6/22/2020 15:00,12,68,FALSE,80
6/22/2020 16:00,16,70,FALSE,86
6/22/2020 17:00,15,78,FALSE,93
6/22/2020 18:00,13,70,FALSE,83
6/22/2020 19:00,12,75,FALSE,87
6/22/2020 20:00,14,75,FALSE,89
6/22/2020 21:00,17,76,FALSE,93
6/22/2020 22:00,16,76,FALSE,92
6/22/2020 23:00,17,88,FALSE,105
6/23/2020 0:00,16,90,FALSE,106
6/23/2020 1:00,18,89,FALSE,107
6/23/2020 2:00,19,95,FALSE,114
6/23/2020 3:00,20,91,FALSE,111
6/23/2020 4:00,18,87,FALSE,105
6/23/2020 5:00,19,77,FALSE,96
6/23/2020 6:00,12,64,FALSE,76
6/23/2020 7:00,10,62,FALSE,72
6/23/2020 8:00,10,62,FALSE,72
6/23/2020 9:00,11,57,FALSE,68
6/23/2020 10:00,9,61,FALSE,70
6/23/2020 11:00,12,55,FALSE,67
6/23/2020 12:00,13,61,FALSE,74
6/23/2020 13:00,16,59,FALSE,75
6/23/2020 14:00,15,63,FALSE,78
6/23/2020 15:00,17,68,FALSE,85
6/23/2020 16:00,15,77,FALSE,92
6/23/2020 17:00,20,77,FALSE,97
6/23/2020 18:00,21,79,FALSE,100
6/23/2020 19:00,17,72,FALSE,89
6/23/2020 20:00,16,72,FALSE,88
6/23/2020 21:00,17,77,FALSE,94
6/23/2020 22:00,15,84,FALSE,99
6/23/2020 23:00,19,88,FALSE,107
6/24/2020 0:00,18,86,FALSE,104
6/24/2020 0:00,19,89,FALSE,108
6/24/2020 1:00,21,93,FALSE,114
6/24/2020 2:00,22,99,FALSE,121
6/24/2020 3:00,17,89,FALSE,106
6/24/2020 4:00,20,85,FALSE,105
6/24/2020 5:00,14,72,FALSE,86
6/24/2020 6:00,13,65,FALSE,78
6/24/2020 7:00,11,66,FALSE,77
6/24/2020 8:00,13,68,FALSE,81
6/24/2020 9:00,12,67,FALSE,79
6/24/2020 10:00,12,60,FALSE,72
6/24/2020 11:00,12,61,FALSE,73
6/24/2020 12:00,14,61,FALSE,75
6/24/2020 13:00,12,67,FALSE,79
6/24/2020 14:00,14,67,FALSE,81
6/24/2020 15:00,14,72,FALSE,86
6/24/2020 16:00,13,76,FALSE,89
6/24/2020 17:00,13,71,FALSE,84
6/24/2020 18:00,14,73,FALSE,87
6/24/2020 19:00,11,74,FALSE,85
6/24/2020 20:00,14,71,FALSE,85
6/24/2020 21:00,14,77,FALSE,91
6/24/2020 22:00,17,83,FALSE,100
6/24/2020 23:00,16,86,FALSE,102
6/25/2020 0:00,14,86,FALSE,100
6/25/2020 1:00,22,92,FALSE,114
6/25/2020 2:00,18,91,FALSE,109
6/25/2020 3:00,16,82,FALSE,98
6/25/2020 4:00,17,84,FALSE,101
6/25/2020 5:00,15,73,FALSE,88
6/25/2020 6:00,13,65,FALSE,78
6/25/2020 7:00,9,63,FALSE,72
6/25/2020 8:00,13,62,FALSE,75
6/25/2020 9:00,12,66,FALSE,78
6/25/2020 10:00,10,66,FALSE,76
6/25/2020 11:00,14,60,FALSE,74
6/25/2020 12:00,13,59,FALSE,72
6/25/2020 13:00,14,66,FALSE,80
6/25/2020 14:00,16,67,FALSE,83
6/25/2020 15:00,15,70,FALSE,85
6/25/2020 16:00,15,70,FALSE,85
6/25/2020 17:00,12,75,FALSE,87
6/25/2020 18:00,14,79,FALSE,93
6/25/2020 19:00,17,74,FALSE,91
6/25/2020 20:00,14,80,FALSE,94
6/25/2020 21:00,15,75,FALSE,90
6/25/2020 22:00,18,77,FALSE,95
6/25/2020 23:00,16,86,FALSE,102
6/26/2020 0:00,18,88,FALSE,106
6/26/2020 1:00,16,92,FALSE,108
6/26/2020 2:00,17,90,FALSE,107
6/26/2020 3:00,20,89,FALSE,109
6/26/2020 4:00,14,79,FALSE,93
6/26/2020 5:00,18,74,FALSE,92
6/26/2020 6:00,13,64,FALSE,77
6/26/2020 7:00,11,68,FALSE,79
6/26/2020 8:00,12,66,FALSE,78
6/26/2020 9:00,12,65,FALSE,77
6/26/2020 10:00,13,69,FALSE,82
6/26/2020 11:00,12,59,FALSE,71
6/26/2020 12:00,13,64,FALSE,77
6/26/2020 13:00,14,61,FALSE,75
6/26/2020 14:00,13,69,FALSE,82
6/26/2020 15:00,13,70,FALSE,83
6/26/2020 16:00,13,73,FALSE,86
6/26/2020 17:00,12,78,FALSE,90
6/26/2020 18:00,16,77,FALSE,93
6/26/2020 19:00,14,78,FALSE,92
6/26/2020 20:00,16,81,FALSE,97
6/26/2020 21:00,14,81,FALSE,95
6/26/2020 22:00,14,86,FALSE,100
6/26/2020 23:00,15,85,FALSE,100
6/27/2020 0:00,18,84,FALSE,102
6/27/2020 1:00,19,91,FALSE,110
6/27/2020 2:00,16,97,FALSE,113
6/27/2020 3:00,17,93,FALSE,110
6/27/2020 4:00,15,88,FALSE,103
6/27/2020 5:00,15,74,FALSE,89
6/27/2020 6:00,13,73,FALSE,86
6/27/2020 7:00,12,64,FALSE,76
6/27/2020 8:00,10,62,FALSE,72
6/27/2020 9:00,10,64,FALSE,74
6/27/2020 10:00,12,63,FALSE,75
6/27/2020 11:00,12,63,FALSE,75
6/27/2020 12:00,12,68,FALSE,80
6/27/2020 13:00,14,69,FALSE,83
6/27/2020 14:00,13,70,FALSE,83
6/27/2020 15:00,13,77,FALSE,90
6/27/2020 16:00,12,75,FALSE,87
6/27/2020 17:00,15,83,FALSE,98
6/27/2020 18:00,13,84,FALSE,97
6/27/2020 19:00,13,87,FALSE,100
6/27/2020 20:00,13,87,FALSE,100
6/27/2020 21:00,17,84,FALSE,101
6/27/2020 22:00,20,89,FALSE,109
6/27/2020 23:00,18,83,FALSE,101
6/28/2020 0:00,19,91,FALSE,110
6/28/2020 1:00,24,99,FALSE,123
6/28/2020 2:00,31,100,FALSE,131
6/28/2020 3:00,27,94,FALSE,121
6/28/2020 4:00,28,97,FALSE,125
6/28/2020 5:00,24,86,FALSE,110
6/28/2020 6:00,17,73,FALSE,90
6/28/2020 7:00,17,69,FALSE,86
6/28/2020 8:00,14,71,FALSE,85
6/28/2020 9:00,13,63,FALSE,76
6/28/2020 10:00,14,70,FALSE,84
6/28/2020 11:00,15,64,FALSE,79
6/28/2020 12:00,14,64,FALSE,78
6/28/2020 13:00,16,66,FALSE,82
6/28/2020 14:00,16,66,FALSE,82
6/28/2020 15:00,14,75,FALSE,89
6/28/2020 16:00,15,81,FALSE,96
6/28/2020 17:00,15,84,FALSE,99
6/28/2020 18:00,16,79,FALSE,95
6/28/2020 19:00,16,73,FALSE,89
6/28/2020 20:00,16,79,FALSE,95
6/28/2020 21:00,17,77,FALSE,94
6/28/2020 22:00,16,84,FALSE,100
6/28/2020 23:00,21,91,FALSE,112
6/29/2020 0:00,21,88,FALSE,109
6/29/2020 1:00,20,86,FALSE,106
6/29/2020 2:00,22,90,FALSE,112
6/29/2020 3:00,19,90,FALSE,109
6/29/2020 4:00,20,87,FALSE,107
6/29/2020 5:00,22,72,FALSE,94
6/29/2020 6:00,16,63,FALSE,79
6/29/2020 7:00,11,60,FALSE,71
6/29/2020 8:00,11,63,FALSE,74
6/29/2020 9:00,11,62,FALSE,73
6/29/2020 10:00,13,58,FALSE,71
6/29/2020 11:00,14,52,FALSE,66
6/29/2020 12:00,14,62,FALSE,76
6/29/2020 13:00,13,61,FALSE,74
6/29/2020 14:00,15,65,FALSE,80
6/29/2020 15:00,14,67,FALSE,81
6/29/2020 16:00,15,72,FALSE,87
6/29/2020 17:00,14,75,FALSE,89
6/29/2020 18:00,12,68,FALSE,80
6/29/2020 19:00,14,70,FALSE,84
6/29/2020 20:00,15,70,FALSE,85
6/29/2020 21:00,18,77,FALSE,95
6/29/2020 22:00,18,79,FALSE,97
6/29/2020 23:00,21,83,FALSE,104
6/30/2020 0:00,17,88,FALSE,105
6/30/2020 1:00,18,86,FALSE,104
6/30/2020 2:00,19,90,FALSE,109
6/30/2020 3:00,20,88,FALSE,108
6/30/2020 4:00,17,76,FALSE,93
6/30/2020 5:00,18,76,FALSE,94
6/30/2020 6:00,14,63,FALSE,77
6/30/2020 7:00,9,64,FALSE,73
6/30/2020 8:00,12,63,FALSE,75
6/30/2020 9:00,11,64,FALSE,75
6/30/2020 10:00,11,65,FALSE,76
6/30/2020 11:00,11,57,FALSE,68
6/30/2020 12:00,11,53,FALSE,64
6/30/2020 13:00,15,64,FALSE,79
6/30/2020 14:00,15,66,FALSE,81
6/30/2020 15:00,14,66,FALSE,80
6/30/2020 16:00,13,75,FALSE,88
6/30/2020 17:00,13,74,FALSE,87
6/30/2020 18:00,16,73,FALSE,89
6/30/2020 19:00,14,71,FALSE,85
6/30/2020 20:00,14,72,FALSE,86
6/30/2020 21:00,17,71,FALSE,88
6/30/2020 22:00,18,84,FALSE,102
6/30/2020 23:00,19,84,FALSE,103
7/1/2020 0:00,17,86,FALSE,103
7/1/2020 0:00,5,25,FALSE,30
7/1/2020 1:00,6,26,FALSE,32
7/1/2020 2:00,6,26,FALSE,32
7/1/2020 3:00,5,25,FALSE,30
7/1/2020 4:00,5,23,FALSE,28
7/1/2020 5:00,5,22,FALSE,27
7/1/2020 6:00,3,20,FALSE,23
7/1/2020 7:00,3,20,FALSE,23
7/1/2020 8:00,4,17,FALSE,21
7/1/2020 9:00,4,17,FALSE,21
7/1/2020 10:00,4,18,FALSE,22
7/1/2020 11:00,4,19,FALSE,23
7/1/2020 12:00,4,17,FALSE,21
7/1/2020 13:00,4,22,FALSE,26
7/1/2020 14:00,4,21,FALSE,25
7/1/2020 15:00,5,20,FALSE,25
7/1/2020 16:00,4,21,FALSE,25
7/1/2020 17:00,5,22,FALSE,27
7/1/2020 18:00,4,21,FALSE,25
7/1/2020 19:00,4,22,FALSE,26
7/1/2020 20:00,4,22,FALSE,26
7/1/2020 21:00,5,23,FALSE,28
7/1/2020 22:00,5,23,FALSE,28
7/1/2020 23:00,5,26,FALSE,31
7/2/2020 0:00,5,24,FALSE,29
7/2/2020 1:00,5,26,FALSE,31
7/2/2020 2:00,6,28,FALSE,34
7/2/2020 3:00,5,27,FALSE,32
7/2/2020 4:00,5,27,FALSE,32
7/2/2020 5:00,5,20,FALSE,25
7/2/2020 6:00,3,20,FALSE,23
7/2/2020 7:00,4,17,FALSE,21
7/2/2020 8:00,4,20,FALSE,24
7/2/2020 9:00,3,18,FALSE,21
7/2/2020 10:00,4,18,FALSE,22
7/2/2020 11:00,4,18,FALSE,22
7/2/2020 12:00,5,17,FALSE,22
7/2/2020 13:00,6,17,FALSE,23
7/2/2020 14:00,6,20,FALSE,26
7/2/2020 15:00,5,22,FALSE,27
7/2/2020 16:00,4,22,FALSE,26
7/2/2020 17:00,5,22,FALSE,27
7/2/2020 18:00,4,22,FALSE,26
7/2/2020 19:00,4,23,FALSE,27
7/2/2020 20:00,4,22,FALSE,26
7/2/2020 21:00,5,22,FALSE,27
7/2/2020 22:00,5,23,FALSE,28
7/2/2020 23:00,5,25,FALSE,30
7/3/2020 0:00,5,26,FALSE,31
7/3/2020 1:00,5,26,FALSE,31
7/3/2020 2:00,5,27,FALSE,32
7/3/2020 3:00,5,26,FALSE,31
7/3/2020 4:00,5,25,FALSE,30
7/3/2020 5:00,5,22,FALSE,27
7/3/2020 6:00,4,22,FALSE,26
7/3/2020 7:00,3,19,FALSE,22
7/3/2020 8:00,3,19,FALSE,22
7/3/2020 9:00,3,18,FALSE,21
7/3/2020 10:00,3,18,FALSE,21
7/3/2020 11:00,3,19,FALSE,22
7/3/2020 12:00,4,17,FALSE,21
7/3/2020 13:00,4,19,FALSE,23
7/3/2020 14:00,3,22,FALSE,25
7/3/2020 15:00,4,23,FALSE,27
7/3/2020 16:00,4,26,FALSE,30
7/3/2020 17:00,3,26,FALSE,29
7/3/2020 18:00,4,26,FALSE,30
7/3/2020 19:00,4,25,FALSE,29
7/3/2020 20:00,4,25,FALSE,29
7/3/2020 21:00,4,25,FALSE,29
7/3/2020 22:00,4,26,FALSE,30
7/3/2020 23:00,5,27,FALSE,32
7/4/2020 0:00,4,28,FALSE,32
7/4/2020 1:00,6,27,FALSE,33
7/4/2020 2:00,5,28,FALSE,33
7/4/2020 3:00,5,27,FALSE,32
7/4/2020 4:00,5,24,FALSE,29
7/4/2020 5:00,4,25,FALSE,29
7/4/2020 6:00,4,22,FALSE,26
7/4/2020 7:00,4,19,FALSE,23
7/4/2020 8:00,3,19,FALSE,22
7/4/2020 9:00,3,19,FALSE,22
7/4/2020 10:00,3,19,FALSE,22
7/4/2020 11:00,4,19,FALSE,23
7/4/2020 12:00,3,19,FALSE,22
7/4/2020 13:00,4,19,FALSE,23
7/4/2020 14:00,4,22,FALSE,26
7/4/2020 15:00,4,23,FALSE,27
7/4/2020 16:00,5,24,FALSE,29
7/4/2020 17:00,4,25,FALSE,29
7/4/2020 18:00,4,25,FALSE,29
7/4/2020 19:00,4,25,FALSE,29
7/4/2020 20:00,4,24,FALSE,28
7/4/2020 21:00,4,26,FALSE,30
7/4/2020 22:00,5,26,FALSE,31
7/4/2020 23:00,5,28,FALSE,33
7/5/2020 0:00,5,27,FALSE,32
7/5/2020 1:00,5,27,FALSE,32
7/5/2020 2:00,4,30,FALSE,34
7/5/2020 3:00,5,25,FALSE,30
7/5/2020 4:00,5,26,FALSE,31
7/5/2020 5:00,5,26,FALSE,31
7/5/2020 6:00,4,21,FALSE,25
7/5/2020 7:00,4,20,FALSE,24
7/5/2020 8:00,4,21,FALSE,25
7/5/2020 9:00,3,20,FALSE,23
7/5/2020 10:00,4,20,FALSE,24
7/5/2020 11:00,4,19,FALSE,23
7/5/2020 12:00,4,19,FALSE,23
7/5/2020 13:00,4,19,FALSE,23
7/5/2020 14:00,4,20,FALSE,24
7/5/2020 15:00,3,21,FALSE,24
7/5/2020 16:00,4,24,FALSE,28
7/5/2020 17:00,4,23,FALSE,27
7/5/2020 18:00,4,23,FALSE,27
7/5/2020 19:00,4,22,FALSE,26
7/5/2020 20:00,4,23,FALSE,27
7/5/2020 21:00,4,23,FALSE,27
7/5/2020 22:00,4,26,FALSE,30
7/5/2020 23:00,5,24,FALSE,29
7/6/2020 0:00,7,26,FALSE,33
7/6/2020 1:00,8,25,FALSE,33
7/6/2020 2:00,8,29,FALSE,37
7/6/2020 3:00,11,27,FALSE,38
7/6/2020 4:00,12,24,FALSE,36
7/6/2020 5:00,12,20,FALSE,32
7/6/2020 6:00,15,20,FALSE,35
7/6/2020 7:00,12,19,FALSE,31
7/6/2020 8:00,7,17,FALSE,24
7/6/2020 9:00,5,16,FALSE,21
7/6/2020 10:00,6,18,FALSE,24
7/6/2020 11:00,7,18,FALSE,25
7/6/2020 12:00,8,18,FALSE,26
7/6/2020 13:00,11,18,FALSE,29
7/6/2020 14:00,12,22,FALSE,34
7/6/2020 15:00,17,23,FALSE,40
7/6/2020 16:00,19,24,FALSE,43
7/6/2020 17:00,24,25,FALSE,49
7/6/2020 18:00,22,25,FALSE,47
7/6/2020 19:00,19,26,FALSE,45
7/6/2020 20:00,22,25,FALSE,47
7/6/2020 21:00,34,28,FALSE,62
7/6/2020 22:00,43,31,FALSE,74
7/6/2020 23:00,66,37,FALSE,103
7/7/2020 0:00,66,35,FALSE,101
7/7/2020 1:00,63,40,FALSE,103
7/7/2020 2:00,88,43,FALSE,131
7/7/2020 3:00,100,48,FALSE,148
7/7/2020 4:00,80,38,FALSE,118
7/7/2020 5:00,58,35,FALSE,93
7/7/2020 6:00,43,28,FALSE,71
7/7/2020 7:00,28,24,FALSE,52
7/7/2020 8:00,23,23,FALSE,46
7/7/2020 9:00,17,22,FALSE,39
7/7/2020 10:00,21,22,FALSE,43
7/7/2020 11:00,23,22,FALSE,45
7/7/2020 12:00,27,23,FALSE,50
7/7/2020 13:00,33,24,FALSE,57
7/7/2020 14:00,39,28,FALSE,67
7/7/2020 15:00,35,29,FALSE,64
7/7/2020 16:00,30,27,FALSE,57
7/7/2020 17:00,32,29,FALSE,61
7/7/2020 18:00,30,27,FALSE,57
7/7/2020 19:00,34,27,FALSE,61
7/7/2020 20:00,34,27,FALSE,61
7/7/2020 21:00,39,29,FALSE,68
7/7/2020 22:00,67,35,FALSE,102
7/7/2020 23:00,94,42,FALSE,136
7/8/2020 0:00,96,41,FALSE,137
7/8/2020 0:00,26,11,FALSE,37
7/8/2020 1:00,42,15,FALSE,57
7/8/2020 2:00,77,23,FALSE,100
7/8/2020 3:00,100,31,FALSE,131
7/8/2020 4:00,61,20,FALSE,81
7/8/2020 5:00,52,18,FALSE,70
7/8/2020 6:00,36,12,FALSE,48
7/8/2020 7:00,26,10,FALSE,36
7/8/2020 8:00,20,10,FALSE,30
7/8/2020 9:00,17,9,FALSE,26
7/8/2020 10:00,21,9,FALSE,30
7/8/2020 11:00,22,10,FALSE,32
7/8/2020 12:00,25,10,FALSE,35
7/8/2020 13:00,26,11,FALSE,37
7/8/2020 14:00,26,11,FALSE,37
7/8/2020 15:00,24,11,FALSE,35
7/8/2020 16:00,23,11,FALSE,34
7/8/2020 17:00,24,11,FALSE,35
7/8/2020 18:00,27,12,FALSE,39
7/8/2020 19:00,39,15,FALSE,54
7/8/2020 20:00,69,23,FALSE,92
7/8/2020 21:00,58,19,FALSE,77
7/8/2020 22:00,51,17,FALSE,68
7/8/2020 23:00,51,17,FALSE,68
7/9/2020 0:00,58,19,FALSE,77
7/9/2020 1:00,49,16,FALSE,65
7/9/2020 2:00,44,16,FALSE,60
7/9/2020 3:00,36,14,FALSE,50
7/9/2020 4:00,33,13,FALSE,46
7/9/2020 5:00,27,10,FALSE,37
7/9/2020 6:00,21,9,FALSE,30
7/9/2020 7:00,17,8,FALSE,25
7/9/2020 8:00,15,8,FALSE,23
7/9/2020 9:00,14,8,FALSE,22
7/9/2020 10:00,16,8,FALSE,24
7/9/2020 11:00,17,8,FALSE,25
7/9/2020 12:00,20,9,FALSE,29
7/9/2020 13:00,22,9,FALSE,31
7/9/2020 14:00,23,10,FALSE,33
7/9/2020 15:00,23,10,FALSE,33
7/9/2020 16:00,23,9,FALSE,32
7/9/2020 17:00,24,10,FALSE,34
7/9/2020 18:00,24,11,FALSE,35
7/9/2020 19:00,22,10,FALSE,32
7/9/2020 20:00,21,11,FALSE,32
7/9/2020 21:00,22,12,FALSE,34
7/9/2020 22:00,23,11,FALSE,34
7/9/2020 23:00,23,11,FALSE,34
7/10/2020 0:00,26,11,FALSE,37
7/10/2020 1:00,22,11,FALSE,33
7/10/2020 2:00,22,11,FALSE,33
7/10/2020 3:00,19,11,FALSE,30
7/10/2020 4:00,15,10,FALSE,25
7/10/2020 5:00,14,9,FALSE,23
7/10/2020 6:00,11,8,FALSE,19
7/10/2020 7:00,9,7,FALSE,16
7/10/2020 8:00,7,7,FALSE,14
7/10/2020 9:00,7,7,FALSE,14
7/10/2020 10:00,8,7,FALSE,15
7/10/2020 11:00,8,7,FALSE,15
7/10/2020 12:00,9,7,FALSE,16
7/10/2020 13:00,9,7,FALSE,16
7/10/2020 14:00,10,8,FALSE,18
7/10/2020 15:00,10,9,FALSE,19
7/10/2020 16:00,10,8,FALSE,18
7/10/2020 17:00,10,9,FALSE,19
7/10/2020 18:00,10,9,FALSE,19
7/10/2020 19:00,10,9,FALSE,19
7/10/2020 20:00,9,9,FALSE,18
7/10/2020 21:00,10,8,FALSE,18
7/10/2020 22:00,10,9,FALSE,19
7/10/2020 23:00,10,9,FALSE,19
7/11/2020 0:00,10,9,FALSE,19
7/11/2020 1:00,9,10,FALSE,19
7/11/2020 2:00,8,9,FALSE,17
7/11/2020 3:00,8,9,FALSE,17
7/11/2020 4:00,8,9,FALSE,17
7/11/2020 5:00,7,8,FALSE,15
7/11/2020 6:00,6,7,FALSE,13
7/11/2020 7:00,6,8,FALSE,14
7/11/2020 8:00,5,7,FALSE,12
7/11/2020 9:00,4,6,FALSE,10
7/11/2020 10:00,5,7,FALSE,12
7/11/2020 11:00,5,6,FALSE,11
7/11/2020 12:00,5,6,FALSE,11
7/11/2020 13:00,5,6,FALSE,11
7/11/2020 14:00,5,7,FALSE,12
7/11/2020 15:00,5,7,FALSE,12
7/11/2020 16:00,5,8,FALSE,13
7/11/2020 17:00,5,8,FALSE,13
7/11/2020 18:00,5,8,FALSE,13
7/11/2020 19:00,7,8,FALSE,15
7/11/2020 20:00,8,8,FALSE,16
7/11/2020 21:00,7,8,FALSE,15
7/11/2020 22:00,7,8,FALSE,15
7/11/2020 23:00,8,8,FALSE,16
7/12/2020 0:00,7,8,FALSE,15
7/12/2020 1:00,7,9,FALSE,16
7/12/2020 2:00,7,9,FALSE,16
7/12/2020 3:00,6,9,FALSE,15
7/12/2020 4:00,6,8,FALSE,14
7/12/2020 5:00,5,8,FALSE,13
7/12/2020 6:00,5,7,FALSE,12
7/12/2020 7:00,4,7,FALSE,11
7/12/2020 8:00,4,6,FALSE,10
7/12/2020 9:00,4,7,FALSE,11
7/12/2020 10:00,4,6,FALSE,10
7/12/2020 11:00,3,6,FALSE,9
7/12/2020 12:00,4,6,FALSE,10
7/12/2020 13:00,4,7,FALSE,11
7/12/2020 14:00,4,7,FALSE,11
7/12/2020 15:00,4,7,FALSE,11
7/12/2020 16:00,4,8,FALSE,12
7/12/2020 17:00,5,8,FALSE,13
7/12/2020 18:00,5,8,FALSE,13
7/12/2020 19:00,5,8,FALSE,13
7/12/2020 20:00,5,7,FALSE,12
7/12/2020 21:00,6,7,FALSE,13
7/12/2020 22:00,6,8,FALSE,14
7/12/2020 23:00,6,8,FALSE,14
7/13/2020 0:00,6,8,FALSE,14
7/13/2020 1:00,6,8,FALSE,14
7/13/2020 2:00,7,8,FALSE,15
7/13/2020 3:00,6,8,FALSE,14
7/13/2020 4:00,6,7,FALSE,13
7/13/2020 5:00,5,7,FALSE,12
7/13/2020 6:00,4,5,FALSE,9
7/13/2020 7:00,4,5,FALSE,9
7/13/2020 8:00,3,6,FALSE,9
7/13/2020 9:00,3,5,FALSE,8
7/13/2020 10:00,3,5,FALSE,8
7/13/2020 11:00,3,5,FALSE,8
7/13/2020 12:00,4,6,FALSE,10
7/13/2020 13:00,5,6,FALSE,11
7/13/2020 14:00,5,6,FALSE,11
7/13/2020 15:00,5,7,FALSE,12
7/13/2020 16:00,5,7,FALSE,12
7/13/2020 17:00,5,7,FALSE,12
7/13/2020 18:00,5,7,FALSE,12
7/13/2020 19:00,5,8,FALSE,13
7/13/2020 20:00,5,7,FALSE,12
7/13/2020 21:00,5,8,FALSE,13
7/13/2020 22:00,5,7,FALSE,12
7/13/2020 23:00,5,8,FALSE,13
7/14/2020 0:00,5,8,FALSE,13
7/14/2020 1:00,5,8,FALSE,13
7/14/2020 2:00,5,9,FALSE,14
7/14/2020 3:00,5,8,FALSE,13
7/14/2020 4:00,5,8,FALSE,13
7/14/2020 5:00,4,8,FALSE,12
7/14/2020 6:00,3,6,FALSE,9
7/14/2020 7:00,3,6,FALSE,9
7/14/2020 8:00,3,6,FALSE,9
7/14/2020 9:00,3,6,FALSE,9
7/14/2020 10:00,3,6,FALSE,9
7/14/2020 11:00,3,6,FALSE,9
7/14/2020 12:00,3,6,FALSE,9
7/14/2020 13:00,3,6,FALSE,9
7/14/2020 14:00,3,6,FALSE,9
7/14/2020 15:00,3,6,FALSE,9
7/14/2020 16:00,3,7,FALSE,10
7/14/2020 17:00,4,7,FALSE,11
7/14/2020 18:00,4,8,FALSE,12
7/14/2020 19:00,4,7,FALSE,11
7/14/2020 20:00,4,7,FALSE,11
7/14/2020 21:00,4,7,FALSE,11
7/14/2020 22:00,5,8,FALSE,13
7/14/2020 23:00,4,8,FALSE,12
7/15/2020 0:00,5,8,FALSE,13
7/15/2020 0:00,14,22,FALSE,36
7/15/2020 1:00,12,24,FALSE,36
7/15/2020 2:00,13,25,FALSE,38
7/15/2020 3:00,11,22,FALSE,33
7/15/2020 4:00,11,20,FALSE,31
7/15/2020 5:00,9,19,FALSE,28
7/15/2020 6:00,8,17,FALSE,25
7/15/2020 7:00,6,16,FALSE,22
7/15/2020 8:00,6,16,FALSE,22
7/15/2020 9:00,6,16,FALSE,22
7/15/2020 10:00,6,16,FALSE,22
7/15/2020 11:00,7,15,FALSE,22
7/15/2020 12:00,7,16,FALSE,23
7/15/2020 13:00,9,17,FALSE,26
7/15/2020 14:00,8,18,FALSE,26
7/15/2020 15:00,9,19,FALSE,28
7/15/2020 16:00,9,20,FALSE,29
7/15/2020 17:00,10,19,FALSE,29
7/15/2020 18:00,9,18,FALSE,27
7/15/2020 19:00,9,20,FALSE,29
7/15/2020 20:00,9,18,FALSE,27
7/15/2020 21:00,11,21,FALSE,32
7/15/2020 22:00,12,21,FALSE,33
7/15/2020 23:00,11,21,FALSE,32
7/16/2020 0:00,12,21,FALSE,33
7/16/2020 1:00,11,22,FALSE,33
7/16/2020 2:00,11,24,FALSE,35
7/16/2020 3:00,11,22,FALSE,33
7/16/2020 4:00,11,21,FALSE,32
7/16/2020 5:00,9,19,FALSE,28
7/16/2020 6:00,7,16,FALSE,23
7/16/2020 7:00,6,16,FALSE,22
7/16/2020 8:00,6,16,FALSE,22
7/16/2020 9:00,5,18,FALSE,23
7/16/2020 10:00,6,15,FALSE,21
7/16/2020 11:00,7,14,FALSE,21
7/16/2020 12:00,7,15,FALSE,22
7/16/2020 13:00,7,15,FALSE,22
7/16/2020 14:00,9,17,FALSE,26
7/16/2020 15:00,7,18,FALSE,25
7/16/2020 16:00,8,19,FALSE,27
7/16/2020 17:00,8,20,FALSE,28
7/16/2020 18:00,8,18,FALSE,26
7/16/2020 19:00,8,19,FALSE,27
7/16/2020 20:00,8,19,FALSE,27
7/16/2020 21:00,13,21,FALSE,34
7/16/2020 22:00,9,20,FALSE,29
7/16/2020 23:00,9,22,FALSE,31
7/17/2020 0:00,10,22,FALSE,32
7/17/2020 1:00,10,22,FALSE,32
7/17/2020 2:00,10,24,FALSE,34
7/17/2020 3:00,9,23,FALSE,32
7/17/2020 4:00,9,22,FALSE,31
7/17/2020 5:00,8,19,FALSE,27
7/17/2020 6:00,7,17,FALSE,24
7/17/2020 7:00,6,16,FALSE,22
7/17/2020 8:00,6,17,FALSE,23
7/17/2020 9:00,6,16,FALSE,22
7/17/2020 10:00,7,16,FALSE,23
7/17/2020 11:00,7,15,FALSE,22
7/17/2020 12:00,6,16,FALSE,22
7/17/2020 13:00,7,15,FALSE,22
7/17/2020 14:00,8,17,FALSE,25
7/17/2020 15:00,7,18,FALSE,25
7/17/2020 16:00,8,20,FALSE,28
7/17/2020 17:00,8,20,FALSE,28
7/17/2020 18:00,7,20,FALSE,27
7/17/2020 19:00,8,20,FALSE,28
7/17/2020 20:00,9,19,FALSE,28
7/17/2020 21:00,8,20,FALSE,28
7/17/2020 22:00,9,20,FALSE,29
7/17/2020 23:00,9,22,FALSE,31
7/18/2020 0:00,15,25,FALSE,40
7/18/2020 1:00,100,39,FALSE,139
7/18/2020 2:00,75,35,FALSE,110
7/18/2020 3:00,55,30,FALSE,85
7/18/2020 4:00,46,26,FALSE,72
7/18/2020 5:00,40,25,FALSE,65
7/18/2020 6:00,36,22,FALSE,58
7/18/2020 7:00,31,21,FALSE,52
7/18/2020 8:00,30,21,FALSE,51
7/18/2020 9:00,26,20,FALSE,46
7/18/2020 10:00,25,20,FALSE,45
7/18/2020 11:00,25,19,FALSE,44
7/18/2020 12:00,25,21,FALSE,46
7/18/2020 13:00,26,20,FALSE,46
7/18/2020 14:00,24,20,FALSE,44
7/18/2020 15:00,28,25,FALSE,53
7/18/2020 16:00,29,24,FALSE,53
7/18/2020 17:00,27,23,FALSE,50
7/18/2020 18:00,26,24,FALSE,50
7/18/2020 19:00,26,23,FALSE,49
7/18/2020 20:00,26,24,FALSE,50
7/18/2020 21:00,30,25,FALSE,55
7/18/2020 22:00,28,25,FALSE,53
7/18/2020 23:00,28,23,FALSE,51
7/19/2020 0:00,26,24,FALSE,50
7/19/2020 1:00,68,32,FALSE,100
7/19/2020 2:00,34,28,FALSE,62
7/19/2020 3:00,30,26,FALSE,56
7/19/2020 4:00,27,26,FALSE,53
7/19/2020 5:00,25,23,FALSE,48
7/19/2020 6:00,21,20,FALSE,41
7/19/2020 7:00,17,19,FALSE,36
7/19/2020 8:00,16,19,FALSE,35
7/19/2020 9:00,15,18,FALSE,33
7/19/2020 10:00,15,19,FALSE,34
7/19/2020 11:00,15,17,FALSE,32
7/19/2020 12:00,15,18,FALSE,33
7/19/2020 13:00,15,17,FALSE,32
7/19/2020 14:00,16,20,FALSE,36
7/19/2020 15:00,15,19,FALSE,34
7/19/2020 16:00,15,20,FALSE,35
7/19/2020 17:00,15,20,FALSE,35
7/19/2020 18:00,14,20,FALSE,34
7/19/2020 19:00,15,21,FALSE,36
7/19/2020 20:00,14,19,FALSE,33
7/19/2020 21:00,16,22,FALSE,38
7/19/2020 22:00,17,23,FALSE,40
7/19/2020 23:00,16,21,FALSE,37
7/20/2020 0:00,14,23,FALSE,37
7/20/2020 1:00,14,23,FALSE,37
7/20/2020 2:00,14,20,FALSE,34
7/20/2020 3:00,12,21,FALSE,33
7/20/2020 4:00,14,21,FALSE,35
7/20/2020 5:00,12,19,FALSE,31
7/20/2020 6:00,10,16,FALSE,26
7/20/2020 7:00,9,16,FALSE,25
7/20/2020 8:00,8,15,FALSE,23
7/20/2020 9:00,8,14,FALSE,22
7/20/2020 10:00,9,15,FALSE,24
7/20/2020 11:00,9,14,FALSE,23
7/20/2020 12:00,10,15,FALSE,25
7/20/2020 13:00,10,14,FALSE,24
7/20/2020 14:00,10,17,FALSE,27
7/20/2020 15:00,10,19,FALSE,29
7/20/2020 16:00,11,19,FALSE,30
7/20/2020 17:00,11,19,FALSE,30
7/20/2020 18:00,10,19,FALSE,29
7/20/2020 19:00,10,19,FALSE,29
7/20/2020 20:00,11,20,FALSE,31
7/20/2020 21:00,13,20,FALSE,33
7/20/2020 22:00,12,20,FALSE,32
7/20/2020 23:00,12,21,FALSE,33
7/21/2020 0:00,12,23,FALSE,35
7/21/2020 1:00,14,23,FALSE,37
7/21/2020 2:00,13,21,FALSE,34
7/21/2020 3:00,11,21,FALSE,32
7/21/2020 4:00,10,22,FALSE,32
7/21/2020 5:00,10,19,FALSE,29
7/21/2020 6:00,9,16,FALSE,25
7/21/2020 7:00,7,15,FALSE,22
7/21/2020 8:00,6,15,FALSE,21
7/21/2020 9:00,7,14,FALSE,21
7/21/2020 10:00,6,14,FALSE,20
7/21/2020 11:00,7,14,FALSE,21
7/21/2020 12:00,7,14,FALSE,21
7/21/2020 13:00,8,15,FALSE,23
7/21/2020 14:00,9,16,FALSE,25
7/21/2020 15:00,9,17,FALSE,26
7/21/2020 16:00,8,18,FALSE,26
7/21/2020 17:00,9,18,FALSE,27
7/21/2020 18:00,9,18,FALSE,27
7/21/2020 19:00,9,18,FALSE,27
7/21/2020 20:00,9,19,FALSE,28
7/21/2020 21:00,10,20,FALSE,30
7/21/2020 22:00,12,20,FALSE,32
7/21/2020 23:00,11,21,FALSE,32
7/22/2020 0:00,10,23,FALSE,33
7/22/2020 0:00,40,94,FALSE,134
7/22/2020 1:00,40,87,FALSE,127
7/22/2020 2:00,39,87,FALSE,126
7/22/2020 3:00,41,84,FALSE,125
7/22/2020 4:00,40,84,FALSE,124
7/22/2020 5:00,34,75,FALSE,109
7/22/2020 6:00,34,63,FALSE,97
7/22/2020 7:00,29,65,FALSE,94
7/22/2020 8:00,28,62,FALSE,90
7/22/2020 9:00,24,58,FALSE,82
7/22/2020 10:00,27,57,FALSE,84
7/22/2020 11:00,25,56,FALSE,81
7/22/2020 12:00,27,62,FALSE,89
7/22/2020 13:00,29,65,FALSE,94
7/22/2020 14:00,32,63,FALSE,95
7/22/2020 15:00,30,69,FALSE,99
7/22/2020 16:00,32,75,FALSE,107
7/22/2020 17:00,32,75,FALSE,107
7/22/2020 18:00,32,78,FALSE,110
7/22/2020 19:00,33,75,FALSE,108
7/22/2020 20:00,32,72,FALSE,104
7/22/2020 21:00,34,77,FALSE,111
7/22/2020 22:00,37,86,FALSE,123
7/22/2020 23:00,43,88,FALSE,131
7/23/2020 0:00,40,86,FALSE,126
7/23/2020 1:00,43,84,FALSE,127
7/23/2020 2:00,41,89,FALSE,130
7/23/2020 3:00,44,89,FALSE,133
7/23/2020 4:00,38,83,FALSE,121
7/23/2020 5:00,31,71,FALSE,102
7/23/2020 6:00,27,66,FALSE,93
7/23/2020 7:00,25,60,FALSE,85
7/23/2020 8:00,23,63,FALSE,86
7/23/2020 9:00,23,59,FALSE,82
7/23/2020 10:00,21,62,FALSE,83
7/23/2020 11:00,29,58,FALSE,87
7/23/2020 12:00,25,59,FALSE,84
7/23/2020 13:00,25,64,FALSE,89
7/23/2020 14:00,28,60,FALSE,88
7/23/2020 15:00,28,72,FALSE,100
7/23/2020 16:00,32,78,FALSE,110
7/23/2020 17:00,30,78,FALSE,108
7/23/2020 18:00,33,76,FALSE,109
7/23/2020 19:00,28,79,FALSE,107
7/23/2020 20:00,30,79,FALSE,109
7/23/2020 21:00,33,80,FALSE,113
7/23/2020 22:00,37,85,FALSE,122
7/23/2020 23:00,33,82,FALSE,115
7/24/2020 0:00,33,90,FALSE,123
7/24/2020 1:00,29,83,FALSE,112
7/24/2020 2:00,34,90,FALSE,124
7/24/2020 3:00,35,88,FALSE,123
7/24/2020 4:00,33,80,FALSE,113
7/24/2020 5:00,25,76,FALSE,101
7/24/2020 6:00,24,61,FALSE,85
7/24/2020 7:00,24,65,FALSE,89
7/24/2020 8:00,19,61,FALSE,80
7/24/2020 9:00,21,58,FALSE,79
7/24/2020 10:00,18,62,FALSE,80
7/24/2020 11:00,21,62,FALSE,83
7/24/2020 12:00,22,64,FALSE,86
7/24/2020 13:00,24,63,FALSE,87
7/24/2020 14:00,25,69,FALSE,94
7/24/2020 15:00,27,70,FALSE,97
7/24/2020 16:00,26,80,FALSE,106
7/24/2020 17:00,28,81,FALSE,109
7/24/2020 18:00,26,75,FALSE,101
7/24/2020 19:00,30,79,FALSE,109
7/24/2020 20:00,28,79,FALSE,107
7/24/2020 21:00,27,76,FALSE,103
7/24/2020 22:00,31,83,FALSE,114
7/24/2020 23:00,30,84,FALSE,114
7/25/2020 0:00,32,89,FALSE,121
7/25/2020 1:00,27,86,FALSE,113
7/25/2020 2:00,31,97,FALSE,128
7/25/2020 3:00,29,94,FALSE,123
7/25/2020 4:00,30,82,FALSE,112
7/25/2020 5:00,31,75,FALSE,106
7/25/2020 6:00,28,66,FALSE,94
7/25/2020 7:00,24,66,FALSE,90
7/25/2020 8:00,25,67,FALSE,92
7/25/2020 9:00,22,68,FALSE,90
7/25/2020 10:00,22,66,FALSE,88
7/25/2020 11:00,24,66,FALSE,90
7/25/2020 12:00,23,70,FALSE,93
7/25/2020 13:00,24,67,FALSE,91
7/25/2020 14:00,25,70,FALSE,95
7/25/2020 15:00,26,72,FALSE,98
7/25/2020 16:00,25,83,FALSE,108
7/25/2020 17:00,26,82,FALSE,108
7/25/2020 18:00,29,87,FALSE,116
7/25/2020 19:00,27,83,FALSE,110
7/25/2020 20:00,28,79,FALSE,107
7/25/2020 21:00,33,82,FALSE,115
7/25/2020 22:00,33,89,FALSE,122
7/25/2020 23:00,42,85,FALSE,127
7/26/2020 0:00,34,85,FALSE,119
7/26/2020 1:00,31,85,FALSE,116
7/26/2020 2:00,36,92,FALSE,128
7/26/2020 3:00,37,100,FALSE,137
7/26/2020 4:00,32,88,FALSE,120
7/26/2020 5:00,31,77,FALSE,108
7/26/2020 6:00,29,76,FALSE,105
7/26/2020 7:00,25,68,FALSE,93
7/26/2020 8:00,27,68,FALSE,95
7/26/2020 9:00,20,69,FALSE,89
7/26/2020 10:00,28,67,FALSE,95
7/26/2020 11:00,27,64,FALSE,91
7/26/2020 12:00,24,65,FALSE,89
7/26/2020 13:00,27,67,FALSE,94
7/26/2020 14:00,27,72,FALSE,99
7/26/2020 15:00,26,72,FALSE,98
7/26/2020 16:00,29,77,FALSE,106
7/26/2020 17:00,28,74,FALSE,102
7/26/2020 18:00,26,79,FALSE,105
7/26/2020 19:00,28,79,FALSE,107
7/26/2020 20:00,29,77,FALSE,106
7/26/2020 21:00,29,75,FALSE,104
7/26/2020 22:00,31,80,FALSE,111
7/26/2020 23:00,31,87,FALSE,118
7/27/2020 0:00,35,86,FALSE,121
7/27/2020 1:00,35,83,FALSE,118
7/27/2020 2:00,38,87,FALSE,125
7/27/2020 3:00,34,88,FALSE,122
7/27/2020 4:00,35,81,FALSE,116
7/27/2020 5:00,33,69,FALSE,102
7/27/2020 6:00,26,63,FALSE,89
7/27/2020 7:00,22,57,FALSE,79
7/27/2020 8:00,21,61,FALSE,82
7/27/2020 9:00,21,60,FALSE,81
7/27/2020 10:00,22,57,FALSE,79
7/27/2020 11:00,20,61,FALSE,81
7/27/2020 12:00,24,55,FALSE,79
7/27/2020 13:00,28,62,FALSE,90
7/27/2020 14:00,28,61,FALSE,89
7/27/2020 15:00,29,66,FALSE,95
7/27/2020 16:00,26,72,FALSE,98
7/27/2020 17:00,33,74,FALSE,107
7/27/2020 18:00,32,78,FALSE,110
7/27/2020 19:00,31,78,FALSE,109
7/27/2020 20:00,32,75,FALSE,107
7/27/2020 21:00,36,83,FALSE,119
7/27/2020 22:00,46,82,FALSE,128
7/27/2020 23:00,44,90,FALSE,134
7/28/2020 0:00,39,84,FALSE,123
7/28/2020 1:00,44,82,FALSE,126
7/28/2020 2:00,36,83,FALSE,119
7/28/2020 3:00,40,80,FALSE,120
7/28/2020 4:00,41,87,FALSE,128
7/28/2020 5:00,36,76,FALSE,112
7/28/2020 6:00,25,66,FALSE,91
7/28/2020 7:00,21,59,FALSE,80
7/28/2020 8:00,21,59,FALSE,80
7/28/2020 9:00,20,57,FALSE,77
7/28/2020 10:00,20,57,FALSE,77
7/28/2020 11:00,20,56,FALSE,76
7/28/2020 12:00,23,57,FALSE,80
7/28/2020 13:00,26,61,FALSE,87
7/28/2020 14:00,28,65,FALSE,93
7/28/2020 15:00,28,69,FALSE,97
7/28/2020 16:00,28,73,FALSE,101
7/28/2020 17:00,28,78,FALSE,106
7/28/2020 18:00,32,78,FALSE,110
7/28/2020 19:00,28,71,FALSE,99
7/28/2020 20:00,31,79,FALSE,110
7/28/2020 21:00,30,76,FALSE,106
7/28/2020 22:00,32,82,FALSE,114
7/28/2020 23:00,31,90,FALSE,121
7/29/2020 0:00,33,87,FALSE,120
7/29/2020 0:00,34,89,FALSE,123
7/29/2020 1:00,36,87,FALSE,123
7/29/2020 2:00,35,92,FALSE,127
7/29/2020 3:00,36,88,FALSE,124
7/29/2020 4:00,34,87,FALSE,121
7/29/2020 5:00,28,73,FALSE,101
7/29/2020 6:00,26,67,FALSE,93
7/29/2020 7:00,21,56,FALSE,77
7/29/2020 8:00,23,57,FALSE,80
7/29/2020 9:00,21,57,FALSE,78
7/29/2020 10:00,24,56,FALSE,80
7/29/2020 11:00,24,62,FALSE,86
7/29/2020 12:00,27,62,FALSE,89
7/29/2020 13:00,29,64,FALSE,93
7/29/2020 14:00,28,65,FALSE,93
7/29/2020 15:00,31,72,FALSE,103
7/29/2020 16:00,32,76,FALSE,108
7/29/2020 17:00,30,79,FALSE,109
7/29/2020 18:00,28,76,FALSE,104
7/29/2020 19:00,32,77,FALSE,109
7/29/2020 20:00,32,77,FALSE,109
7/29/2020 21:00,36,83,FALSE,119
7/29/2020 22:00,36,83,FALSE,119
7/29/2020 23:00,36,84,FALSE,120
7/30/2020 0:00,38,87,FALSE,125
7/30/2020 1:00,31,82,FALSE,113
7/30/2020 2:00,34,88,FALSE,122
7/30/2020 3:00,35,85,FALSE,120
7/30/2020 4:00,34,84,FALSE,118
7/30/2020 5:00,31,72,FALSE,103
7/30/2020 6:00,29,67,FALSE,96
7/30/2020 7:00,27,61,FALSE,88
7/30/2020 8:00,23,61,FALSE,84
7/30/2020 9:00,22,65,FALSE,87
7/30/2020 10:00,23,58,FALSE,81
7/30/2020 11:00,26,59,FALSE,85
7/30/2020 12:00,22,59,FALSE,81
7/30/2020 13:00,27,61,FALSE,88
7/30/2020 14:00,26,67,FALSE,93
7/30/2020 15:00,25,69,FALSE,94
7/30/2020 16:00,26,74,FALSE,100
7/30/2020 17:00,30,79,FALSE,109
7/30/2020 18:00,31,79,FALSE,110
7/30/2020 19:00,34,77,FALSE,111
7/30/2020 20:00,36,81,FALSE,117
7/30/2020 21:00,37,78,FALSE,115
7/30/2020 22:00,36,78,FALSE,114
7/30/2020 23:00,35,86,FALSE,121
7/31/2020 0:00,39,83,FALSE,122
7/31/2020 1:00,29,91,FALSE,120
7/31/2020 2:00,36,91,FALSE,127
7/31/2020 3:00,40,90,FALSE,130
7/31/2020 4:00,33,84,FALSE,117
7/31/2020 5:00,31,78,FALSE,109
7/31/2020 6:00,26,61,FALSE,87
7/31/2020 7:00,24,64,FALSE,88
7/31/2020 8:00,25,60,FALSE,85
7/31/2020 9:00,23,59,FALSE,82
7/31/2020 10:00,25,62,FALSE,87
7/31/2020 11:00,25,60,FALSE,85
7/31/2020 12:00,25,60,FALSE,85
7/31/2020 13:00,26,65,FALSE,91
7/31/2020 14:00,28,67,FALSE,95
7/31/2020 15:00,29,75,FALSE,104
7/31/2020 16:00,29,77,FALSE,106
7/31/2020 17:00,29,85,FALSE,114
7/31/2020 18:00,28,84,FALSE,112
7/31/2020 19:00,30,77,FALSE,107
7/31/2020 20:00,37,85,FALSE,122
7/31/2020 21:00,36,81,FALSE,117
7/31/2020 22:00,40,85,FALSE,125
7/31/2020 23:00,38,92,FALSE,130
8/1/2020 0:00,35,89,FALSE,124
8/1/2020 1:00,35,90,FALSE,125
8/1/2020 2:00,34,92,FALSE,126
8/1/2020 3:00,38,91,FALSE,129
8/1/2020 4:00,37,84,FALSE,121
8/1/2020 5:00,33,88,FALSE,121
8/1/2020 6:00,32,74,FALSE,106
8/1/2020 7:00,32,73,FALSE,105
8/1/2020 8:00,45,74,FALSE,119
8/1/2020 9:00,56,74,FALSE,130
8/1/2020 10:00,40,70,FALSE,110
8/1/2020 11:00,46,67,FALSE,113
8/1/2020 12:00,41,74,FALSE,115
8/1/2020 13:00,46,77,FALSE,123
8/1/2020 14:00,42,72,FALSE,114
8/1/2020 15:00,51,80,FALSE,131
8/1/2020 16:00,47,83,FALSE,130
8/1/2020 17:00,45,88,FALSE,133
8/1/2020 18:00,43,86,FALSE,129
8/1/2020 19:00,53,86,FALSE,139
8/1/2020 20:00,60,90,FALSE,150
8/1/2020 21:00,59,85,FALSE,144
8/1/2020 22:00,60,85,FALSE,145
8/1/2020 23:00,68,100,FALSE,168
8/2/2020 0:00,71,89,FALSE,160
8/2/2020 1:00,71,95,FALSE,166
8/2/2020 2:00,62,97,FALSE,159
8/2/2020 3:00,62,85,FALSE,147
8/2/2020 4:00,57,88,FALSE,145
8/2/2020 5:00,50,89,FALSE,139
8/2/2020 6:00,39,75,FALSE,114
8/2/2020 7:00,28,69,FALSE,97
8/2/2020 8:00,25,68,FALSE,93
8/2/2020 9:00,25,64,FALSE,89
8/2/2020 10:00,23,64,FALSE,87
8/2/2020 11:00,28,67,FALSE,95
8/2/2020 12:00,25,67,FALSE,92
8/2/2020 13:00,29,70,FALSE,99
8/2/2020 14:00,30,69,FALSE,99
8/2/2020 15:00,31,76,FALSE,107
8/2/2020 16:00,31,80,FALSE,111
8/2/2020 17:00,27,81,FALSE,108
8/2/2020 18:00,30,80,FALSE,110
8/2/2020 19:00,31,81,FALSE,112
8/2/2020 20:00,31,77,FALSE,108
8/2/2020 21:00,32,81,FALSE,113
8/2/2020 22:00,35,78,FALSE,113
8/2/2020 23:00,32,86,FALSE,118
8/3/2020 0:00,33,91,FALSE,124
8/3/2020 1:00,30,85,FALSE,115
8/3/2020 2:00,34,91,FALSE,125
8/3/2020 3:00,35,77,FALSE,112
8/3/2020 4:00,38,79,FALSE,117
8/3/2020 5:00,29,73,FALSE,102
8/3/2020 6:00,25,66,FALSE,91
8/3/2020 7:00,24,59,FALSE,83
8/3/2020 8:00,22,60,FALSE,82
8/3/2020 9:00,23,54,FALSE,77
8/3/2020 10:00,21,59,FALSE,80
8/3/2020 11:00,24,59,FALSE,83
8/3/2020 12:00,24,55,FALSE,79
8/3/2020 13:00,30,59,FALSE,89
8/3/2020 14:00,30,62,FALSE,92
8/3/2020 15:00,29,68,FALSE,97
8/3/2020 16:00,32,73,FALSE,105
8/3/2020 17:00,31,75,FALSE,106
8/3/2020 18:00,31,74,FALSE,105
8/3/2020 19:00,32,72,FALSE,104
8/3/2020 20:00,33,76,FALSE,109
8/3/2020 21:00,35,76,FALSE,111
8/3/2020 22:00,35,81,FALSE,116
8/3/2020 23:00,38,84,FALSE,122
8/4/2020 0:00,37,82,FALSE,119
8/4/2020 1:00,40,87,FALSE,127
8/4/2020 2:00,37,84,FALSE,121
8/4/2020 3:00,39,81,FALSE,120
8/4/2020 4:00,37,79,FALSE,116
8/4/2020 5:00,35,82,FALSE,117
8/4/2020 6:00,20,65,FALSE,85
8/4/2020 7:00,21,64,FALSE,85
8/4/2020 8:00,21,58,FALSE,79
8/4/2020 9:00,20,61,FALSE,81
8/4/2020 10:00,24,56,FALSE,80
8/4/2020 11:00,25,58,FALSE,83
8/4/2020 12:00,21,58,FALSE,79
8/4/2020 13:00,22,56,FALSE,78
8/4/2020 14:00,28,62,FALSE,90
8/4/2020 15:00,30,72,FALSE,102
8/4/2020 16:00,29,77,FALSE,106
8/4/2020 17:00,29,73,FALSE,102
8/4/2020 18:00,28,70,FALSE,98
8/4/2020 19:00,31,75,FALSE,106
8/4/2020 20:00,34,77,FALSE,111
8/4/2020 21:00,43,81,FALSE,124
8/4/2020 22:00,44,81,FALSE,125
8/4/2020 23:00,44,78,FALSE,122
8/5/2020 0:00,42,85,FALSE,127
8/5/2020 0:00,44,88,FALSE,132
8/5/2020 1:00,45,81,FALSE,126
8/5/2020 2:00,55,92,FALSE,147
8/5/2020 3:00,72,91,FALSE,163
8/5/2020 4:00,69,83,FALSE,152
8/5/2020 5:00,63,73,FALSE,136
8/5/2020 6:00,46,65,FALSE,111
8/5/2020 7:00,38,64,FALSE,102
8/5/2020 8:00,29,60,FALSE,89
8/5/2020 9:00,25,60,FALSE,85
8/5/2020 10:00,23,58,FALSE,81
8/5/2020 11:00,26,54,FALSE,80
8/5/2020 12:00,28,60,FALSE,88
8/5/2020 13:00,35,66,FALSE,101
8/5/2020 14:00,35,62,FALSE,97
8/5/2020 15:00,35,71,FALSE,106
8/5/2020 16:00,35,76,FALSE,111
8/5/2020 17:00,32,76,FALSE,108
8/5/2020 18:00,35,76,FALSE,111
8/5/2020 19:00,35,78,FALSE,113
8/5/2020 20:00,41,77,FALSE,118
8/5/2020 21:00,40,78,FALSE,118
8/5/2020 22:00,44,83,FALSE,127
8/5/2020 23:00,42,77,FALSE,119
8/6/2020 0:00,39,89,FALSE,128
8/6/2020 1:00,38,87,FALSE,125
8/6/2020 2:00,38,95,FALSE,133
8/6/2020 3:00,38,86,FALSE,124
8/6/2020 4:00,33,83,FALSE,116
8/6/2020 5:00,31,72,FALSE,103
8/6/2020 6:00,27,60,FALSE,87
8/6/2020 7:00,22,58,FALSE,80
8/6/2020 8:00,21,62,FALSE,83
8/6/2020 9:00,22,55,FALSE,77
8/6/2020 10:00,21,57,FALSE,78
8/6/2020 11:00,19,58,FALSE,77
8/6/2020 12:00,26,57,FALSE,83
8/6/2020 13:00,28,64,FALSE,92
8/6/2020 14:00,30,68,FALSE,98
8/6/2020 15:00,32,74,FALSE,106
8/6/2020 16:00,38,78,FALSE,116
8/6/2020 17:00,38,83,FALSE,121
8/6/2020 18:00,36,88,FALSE,124
8/6/2020 19:00,36,79,FALSE,115
8/6/2020 20:00,39,78,FALSE,117
8/6/2020 21:00,38,84,FALSE,122
8/6/2020 22:00,38,81,FALSE,119
8/6/2020 23:00,38,84,FALSE,122
8/7/2020 0:00,34,85,FALSE,119
8/7/2020 1:00,41,89,FALSE,130
8/7/2020 2:00,42,95,FALSE,137
8/7/2020 3:00,38,92,FALSE,130
8/7/2020 4:00,39,85,FALSE,124
8/7/2020 5:00,35,78,FALSE,113
8/7/2020 6:00,29,63,FALSE,92
8/7/2020 7:00,25,63,FALSE,88
8/7/2020 8:00,19,59,FALSE,78
8/7/2020 9:00,21,61,FALSE,82
8/7/2020 10:00,23,63,FALSE,86
8/7/2020 11:00,23,62,FALSE,85
8/7/2020 12:00,22,69,FALSE,91
8/7/2020 13:00,25,62,FALSE,87
8/7/2020 14:00,26,68,FALSE,94
8/7/2020 15:00,27,70,FALSE,97
8/7/2020 16:00,24,75,FALSE,99
8/7/2020 17:00,25,81,FALSE,106
8/7/2020 18:00,24,75,FALSE,99
8/7/2020 19:00,23,83,FALSE,106
8/7/2020 20:00,24,75,FALSE,99
8/7/2020 21:00,28,82,FALSE,110
8/7/2020 22:00,25,84,FALSE,109
8/7/2020 23:00,28,87,FALSE,115
8/8/2020 0:00,26,84,FALSE,110
8/8/2020 1:00,27,84,FALSE,111
8/8/2020 2:00,26,91,FALSE,117
8/8/2020 3:00,27,86,FALSE,113
8/8/2020 4:00,25,82,FALSE,107
8/8/2020 5:00,23,75,FALSE,98
8/8/2020 6:00,21,70,FALSE,91
8/8/2020 7:00,20,66,FALSE,86
8/8/2020 8:00,19,65,FALSE,84
8/8/2020 9:00,17,63,FALSE,80
8/8/2020 10:00,21,60,FALSE,81
8/8/2020 11:00,24,66,FALSE,90
8/8/2020 12:00,22,63,FALSE,85
8/8/2020 13:00,24,66,FALSE,90
8/8/2020 14:00,21,69,FALSE,90
8/8/2020 15:00,23,80,FALSE,103
8/8/2020 16:00,24,86,FALSE,110
8/8/2020 17:00,23,88,FALSE,111
8/8/2020 18:00,24,85,FALSE,109
8/8/2020 19:00,24,81,FALSE,105
8/8/2020 20:00,25,78,FALSE,103
8/8/2020 21:00,27,76,FALSE,103
8/8/2020 22:00,27,90,FALSE,117
8/8/2020 23:00,24,84,FALSE,108
8/9/2020 0:00,25,84,FALSE,109
8/9/2020 1:00,31,92,FALSE,123
8/9/2020 2:00,32,88,FALSE,120
8/9/2020 3:00,29,100,FALSE,129
8/9/2020 4:00,28,91,FALSE,119
8/9/2020 5:00,27,89,FALSE,116
8/9/2020 6:00,24,74,FALSE,98
8/9/2020 7:00,18,71,FALSE,89
8/9/2020 8:00,20,68,FALSE,88
8/9/2020 9:00,19,65,FALSE,84
8/9/2020 10:00,19,63,FALSE,82
8/9/2020 11:00,21,65,FALSE,86
8/9/2020 12:00,22,68,FALSE,90
8/9/2020 13:00,21,63,FALSE,84
8/9/2020 14:00,23,74,FALSE,97
8/9/2020 15:00,20,73,FALSE,93
8/9/2020 16:00,21,78,FALSE,99
8/9/2020 17:00,23,80,FALSE,103
8/9/2020 18:00,22,82,FALSE,104
8/9/2020 19:00,21,75,FALSE,96
8/9/2020 20:00,21,78,FALSE,99
8/9/2020 21:00,26,75,FALSE,101
8/9/2020 22:00,26,83,FALSE,109
8/9/2020 23:00,24,81,FALSE,105
8/10/2020 0:00,28,81,FALSE,109
8/10/2020 1:00,28,83,FALSE,111
8/10/2020 2:00,26,87,FALSE,113
8/10/2020 3:00,30,82,FALSE,112
8/10/2020 4:00,30,81,FALSE,111
8/10/2020 5:00,26,71,FALSE,97
8/10/2020 6:00,22,68,FALSE,90
8/10/2020 7:00,17,59,FALSE,76
8/10/2020 8:00,19,61,FALSE,80
8/10/2020 9:00,17,56,FALSE,73
8/10/2020 10:00,16,53,FALSE,69
8/10/2020 11:00,17,54,FALSE,71
8/10/2020 12:00,20,54,FALSE,74
8/10/2020 13:00,21,59,FALSE,80
8/10/2020 14:00,24,65,FALSE,89
8/10/2020 15:00,24,70,FALSE,94
8/10/2020 16:00,26,73,FALSE,99
8/10/2020 17:00,27,77,FALSE,104
8/10/2020 18:00,24,75,FALSE,99
8/10/2020 19:00,24,74,FALSE,98
8/10/2020 20:00,25,68,FALSE,93
8/10/2020 21:00,25,75,FALSE,100
8/10/2020 22:00,25,81,FALSE,106
8/10/2020 23:00,25,75,FALSE,100
8/11/2020 0:00,27,87,FALSE,114
8/11/2020 1:00,29,86,FALSE,115
8/11/2020 2:00,29,89,FALSE,118
8/11/2020 3:00,30,82,FALSE,112
8/11/2020 4:00,31,77,FALSE,108
8/11/2020 5:00,31,76,FALSE,107
8/11/2020 6:00,25,69,FALSE,94
8/11/2020 7:00,18,59,FALSE,77
8/11/2020 8:00,17,60,FALSE,77
8/11/2020 9:00,16,59,FALSE,75
8/11/2020 10:00,18,56,FALSE,74
8/11/2020 11:00,19,64,FALSE,83
8/11/2020 12:00,22,60,FALSE,82
8/11/2020 13:00,18,63,FALSE,81
8/11/2020 14:00,21,67,FALSE,88
8/11/2020 15:00,21,78,FALSE,99
8/11/2020 16:00,20,81,FALSE,101
8/11/2020 17:00,24,82,FALSE,106
8/11/2020 18:00,21,78,FALSE,99
8/11/2020 19:00,23,81,FALSE,104
8/11/2020 20:00,20,78,FALSE,98
8/11/2020 21:00,22,75,FALSE,97
8/11/2020 22:00,21,86,FALSE,107
8/11/2020 23:00,26,81,FALSE,107
8/12/2020 0:00,24,81,FALSE,105
8/12/2020 0:00,25,84,FALSE,109
8/12/2020 1:00,21,95,FALSE,116
8/12/2020 2:00,25,94,FALSE,119
8/12/2020 3:00,25,88,FALSE,113
8/12/2020 4:00,21,80,FALSE,101
8/12/2020 5:00,23,75,FALSE,98
8/12/2020 6:00,18,65,FALSE,83
8/12/2020 7:00,15,65,FALSE,80
8/12/2020 8:00,16,69,FALSE,85
8/12/2020 9:00,18,64,FALSE,82
8/12/2020 10:00,18,71,FALSE,89
8/12/2020 11:00,18,62,FALSE,80
8/12/2020 12:00,19,64,FALSE,83
8/12/2020 13:00,20,69,FALSE,89
8/12/2020 14:00,23,73,FALSE,96
8/12/2020 15:00,23,83,FALSE,106
8/12/2020 16:00,23,85,FALSE,108
8/12/2020 17:00,21,88,FALSE,109
8/12/2020 18:00,22,84,FALSE,106
8/12/2020 19:00,21,84,FALSE,105
8/12/2020 20:00,25,82,FALSE,107
8/12/2020 21:00,25,81,FALSE,106
8/12/2020 22:00,22,84,FALSE,106
8/12/2020 23:00,23,86,FALSE,109
8/13/2020 0:00,25,86,FALSE,111
8/13/2020 1:00,25,81,FALSE,106
8/13/2020 2:00,28,95,FALSE,123
8/13/2020 3:00,31,88,FALSE,119
8/13/2020 4:00,28,82,FALSE,110
8/13/2020 5:00,19,79,FALSE,98
8/13/2020 6:00,19,65,FALSE,84
8/13/2020 7:00,17,68,FALSE,85
8/13/2020 8:00,16,66,FALSE,82
8/13/2020 9:00,15,58,FALSE,73
8/13/2020 10:00,16,59,FALSE,75
8/13/2020 11:00,19,60,FALSE,79
8/13/2020 12:00,19,62,FALSE,81
8/13/2020 13:00,16,63,FALSE,79
8/13/2020 14:00,20,71,FALSE,91
8/13/2020 15:00,21,74,FALSE,95
8/13/2020 16:00,20,83,FALSE,103
8/13/2020 17:00,26,87,FALSE,113
8/13/2020 18:00,25,84,FALSE,109
8/13/2020 19:00,22,81,FALSE,103
8/13/2020 20:00,24,80,FALSE,104
8/13/2020 21:00,26,85,FALSE,111
8/13/2020 22:00,27,86,FALSE,113
8/13/2020 23:00,28,96,FALSE,124
8/14/2020 0:00,28,91,FALSE,119
8/14/2020 1:00,27,93,FALSE,120
8/14/2020 2:00,25,90,FALSE,115
8/14/2020 3:00,28,90,FALSE,118
8/14/2020 4:00,25,84,FALSE,109
8/14/2020 5:00,26,79,FALSE,105
8/14/2020 6:00,20,69,FALSE,89
8/14/2020 7:00,17,62,FALSE,79
8/14/2020 8:00,15,71,FALSE,86
8/14/2020 9:00,18,63,FALSE,81
8/14/2020 10:00,19,65,FALSE,84
8/14/2020 11:00,20,64,FALSE,84
8/14/2020 12:00,20,68,FALSE,88
8/14/2020 13:00,21,69,FALSE,90
8/14/2020 14:00,21,74,FALSE,95
8/14/2020 15:00,21,82,FALSE,103
8/14/2020 16:00,23,86,FALSE,109
8/14/2020 17:00,26,87,FALSE,113
8/14/2020 18:00,22,84,FALSE,106
8/14/2020 19:00,21,89,FALSE,110
8/14/2020 20:00,23,83,FALSE,106
8/14/2020 21:00,24,91,FALSE,115
8/14/2020 22:00,31,84,FALSE,115
8/14/2020 23:00,37,87,FALSE,124
8/15/2020 0:00,38,86,FALSE,124
8/15/2020 1:00,31,88,FALSE,119
8/15/2020 2:00,30,91,FALSE,121
8/15/2020 3:00,27,92,FALSE,119
8/15/2020 4:00,29,90,FALSE,119
8/15/2020 5:00,26,86,FALSE,112
8/15/2020 6:00,22,73,FALSE,95
8/15/2020 7:00,19,71,FALSE,90
8/15/2020 8:00,18,72,FALSE,90
8/15/2020 9:00,20,68,FALSE,88
8/15/2020 10:00,21,67,FALSE,88
8/15/2020 11:00,18,63,FALSE,81
8/15/2020 12:00,21,72,FALSE,93
8/15/2020 13:00,24,72,FALSE,96
8/15/2020 14:00,27,81,FALSE,108
8/15/2020 15:00,26,81,FALSE,107
8/15/2020 16:00,27,87,FALSE,114
8/15/2020 17:00,26,87,FALSE,113
8/15/2020 18:00,21,86,FALSE,107
8/15/2020 19:00,23,83,FALSE,106
8/15/2020 20:00,26,83,FALSE,109
8/15/2020 21:00,27,83,FALSE,110
8/15/2020 22:00,28,90,FALSE,118
8/15/2020 23:00,26,89,FALSE,115
8/16/2020 0:00,28,92,FALSE,120
8/16/2020 1:00,27,100,FALSE,127
8/16/2020 2:00,29,91,FALSE,120
8/16/2020 3:00,29,91,FALSE,120
8/16/2020 4:00,24,93,FALSE,117
8/16/2020 5:00,26,83,FALSE,109
8/16/2020 6:00,25,74,FALSE,99
8/16/2020 7:00,20,66,FALSE,86
8/16/2020 8:00,18,66,FALSE,84
8/16/2020 9:00,21,74,FALSE,95
8/16/2020 10:00,18,70,FALSE,88
8/16/2020 11:00,21,65,FALSE,86
8/16/2020 12:00,21,66,FALSE,87
8/16/2020 13:00,20,67,FALSE,87
8/16/2020 14:00,19,75,FALSE,94
8/16/2020 15:00,20,84,FALSE,104
8/16/2020 16:00,22,85,FALSE,107
8/16/2020 17:00,22,83,FALSE,105
8/16/2020 18:00,23,80,FALSE,103
8/16/2020 19:00,23,76,FALSE,99
8/16/2020 20:00,22,85,FALSE,107
8/16/2020 21:00,27,83,FALSE,110
8/16/2020 22:00,24,86,FALSE,110
8/16/2020 23:00,24,89,FALSE,113
8/17/2020 0:00,29,90,FALSE,119
8/17/2020 1:00,28,84,FALSE,112
8/17/2020 2:00,31,94,FALSE,125
8/17/2020 3:00,27,90,FALSE,117
8/17/2020 4:00,23,90,FALSE,113
8/17/2020 5:00,24,80,FALSE,104
8/17/2020 6:00,19,66,FALSE,85
8/17/2020 7:00,28,63,FALSE,91
8/17/2020 8:00,27,62,FALSE,89
8/17/2020 9:00,20,68,FALSE,88
8/17/2020 10:00,19,63,FALSE,82
8/17/2020 11:00,22,65,FALSE,87
8/17/2020 12:00,20,58,FALSE,78
8/17/2020 13:00,23,66,FALSE,89
8/17/2020 14:00,25,72,FALSE,97
8/17/2020 15:00,26,78,FALSE,104
8/17/2020 16:00,26,86,FALSE,112
8/17/2020 17:00,31,90,FALSE,121
8/17/2020 18:00,27,86,FALSE,113
8/17/2020 19:00,29,79,FALSE,108
8/17/2020 20:00,33,82,FALSE,115
8/17/2020 21:00,33,87,FALSE,120
8/17/2020 22:00,36,88,FALSE,124
8/17/2020 23:00,35,90,FALSE,125
8/18/2020 0:00,33,93,FALSE,126
8/18/2020 1:00,34,86,FALSE,120
8/18/2020 2:00,35,89,FALSE,124
8/18/2020 3:00,34,93,FALSE,127
8/18/2020 4:00,32,78,FALSE,110
8/18/2020 5:00,28,77,FALSE,105
8/18/2020 6:00,20,68,FALSE,88
8/18/2020 7:00,22,65,FALSE,87
8/18/2020 8:00,19,65,FALSE,84
8/18/2020 9:00,19,65,FALSE,84
8/18/2020 10:00,20,66,FALSE,86
8/18/2020 11:00,18,65,FALSE,83
8/18/2020 12:00,20,68,FALSE,88
8/18/2020 13:00,21,71,FALSE,92
8/18/2020 14:00,23,81,FALSE,104
8/18/2020 15:00,24,79,FALSE,103
8/18/2020 16:00,21,88,FALSE,109
8/18/2020 17:00,26,89,FALSE,115
8/18/2020 18:00,26,88,FALSE,114
8/18/2020 19:00,25,81,FALSE,106
8/18/2020 20:00,23,85,FALSE,108
8/18/2020 21:00,27,82,FALSE,109
8/18/2020 22:00,32,87,FALSE,119
8/18/2020 23:00,36,99,FALSE,135
8/19/2020 0:00,30,93,FALSE,123
8/19/2020 0:00,29,93,FALSE,122
8/19/2020 1:00,29,86,FALSE,115
8/19/2020 2:00,33,96,FALSE,129
8/19/2020 3:00,35,87,FALSE,122
8/19/2020 4:00,29,89,FALSE,118
8/19/2020 5:00,23,74,FALSE,97
8/19/2020 6:00,20,71,FALSE,91
8/19/2020 7:00,17,65,FALSE,82
8/19/2020 8:00,18,69,FALSE,87
8/19/2020 9:00,17,64,FALSE,81
8/19/2020 10:00,15,64,FALSE,79
8/19/2020 11:00,18,63,FALSE,81
8/19/2020 12:00,16,65,FALSE,81
8/19/2020 13:00,21,69,FALSE,90
8/19/2020 14:00,19,77,FALSE,96
8/19/2020 15:00,19,80,FALSE,99
8/19/2020 16:00,20,85,FALSE,105
8/19/2020 17:00,23,90,FALSE,113
8/19/2020 18:00,20,87,FALSE,107
8/19/2020 19:00,20,81,FALSE,101
8/19/2020 20:00,20,79,FALSE,99
8/19/2020 21:00,22,90,FALSE,112
8/19/2020 22:00,24,84,FALSE,108
8/19/2020 23:00,24,89,FALSE,113
8/20/2020 0:00,23,93,FALSE,116
8/20/2020 1:00,22,93,FALSE,115
8/20/2020 2:00,26,93,FALSE,119
8/20/2020 3:00,23,85,FALSE,108
8/20/2020 4:00,22,87,FALSE,109
8/20/2020 5:00,20,76,FALSE,96
8/20/2020 6:00,19,70,FALSE,89
8/20/2020 7:00,17,60,FALSE,77
8/20/2020 8:00,17,61,FALSE,78
8/20/2020 9:00,12,60,FALSE,72
8/20/2020 10:00,16,59,FALSE,75
8/20/2020 11:00,17,63,FALSE,80
8/20/2020 12:00,21,70,FALSE,91
8/20/2020 13:00,22,73,FALSE,95
8/20/2020 14:00,20,83,FALSE,103
8/20/2020 15:00,21,90,FALSE,111
8/20/2020 16:00,22,92,FALSE,114
8/20/2020 17:00,25,92,FALSE,117
8/20/2020 18:00,22,93,FALSE,115
8/20/2020 19:00,23,89,FALSE,112
8/20/2020 20:00,20,88,FALSE,108
8/20/2020 21:00,26,89,FALSE,115
8/20/2020 22:00,24,93,FALSE,117
8/20/2020 23:00,27,92,FALSE,119
8/21/2020 0:00,23,94,FALSE,117
8/21/2020 1:00,26,91,FALSE,117
8/21/2020 2:00,26,94,FALSE,120
8/21/2020 3:00,23,90,FALSE,113
8/21/2020 4:00,26,83,FALSE,109
8/21/2020 5:00,26,74,FALSE,100
8/21/2020 6:00,19,62,FALSE,81
8/21/2020 7:00,16,65,FALSE,81
8/21/2020 8:00,18,64,FALSE,82
8/21/2020 9:00,16,64,FALSE,80
8/21/2020 10:00,16,62,FALSE,78
8/21/2020 11:00,18,65,FALSE,83
8/21/2020 12:00,16,72,FALSE,88
8/21/2020 13:00,19,77,FALSE,96
8/21/2020 14:00,19,77,FALSE,96
8/21/2020 15:00,20,88,FALSE,108
8/21/2020 16:00,20,93,FALSE,113
8/21/2020 17:00,18,97,FALSE,115
8/21/2020 18:00,17,94,FALSE,111
8/21/2020 19:00,21,100,FALSE,121
8/21/2020 20:00,20,89,FALSE,109
8/21/2020 21:00,20,85,FALSE,105
8/21/2020 22:00,21,90,FALSE,111
8/21/2020 23:00,21,91,FALSE,112
8/22/2020 0:00,21,89,FALSE,110
8/22/2020 1:00,20,93,FALSE,113
8/22/2020 2:00,24,94,FALSE,118
8/22/2020 3:00,26,91,FALSE,117
8/22/2020 4:00,24,94,FALSE,118
8/22/2020 5:00,22,88,FALSE,110
8/22/2020 6:00,18,74,FALSE,92
8/22/2020 7:00,18,67,FALSE,85
8/22/2020 8:00,16,67,FALSE,83
8/22/2020 9:00,16,69,FALSE,85
8/22/2020 10:00,14,63,FALSE,77
8/22/2020 11:00,18,67,FALSE,85
8/22/2020 12:00,16,67,FALSE,83
8/22/2020 13:00,18,72,FALSE,90
8/22/2020 14:00,17,76,FALSE,93
8/22/2020 15:00,18,77,FALSE,95
8/22/2020 16:00,17,85,FALSE,102
8/22/2020 17:00,20,89,FALSE,109
8/22/2020 18:00,17,87,FALSE,104
8/22/2020 19:00,18,84,FALSE,102
8/22/2020 20:00,21,85,FALSE,106
8/22/2020 21:00,24,89,FALSE,113
8/22/2020 22:00,23,81,FALSE,104
8/22/2020 23:00,23,96,FALSE,119
8/23/2020 0:00,24,86,FALSE,110
8/23/2020 1:00,19,98,FALSE,117
8/23/2020 2:00,22,100,FALSE,122
8/23/2020 3:00,22,87,FALSE,109
8/23/2020 4:00,21,86,FALSE,107
8/23/2020 5:00,24,81,FALSE,105
8/23/2020 6:00,21,74,FALSE,95
8/23/2020 7:00,15,67,FALSE,82
8/23/2020 8:00,16,70,FALSE,86
8/23/2020 9:00,16,70,FALSE,86
8/23/2020 10:00,15,65,FALSE,80
8/23/2020 11:00,18,69,FALSE,87
8/23/2020 12:00,17,66,FALSE,83
8/23/2020 13:00,15,68,FALSE,83
8/23/2020 14:00,17,70,FALSE,87
8/23/2020 15:00,19,71,FALSE,90
8/23/2020 16:00,18,83,FALSE,101
8/23/2020 17:00,18,80,FALSE,98
8/23/2020 18:00,18,76,FALSE,94
8/23/2020 19:00,15,73,FALSE,88
8/23/2020 20:00,17,75,FALSE,92
8/23/2020 21:00,19,79,FALSE,98
8/23/2020 22:00,21,82,FALSE,103
8/23/2020 23:00,19,86,FALSE,105
8/24/2020 0:00,17,89,FALSE,106
8/24/2020 1:00,21,90,FALSE,111
8/24/2020 2:00,23,91,FALSE,114
8/24/2020 3:00,21,79,FALSE,100
8/24/2020 4:00,22,80,FALSE,102
8/24/2020 5:00,18,72,FALSE,90
8/24/2020 6:00,17,65,FALSE,82
8/24/2020 7:00,15,63,FALSE,78
8/24/2020 8:00,16,59,FALSE,75
8/24/2020 9:00,16,56,FALSE,72
8/24/2020 10:00,13,58,FALSE,71
8/24/2020 11:00,17,58,FALSE,75
8/24/2020 12:00,16,63,FALSE,79
8/24/2020 13:00,19,69,FALSE,88
8/24/2020 14:00,21,74,FALSE,95
8/24/2020 15:00,17,85,FALSE,102
8/24/2020 16:00,20,92,FALSE,112
8/24/2020 17:00,20,93,FALSE,113
8/24/2020 18:00,19,87,FALSE,106
8/24/2020 19:00,18,92,FALSE,110
8/24/2020 20:00,17,83,FALSE,100
8/24/2020 21:00,21,86,FALSE,107
8/24/2020 22:00,22,80,FALSE,102
8/24/2020 23:00,20,88,FALSE,108
8/25/2020 0:00,20,91,FALSE,111
8/25/2020 1:00,21,85,FALSE,106
8/25/2020 2:00,20,91,FALSE,111
8/25/2020 3:00,22,85,FALSE,107
8/25/2020 4:00,18,74,FALSE,92
8/25/2020 5:00,19,72,FALSE,91
8/25/2020 6:00,17,62,FALSE,79
8/25/2020 7:00,15,60,FALSE,75
8/25/2020 8:00,13,64,FALSE,77
8/25/2020 9:00,14,59,FALSE,73
8/25/2020 10:00,13,60,FALSE,73
8/25/2020 11:00,17,64,FALSE,81
8/25/2020 12:00,14,69,FALSE,83
8/25/2020 13:00,16,78,FALSE,94
8/25/2020 14:00,17,81,FALSE,98
8/25/2020 15:00,18,83,FALSE,101
8/25/2020 16:00,18,93,FALSE,111
8/25/2020 17:00,18,93,FALSE,111
8/25/2020 18:00,16,91,FALSE,107
8/25/2020 19:00,18,89,FALSE,107
8/25/2020 20:00,21,88,FALSE,109
8/25/2020 21:00,22,83,FALSE,105
8/25/2020 22:00,21,82,FALSE,103
8/25/2020 23:00,23,90,FALSE,113
8/26/2020 0:00,24,94,FALSE,118
8/26/2020 0:00,23,91,FALSE,114
8/26/2020 1:00,18,86,FALSE,104
8/26/2020 2:00,22,78,FALSE,100
8/26/2020 3:00,18,78,FALSE,96
8/26/2020 4:00,19,82,FALSE,101
8/26/2020 5:00,19,74,FALSE,93
8/26/2020 6:00,17,62,FALSE,79
8/26/2020 7:00,15,61,FALSE,76
8/26/2020 8:00,14,62,FALSE,76
8/26/2020 9:00,13,62,FALSE,75
8/26/2020 10:00,15,59,FALSE,74
8/26/2020 11:00,18,59,FALSE,77
8/26/2020 12:00,13,65,FALSE,78
8/26/2020 13:00,18,73,FALSE,91
8/26/2020 14:00,15,77,FALSE,92
8/26/2020 15:00,17,91,FALSE,108
8/26/2020 16:00,17,92,FALSE,109
8/26/2020 17:00,19,94,FALSE,113
8/26/2020 18:00,19,87,FALSE,106
8/26/2020 19:00,16,92,FALSE,108
8/26/2020 20:00,21,83,FALSE,104
8/26/2020 21:00,17,81,FALSE,98
8/26/2020 22:00,19,87,FALSE,106
8/26/2020 23:00,17,87,FALSE,104
8/27/2020 0:00,20,91,FALSE,111
8/27/2020 1:00,21,85,FALSE,106
8/27/2020 2:00,21,88,FALSE,109
8/27/2020 3:00,18,89,FALSE,107
8/27/2020 4:00,17,79,FALSE,96
8/27/2020 5:00,17,66,FALSE,83
8/27/2020 6:00,14,60,FALSE,74
8/27/2020 7:00,12,59,FALSE,71
8/27/2020 8:00,12,61,FALSE,73
8/27/2020 9:00,12,60,FALSE,72
8/27/2020 10:00,15,59,FALSE,74
8/27/2020 11:00,15,63,FALSE,78
8/27/2020 12:00,13,67,FALSE,80
8/27/2020 13:00,15,72,FALSE,87
8/27/2020 14:00,17,78,FALSE,95
8/27/2020 15:00,15,92,FALSE,107
8/27/2020 16:00,18,90,FALSE,108
8/27/2020 17:00,18,95,FALSE,113
8/27/2020 18:00,18,95,FALSE,113
8/27/2020 19:00,18,87,FALSE,105
8/27/2020 20:00,18,81,FALSE,99
8/27/2020 21:00,19,78,FALSE,97
8/27/2020 22:00,17,80,FALSE,97
8/27/2020 23:00,21,85,FALSE,106
8/28/2020 0:00,19,93,FALSE,112
8/28/2020 1:00,18,84,FALSE,102
8/28/2020 2:00,20,89,FALSE,109
8/28/2020 3:00,19,84,FALSE,103
8/28/2020 4:00,19,77,FALSE,96
8/28/2020 5:00,18,71,FALSE,89
8/28/2020 6:00,17,68,FALSE,85
8/28/2020 7:00,13,61,FALSE,74
8/28/2020 8:00,11,65,FALSE,76
8/28/2020 9:00,12,64,FALSE,76
8/28/2020 10:00,12,60,FALSE,72
8/28/2020 11:00,15,63,FALSE,78
8/28/2020 12:00,13,68,FALSE,81
8/28/2020 13:00,15,76,FALSE,91
8/28/2020 14:00,14,80,FALSE,94
8/28/2020 15:00,16,95,FALSE,111
8/28/2020 16:00,19,93,FALSE,112
8/28/2020 17:00,18,100,FALSE,118
8/28/2020 18:00,16,93,FALSE,109
8/28/2020 19:00,18,92,FALSE,110
8/28/2020 20:00,21,87,FALSE,108
8/28/2020 21:00,21,82,FALSE,103
8/28/2020 22:00,18,85,FALSE,103
8/28/2020 23:00,18,85,FALSE,103
8/29/2020 0:00,24,85,FALSE,109
8/29/2020 1:00,22,83,FALSE,105
8/29/2020 2:00,17,84,FALSE,101
8/29/2020 3:00,21,79,FALSE,100
8/29/2020 4:00,19,80,FALSE,99
8/29/2020 5:00,19,78,FALSE,97
8/29/2020 6:00,18,63,FALSE,81
8/29/2020 7:00,15,68,FALSE,83
8/29/2020 8:00,16,64,FALSE,80
8/29/2020 9:00,15,60,FALSE,75
8/29/2020 10:00,16,63,FALSE,79
8/29/2020 11:00,15,61,FALSE,76
8/29/2020 12:00,15,63,FALSE,78
8/29/2020 13:00,17,61,FALSE,78
8/29/2020 14:00,18,69,FALSE,87
8/29/2020 15:00,15,69,FALSE,84
8/29/2020 16:00,15,82,FALSE,97
8/29/2020 17:00,21,77,FALSE,98
8/29/2020 18:00,17,84,FALSE,101
8/29/2020 19:00,19,80,FALSE,99
8/29/2020 20:00,19,78,FALSE,97
8/29/2020 21:00,17,77,FALSE,94
8/29/2020 22:00,19,78,FALSE,97
8/29/2020 23:00,19,93,FALSE,112
8/30/2020 0:00,21,87,FALSE,108
8/30/2020 1:00,20,94,FALSE,114
8/30/2020 2:00,24,89,FALSE,113
8/30/2020 3:00,22,90,FALSE,112
8/30/2020 4:00,21,85,FALSE,106
8/30/2020 5:00,23,80,FALSE,103
8/30/2020 6:00,17,72,FALSE,89
8/30/2020 7:00,17,60,FALSE,77
8/30/2020 8:00,14,64,FALSE,78
8/30/2020 9:00,11,60,FALSE,71
8/30/2020 10:00,14,54,FALSE,68
8/30/2020 11:00,16,66,FALSE,82
8/30/2020 12:00,15,61,FALSE,76
8/30/2020 13:00,17,61,FALSE,78
8/30/2020 14:00,14,65,FALSE,79
8/30/2020 15:00,17,74,FALSE,91
8/30/2020 16:00,16,79,FALSE,95
8/30/2020 17:00,19,73,FALSE,92
8/30/2020 18:00,15,79,FALSE,94
8/30/2020 19:00,17,73,FALSE,90
8/30/2020 20:00,18,77,FALSE,95
8/30/2020 21:00,22,78,FALSE,100
8/30/2020 22:00,21,86,FALSE,107
8/30/2020 23:00,22,84,FALSE,106
8/31/2020 0:00,23,84,FALSE,107
8/31/2020 1:00,18,85,FALSE,103
8/31/2020 2:00,23,83,FALSE,106
8/31/2020 3:00,24,83,FALSE,107
8/31/2020 4:00,22,75,FALSE,97
8/31/2020 5:00,20,73,FALSE,93
8/31/2020 6:00,16,59,FALSE,75
8/31/2020 7:00,15,55,FALSE,70
8/31/2020 8:00,16,59,FALSE,75
8/31/2020 9:00,14,54,FALSE,68
8/31/2020 10:00,14,57,FALSE,71
8/31/2020 11:00,18,57,FALSE,75
8/31/2020 12:00,15,67,FALSE,82
8/31/2020 13:00,17,68,FALSE,85
8/31/2020 14:00,16,75,FALSE,91
8/31/2020 15:00,19,84,FALSE,103
8/31/2020 16:00,17,81,FALSE,98
8/31/2020 17:00,17,87,FALSE,104
8/31/2020 18:00,18,89,FALSE,107
8/31/2020 19:00,21,88,FALSE,109
8/31/2020 20:00,21,85,FALSE,106
8/31/2020 21:00,19,80,FALSE,99
8/31/2020 22:00,18,84,FALSE,102
8/31/2020 23:00,24,82,FALSE,106
9/1/2020 0:00,25,81,FALSE,106
9/1/2020 1:00,20,83,FALSE,103
9/1/2020 2:00,24,90,FALSE,114
9/1/2020 3:00,21,83,FALSE,104
9/1/2020 4:00,21,75,FALSE,96
9/1/2020 5:00,20,69,FALSE,89
9/1/2020 6:00,16,67,FALSE,83
9/1/2020 7:00,18,60,FALSE,78
9/1/2020 8:00,14,58,FALSE,72
9/1/2020 9:00,16,59,FALSE,75
9/1/2020 10:00,15,57,FALSE,72
9/1/2020 11:00,18,58,FALSE,76
9/1/2020 12:00,17,70,FALSE,87
9/1/2020 13:00,15,73,FALSE,88
9/1/2020 14:00,19,76,FALSE,95
9/1/2020 15:00,19,83,FALSE,102
9/1/2020 16:00,19,90,FALSE,109
9/1/2020 17:00,19,90,FALSE,109
9/1/2020 18:00,20,91,FALSE,111
9/1/2020 19:00,19,84,FALSE,103
9/1/2020 20:00,20,81,FALSE,101
9/1/2020 21:00,20,81,FALSE,101
9/1/2020 22:00,23,83,FALSE,106
9/1/2020 23:00,23,86,FALSE,109
9/2/2020 0:00,25,88,FALSE,113
9/2/2020 0:00,25,90,FALSE,115
9/2/2020 1:00,22,87,FALSE,109
9/2/2020 2:00,22,89,FALSE,111
9/2/2020 3:00,25,86,FALSE,111
9/2/2020 4:00,23,74,FALSE,97
9/2/2020 5:00,22,74,FALSE,96
9/2/2020 6:00,19,61,FALSE,80
9/2/2020 7:00,18,55,FALSE,73
9/2/2020 8:00,16,60,FALSE,76
9/2/2020 9:00,15,60,FALSE,75
9/2/2020 10:00,16,60,FALSE,76
9/2/2020 11:00,18,66,FALSE,84
9/2/2020 12:00,20,70,FALSE,90
9/2/2020 13:00,17,77,FALSE,94
9/2/2020 14:00,18,82,FALSE,100
9/2/2020 15:00,19,90,FALSE,109
9/2/2020 16:00,19,93,FALSE,112
9/2/2020 17:00,19,98,FALSE,117
9/2/2020 18:00,19,94,FALSE,113
9/2/2020 19:00,19,90,FALSE,109
9/2/2020 20:00,21,83,FALSE,104
9/2/2020 21:00,24,80,FALSE,104
9/2/2020 22:00,20,86,FALSE,106
9/2/2020 23:00,21,83,FALSE,104
9/3/2020 0:00,20,89,FALSE,109
9/3/2020 1:00,25,91,FALSE,116
9/3/2020 2:00,27,91,FALSE,118
9/3/2020 3:00,22,74,FALSE,96
9/3/2020 4:00,23,80,FALSE,103
9/3/2020 5:00,20,67,FALSE,87
9/3/2020 6:00,17,63,FALSE,80
9/3/2020 7:00,14,65,FALSE,79
9/3/2020 8:00,15,61,FALSE,76
9/3/2020 9:00,14,58,FALSE,72
9/3/2020 10:00,14,57,FALSE,71
9/3/2020 11:00,16,61,FALSE,77
9/3/2020 12:00,16,74,FALSE,90
9/3/2020 13:00,22,80,FALSE,102
9/3/2020 14:00,19,84,FALSE,103
9/3/2020 15:00,20,96,FALSE,116
9/3/2020 16:00,17,96,FALSE,113
9/3/2020 17:00,20,98,FALSE,118
9/3/2020 18:00,20,100,FALSE,120
9/3/2020 19:00,23,96,FALSE,119
9/3/2020 20:00,19,86,FALSE,105
9/3/2020 21:00,21,83,FALSE,104
9/3/2020 22:00,24,86,FALSE,110
9/3/2020 23:00,28,96,FALSE,124
9/4/2020 0:00,25,95,FALSE,120
9/4/2020 1:00,25,92,FALSE,117
9/4/2020 2:00,28,91,FALSE,119
9/4/2020 3:00,24,82,FALSE,106
9/4/2020 4:00,22,79,FALSE,101
9/4/2020 5:00,21,70,FALSE,91
9/4/2020 6:00,18,67,FALSE,85
9/4/2020 7:00,19,64,FALSE,83
9/4/2020 8:00,16,61,FALSE,77
9/4/2020 9:00,17,62,FALSE,79
9/4/2020 10:00,16,63,FALSE,79
9/4/2020 11:00,15,67,FALSE,82
9/4/2020 12:00,17,79,FALSE,96
9/4/2020 13:00,16,85,FALSE,101
9/4/2020 14:00,19,88,FALSE,107
9/4/2020 15:00,18,88,FALSE,106
9/4/2020 16:00,21,93,FALSE,114
9/4/2020 17:00,18,100,FALSE,118
9/4/2020 18:00,18,100,FALSE,118
9/4/2020 19:00,22,96,FALSE,118
9/4/2020 20:00,21,97,FALSE,118
9/4/2020 21:00,25,86,FALSE,111
9/4/2020 22:00,25,91,FALSE,116
9/4/2020 23:00,25,86,FALSE,111
9/5/2020 0:00,26,91,FALSE,117
9/5/2020 1:00,20,88,FALSE,108
9/5/2020 2:00,23,89,FALSE,112
9/5/2020 3:00,21,85,FALSE,106
9/5/2020 4:00,24,83,FALSE,107
9/5/2020 5:00,23,70,FALSE,93
9/5/2020 6:00,16,66,FALSE,82
9/5/2020 7:00,17,62,FALSE,79
9/5/2020 8:00,18,62,FALSE,80
9/5/2020 9:00,13,62,FALSE,75
9/5/2020 10:00,14,59,FALSE,73
9/5/2020 11:00,16,59,FALSE,75
9/5/2020 12:00,17,61,FALSE,78
9/5/2020 13:00,16,66,FALSE,82
9/5/2020 14:00,16,66,FALSE,82
9/5/2020 15:00,18,79,FALSE,97
9/5/2020 16:00,20,84,FALSE,104
9/5/2020 17:00,17,83,FALSE,100
9/5/2020 18:00,17,84,FALSE,101
9/5/2020 19:00,17,80,FALSE,97
9/5/2020 20:00,17,75,FALSE,92
9/5/2020 21:00,19,80,FALSE,99
9/5/2020 22:00,18,80,FALSE,98
9/5/2020 23:00,19,85,FALSE,104
9/6/2020 0:00,19,81,FALSE,100
9/6/2020 1:00,19,85,FALSE,104
9/6/2020 2:00,19,85,FALSE,104
9/6/2020 3:00,22,90,FALSE,112
9/6/2020 4:00,22,81,FALSE,103
9/6/2020 5:00,21,72,FALSE,93
9/6/2020 6:00,16,71,FALSE,87
9/6/2020 7:00,13,66,FALSE,79
9/6/2020 8:00,15,61,FALSE,76
9/6/2020 9:00,13,56,FALSE,69
9/6/2020 10:00,14,58,FALSE,72
9/6/2020 11:00,18,65,FALSE,83
9/6/2020 12:00,18,62,FALSE,80
9/6/2020 13:00,13,62,FALSE,75
9/6/2020 14:00,16,69,FALSE,85
9/6/2020 15:00,17,76,FALSE,93
9/6/2020 16:00,16,77,FALSE,93
9/6/2020 17:00,17,77,FALSE,94
9/6/2020 18:00,19,77,FALSE,96
9/6/2020 19:00,17,81,FALSE,98
9/6/2020 20:00,16,73,FALSE,89
9/6/2020 21:00,18,74,FALSE,92
9/6/2020 22:00,19,77,FALSE,96
9/6/2020 23:00,16,83,FALSE,99
9/7/2020 0:00,21,87,FALSE,108
9/7/2020 1:00,20,79,FALSE,99
9/7/2020 2:00,22,90,FALSE,112
9/7/2020 3:00,19,81,FALSE,100
9/7/2020 4:00,22,76,FALSE,98
9/7/2020 5:00,17,64,FALSE,81
9/7/2020 6:00,15,63,FALSE,78
9/7/2020 7:00,13,52,FALSE,65
9/7/2020 8:00,11,54,FALSE,65
9/7/2020 9:00,14,56,FALSE,70
9/7/2020 10:00,13,54,FALSE,67
9/7/2020 11:00,14,52,FALSE,66
9/7/2020 12:00,14,56,FALSE,70
9/7/2020 13:00,17,56,FALSE,73
9/7/2020 14:00,14,61,FALSE,75
9/7/2020 15:00,15,69,FALSE,84
9/7/2020 16:00,16,67,FALSE,83
9/7/2020 17:00,15,73,FALSE,88
9/7/2020 18:00,16,70,FALSE,86
9/7/2020 19:00,15,72,FALSE,87
9/7/2020 20:00,16,70,FALSE,86
9/7/2020 21:00,17,73,FALSE,90
9/7/2020 22:00,19,75,FALSE,94
9/7/2020 23:00,17,81,FALSE,98
9/8/2020 0:00,21,81,FALSE,102
9/8/2020 1:00,19,78,FALSE,97
9/8/2020 2:00,18,85,FALSE,103
9/8/2020 3:00,15,81,FALSE,96
9/8/2020 4:00,15,66,FALSE,81
9/8/2020 5:00,17,65,FALSE,82
9/8/2020 6:00,13,60,FALSE,73
9/8/2020 7:00,12,65,FALSE,77
9/8/2020 8:00,13,60,FALSE,73
9/8/2020 9:00,14,59,FALSE,73
9/8/2020 10:00,12,56,FALSE,68
9/8/2020 11:00,16,60,FALSE,76
9/8/2020 12:00,15,67,FALSE,82
9/8/2020 13:00,15,78,FALSE,93
9/8/2020 14:00,16,77,FALSE,93
9/8/2020 15:00,16,84,FALSE,100
9/8/2020 16:00,16,95,FALSE,111
9/8/2020 17:00,15,95,FALSE,110
9/8/2020 18:00,16,87,FALSE,103
9/8/2020 19:00,19,84,FALSE,103
9/8/2020 20:00,19,82,FALSE,101
9/8/2020 21:00,17,76,FALSE,93
9/8/2020 22:00,20,75,FALSE,95
9/8/2020 23:00,19,81,FALSE,100
9/9/2020 0:00,19,83,FALSE,102
9/9/2020 0:00,17,76,FALSE,93
9/9/2020 1:00,15,73,FALSE,88
9/9/2020 2:00,14,69,FALSE,83
9/9/2020 3:00,19,66,FALSE,85
9/9/2020 4:00,15,67,FALSE,82
9/9/2020 5:00,15,53,FALSE,68
9/9/2020 6:00,13,54,FALSE,67
9/9/2020 7:00,11,54,FALSE,65
9/9/2020 8:00,11,58,FALSE,69
9/9/2020 9:00,10,53,FALSE,63
9/9/2020 10:00,12,53,FALSE,65
9/9/2020 11:00,15,55,FALSE,70
9/9/2020 12:00,13,67,FALSE,80
9/9/2020 13:00,13,69,FALSE,82
9/9/2020 14:00,13,76,FALSE,89
9/9/2020 15:00,14,84,FALSE,98
9/9/2020 16:00,14,88,FALSE,102
9/9/2020 17:00,17,92,FALSE,109
9/9/2020 18:00,16,91,FALSE,107
9/9/2020 19:00,16,83,FALSE,99
9/9/2020 20:00,16,78,FALSE,94
9/9/2020 21:00,17,72,FALSE,89
9/9/2020 22:00,16,73,FALSE,89
9/9/2020 23:00,17,77,FALSE,94
9/10/2020 0:00,16,75,FALSE,91
9/10/2020 1:00,20,76,FALSE,96
9/10/2020 2:00,18,77,FALSE,95
9/10/2020 3:00,16,68,FALSE,84
9/10/2020 4:00,16,68,FALSE,84
9/10/2020 5:00,16,57,FALSE,73
9/10/2020 6:00,14,57,FALSE,71
9/10/2020 7:00,11,50,FALSE,61
9/10/2020 8:00,12,56,FALSE,68
9/10/2020 9:00,8,53,FALSE,61
9/10/2020 10:00,11,54,FALSE,65
9/10/2020 11:00,13,54,FALSE,67
9/10/2020 12:00,10,69,FALSE,79
9/10/2020 13:00,13,77,FALSE,90
9/10/2020 14:00,16,79,FALSE,95
9/10/2020 15:00,15,87,FALSE,102
9/10/2020 16:00,14,92,FALSE,106
9/10/2020 17:00,15,94,FALSE,109
9/10/2020 18:00,15,91,FALSE,106
9/10/2020 19:00,13,86,FALSE,99
9/10/2020 20:00,15,78,FALSE,93
9/10/2020 21:00,15,75,FALSE,90
9/10/2020 22:00,15,72,FALSE,87
9/10/2020 23:00,15,78,FALSE,93
9/11/2020 0:00,15,74,FALSE,89
9/11/2020 1:00,14,78,FALSE,92
9/11/2020 2:00,15,76,FALSE,91
9/11/2020 3:00,16,73,FALSE,89
9/11/2020 4:00,19,70,FALSE,89
9/11/2020 5:00,18,59,FALSE,77
9/11/2020 6:00,12,60,FALSE,72
9/11/2020 7:00,11,53,FALSE,64
9/11/2020 8:00,12,56,FALSE,68
9/11/2020 9:00,10,56,FALSE,66
9/11/2020 10:00,12,54,FALSE,66
9/11/2020 11:00,13,61,FALSE,74
9/11/2020 12:00,12,71,FALSE,83
9/11/2020 13:00,13,81,FALSE,94
9/11/2020 14:00,14,85,FALSE,99
9/11/2020 15:00,11,85,FALSE,96
9/11/2020 16:00,12,91,FALSE,103
9/11/2020 17:00,13,100,FALSE,113
9/11/2020 18:00,13,91,FALSE,104
9/11/2020 19:00,15,92,FALSE,107
9/11/2020 20:00,14,82,FALSE,96
9/11/2020 21:00,13,75,FALSE,88
9/11/2020 22:00,16,80,FALSE,96
9/11/2020 23:00,14,87,FALSE,101
9/12/2020 0:00,13,89,FALSE,102
9/12/2020 1:00,15,80,FALSE,95
9/12/2020 2:00,15,79,FALSE,94
9/12/2020 3:00,14,76,FALSE,90
9/12/2020 4:00,18,68,FALSE,86
9/12/2020 5:00,16,64,FALSE,80
9/12/2020 6:00,13,59,FALSE,72
9/12/2020 7:00,12,53,FALSE,65
9/12/2020 8:00,10,60,FALSE,70
9/12/2020 9:00,11,58,FALSE,69
9/12/2020 10:00,12,55,FALSE,67
9/12/2020 11:00,11,53,FALSE,64
9/12/2020 12:00,10,58,FALSE,68
9/12/2020 13:00,12,58,FALSE,70
9/12/2020 14:00,11,63,FALSE,74
9/12/2020 15:00,11,71,FALSE,82
9/12/2020 16:00,14,71,FALSE,85
9/12/2020 17:00,12,72,FALSE,84
9/12/2020 18:00,12,75,FALSE,87
9/12/2020 19:00,14,77,FALSE,91
9/12/2020 20:00,14,76,FALSE,90
9/12/2020 21:00,16,72,FALSE,88
9/12/2020 22:00,14,72,FALSE,86
9/12/2020 23:00,15,72,FALSE,87
9/13/2020 0:00,18,73,FALSE,91
9/13/2020 1:00,15,77,FALSE,92
9/13/2020 2:00,13,77,FALSE,90
9/13/2020 3:00,17,72,FALSE,89
9/13/2020 4:00,16,73,FALSE,89
9/13/2020 5:00,15,69,FALSE,84
9/13/2020 6:00,16,59,FALSE,75
9/13/2020 7:00,13,56,FALSE,69
9/13/2020 8:00,11,57,FALSE,68
9/13/2020 9:00,10,54,FALSE,64
9/13/2020 10:00,11,57,FALSE,68
9/13/2020 11:00,13,56,FALSE,69
9/13/2020 12:00,10,54,FALSE,64
9/13/2020 13:00,13,57,FALSE,70
9/13/2020 14:00,13,60,FALSE,73
9/13/2020 15:00,11,61,FALSE,72
9/13/2020 16:00,14,65,FALSE,79
9/13/2020 17:00,12,63,FALSE,75
9/13/2020 18:00,12,64,FALSE,76
9/13/2020 19:00,11,62,FALSE,73
9/13/2020 20:00,13,60,FALSE,73
9/13/2020 21:00,13,65,FALSE,78
9/13/2020 22:00,13,70,FALSE,83
9/13/2020 23:00,12,70,FALSE,82
9/14/2020 0:00,14,75,FALSE,89
9/14/2020 1:00,14,73,FALSE,87
9/14/2020 2:00,17,76,FALSE,93
9/14/2020 3:00,13,68,FALSE,81
9/14/2020 4:00,16,65,FALSE,81
9/14/2020 5:00,12,61,FALSE,73
9/14/2020 6:00,11,55,FALSE,66
9/14/2020 7:00,10,48,FALSE,58
9/14/2020 8:00,10,51,FALSE,61
9/14/2020 9:00,12,47,FALSE,59
9/14/2020 10:00,11,50,FALSE,61
9/14/2020 11:00,11,54,FALSE,65
9/14/2020 12:00,12,62,FALSE,74
9/14/2020 13:00,11,67,FALSE,78
9/14/2020 14:00,12,74,FALSE,86
9/14/2020 15:00,14,79,FALSE,93
9/14/2020 16:00,14,86,FALSE,100
9/14/2020 17:00,15,91,FALSE,106
9/14/2020 18:00,15,75,FALSE,90
9/14/2020 19:00,14,78,FALSE,92
9/14/2020 20:00,15,73,FALSE,88
9/14/2020 21:00,16,69,FALSE,85
9/14/2020 22:00,17,75,FALSE,92
9/14/2020 23:00,15,76,FALSE,91
9/15/2020 0:00,15,75,FALSE,90
9/15/2020 1:00,14,71,FALSE,85
9/15/2020 2:00,16,80,FALSE,96
9/15/2020 3:00,19,73,FALSE,92
9/15/2020 4:00,17,62,FALSE,79
9/15/2020 5:00,16,58,FALSE,74
9/15/2020 6:00,14,58,FALSE,72
9/15/2020 7:00,14,57,FALSE,71
9/15/2020 8:00,11,53,FALSE,64
9/15/2020 9:00,11,55,FALSE,66
9/15/2020 10:00,10,49,FALSE,59
9/15/2020 11:00,13,56,FALSE,69
9/15/2020 12:00,13,64,FALSE,77
9/15/2020 13:00,13,73,FALSE,86
9/15/2020 14:00,12,73,FALSE,85
9/15/2020 15:00,14,82,FALSE,96
9/15/2020 16:00,16,86,FALSE,102
9/15/2020 17:00,16,89,FALSE,105
9/15/2020 18:00,15,83,FALSE,98
9/15/2020 19:00,15,85,FALSE,100
9/15/2020 20:00,17,81,FALSE,98
9/15/2020 21:00,18,74,FALSE,92
9/15/2020 22:00,15,77,FALSE,92
9/15/2020 23:00,16,76,FALSE,92
9/16/2020 0:00,18,82,FALSE,100
9/16/2020 0:00,16,71,FALSE,87
9/16/2020 1:00,12,63,FALSE,75
9/16/2020 2:00,14,67,FALSE,81
9/16/2020 3:00,14,63,FALSE,77
9/16/2020 4:00,17,58,FALSE,75
9/16/2020 5:00,13,50,FALSE,63
9/16/2020 6:00,11,47,FALSE,58
9/16/2020 7:00,11,46,FALSE,57
9/16/2020 8:00,10,48,FALSE,58
9/16/2020 9:00,10,45,FALSE,55
9/16/2020 10:00,9,45,FALSE,54
9/16/2020 11:00,9,47,FALSE,56
9/16/2020 12:00,11,58,FALSE,69
9/16/2020 13:00,11,64,FALSE,75
9/16/2020 14:00,12,69,FALSE,81
9/16/2020 15:00,12,75,FALSE,87
9/16/2020 16:00,13,81,FALSE,94
9/16/2020 17:00,13,84,FALSE,97
9/16/2020 18:00,12,77,FALSE,89
9/16/2020 19:00,15,71,FALSE,86
9/16/2020 20:00,13,66,FALSE,79
9/16/2020 21:00,14,64,FALSE,78
9/16/2020 22:00,14,63,FALSE,77
9/16/2020 23:00,14,70,FALSE,84
9/17/2020 0:00,14,70,FALSE,84
9/17/2020 1:00,15,69,FALSE,84
9/17/2020 2:00,12,68,FALSE,80
9/17/2020 3:00,15,62,FALSE,77
9/17/2020 4:00,12,60,FALSE,72
9/17/2020 5:00,12,50,FALSE,62
9/17/2020 6:00,11,48,FALSE,59
9/17/2020 7:00,9,51,FALSE,60
9/17/2020 8:00,9,48,FALSE,57
9/17/2020 9:00,9,46,FALSE,55
9/17/2020 10:00,10,46,FALSE,56
9/17/2020 11:00,10,50,FALSE,60
9/17/2020 12:00,11,60,FALSE,71
9/17/2020 13:00,12,69,FALSE,81
9/17/2020 14:00,11,91,FALSE,102
9/17/2020 15:00,15,100,FALSE,115
9/17/2020 16:00,14,92,FALSE,106
9/17/2020 17:00,16,98,FALSE,114
9/17/2020 18:00,13,87,FALSE,100
9/17/2020 19:00,15,81,FALSE,96
9/17/2020 20:00,13,78,FALSE,91
9/17/2020 21:00,12,71,FALSE,83
9/17/2020 22:00,15,73,FALSE,88
9/17/2020 23:00,17,71,FALSE,88
9/18/2020 0:00,14,72,FALSE,86
9/18/2020 1:00,14,73,FALSE,87
9/18/2020 2:00,13,66,FALSE,79
9/18/2020 3:00,16,64,FALSE,80
9/18/2020 4:00,14,59,FALSE,73
9/18/2020 5:00,13,54,FALSE,67
9/18/2020 6:00,11,50,FALSE,61
9/18/2020 7:00,10,52,FALSE,62
9/18/2020 8:00,9,48,FALSE,57
9/18/2020 9:00,10,50,FALSE,60
9/18/2020 10:00,11,49,FALSE,60
9/18/2020 11:00,11,56,FALSE,67
9/18/2020 12:00,9,65,FALSE,74
9/18/2020 13:00,12,73,FALSE,85
9/18/2020 14:00,10,79,FALSE,89
9/18/2020 15:00,11,85,FALSE,96
9/18/2020 16:00,13,88,FALSE,101
9/18/2020 17:00,14,88,FALSE,102
9/18/2020 18:00,11,81,FALSE,92
9/18/2020 19:00,12,80,FALSE,92
9/18/2020 20:00,13,72,FALSE,85
9/18/2020 21:00,13,71,FALSE,84
9/18/2020 22:00,13,71,FALSE,84
9/18/2020 23:00,14,64,FALSE,78
9/19/2020 0:00,12,69,FALSE,81
9/19/2020 1:00,14,73,FALSE,87
9/19/2020 2:00,10,69,FALSE,79
9/19/2020 3:00,11,66,FALSE,77
9/19/2020 4:00,16,66,FALSE,82
9/19/2020 5:00,14,58,FALSE,72
9/19/2020 6:00,11,53,FALSE,64
9/19/2020 7:00,11,47,FALSE,58
9/19/2020 8:00,9,51,FALSE,60
9/19/2020 9:00,11,50,FALSE,61
9/19/2020 10:00,10,46,FALSE,56
9/19/2020 11:00,11,47,FALSE,58
9/19/2020 12:00,9,46,FALSE,55
9/19/2020 13:00,10,50,FALSE,60
9/19/2020 14:00,10,52,FALSE,62
9/19/2020 15:00,10,59,FALSE,69
9/19/2020 16:00,10,62,FALSE,72
9/19/2020 17:00,10,62,FALSE,72
9/19/2020 18:00,11,64,FALSE,75
9/19/2020 19:00,11,61,FALSE,72
9/19/2020 20:00,11,67,FALSE,78
9/19/2020 21:00,11,63,FALSE,74
9/19/2020 22:00,14,64,FALSE,78
9/19/2020 23:00,14,67,FALSE,81
9/20/2020 0:00,15,69,FALSE,84
9/20/2020 1:00,13,72,FALSE,85
9/20/2020 2:00,14,67,FALSE,81
9/20/2020 3:00,14,68,FALSE,82
9/20/2020 4:00,16,67,FALSE,83
9/20/2020 5:00,15,59,FALSE,74
9/20/2020 6:00,14,54,FALSE,68
9/20/2020 7:00,12,49,FALSE,61
9/20/2020 8:00,10,45,FALSE,55
9/20/2020 9:00,10,43,FALSE,53
9/20/2020 10:00,10,46,FALSE,56
9/20/2020 11:00,11,44,FALSE,55
9/20/2020 12:00,11,45,FALSE,56
9/20/2020 13:00,9,48,FALSE,57
9/20/2020 14:00,10,51,FALSE,61
9/20/2020 15:00,9,55,FALSE,64
9/20/2020 16:00,9,60,FALSE,69
9/20/2020 17:00,11,57,FALSE,68
9/20/2020 18:00,10,57,FALSE,67
9/20/2020 19:00,11,61,FALSE,72
9/20/2020 20:00,11,54,FALSE,65
9/20/2020 21:00,12,59,FALSE,71
9/20/2020 22:00,10,64,FALSE,74
9/20/2020 23:00,13,60,FALSE,73
9/21/2020 0:00,11,64,FALSE,75
9/21/2020 1:00,12,62,FALSE,74
9/21/2020 2:00,10,64,FALSE,74
9/21/2020 3:00,15,61,FALSE,76
9/21/2020 4:00,14,55,FALSE,69
9/21/2020 5:00,10,48,FALSE,58
9/21/2020 6:00,10,49,FALSE,59
9/21/2020 7:00,10,43,FALSE,53
9/21/2020 8:00,9,43,FALSE,52
9/21/2020 9:00,9,41,FALSE,50
9/21/2020 10:00,11,42,FALSE,53
9/21/2020 11:00,12,50,FALSE,62
9/21/2020 12:00,11,56,FALSE,67
9/21/2020 13:00,11,62,FALSE,73
9/21/2020 14:00,12,66,FALSE,78
9/21/2020 15:00,13,74,FALSE,87
9/21/2020 16:00,12,74,FALSE,86
9/21/2020 17:00,13,78,FALSE,91
9/21/2020 18:00,11,73,FALSE,84
9/21/2020 19:00,13,71,FALSE,84
9/21/2020 20:00,14,70,FALSE,84
9/21/2020 21:00,14,66,FALSE,80
9/21/2020 22:00,15,62,FALSE,77
9/21/2020 23:00,15,71,FALSE,86
9/22/2020 0:00,14,74,FALSE,88
9/22/2020 1:00,16,68,FALSE,84
9/22/2020 2:00,13,62,FALSE,75
9/22/2020 3:00,15,63,FALSE,78
9/22/2020 4:00,15,52,FALSE,67
9/22/2020 5:00,13,53,FALSE,66
9/22/2020 6:00,12,51,FALSE,63
9/22/2020 7:00,10,50,FALSE,60
9/22/2020 8:00,11,49,FALSE,60
9/22/2020 9:00,12,45,FALSE,57
9/22/2020 10:00,11,50,FALSE,61
9/22/2020 11:00,10,52,FALSE,62
9/22/2020 12:00,11,61,FALSE,72
9/22/2020 13:00,11,69,FALSE,80
9/22/2020 14:00,10,73,FALSE,83
9/22/2020 15:00,10,73,FALSE,83
9/22/2020 16:00,12,78,FALSE,90
9/22/2020 17:00,11,80,FALSE,91
9/22/2020 18:00,12,77,FALSE,89
9/22/2020 19:00,12,73,FALSE,85
9/22/2020 20:00,12,67,FALSE,79
9/22/2020 21:00,12,63,FALSE,75
9/22/2020 22:00,15,67,FALSE,82
9/22/2020 23:00,15,68,FALSE,83
9/23/2020 0:00,14,71,FALSE,85
9/23/2020 0:00,11,56,FALSE,67
9/23/2020 1:00,10,50,FALSE,60
9/23/2020 2:00,9,53,FALSE,62
9/23/2020 3:00,11,49,FALSE,60
9/23/2020 4:00,10,47,FALSE,57
9/23/2020 5:00,10,41,FALSE,51
9/23/2020 6:00,8,37,FALSE,45
9/23/2020 7:00,9,38,FALSE,47
9/23/2020 8:00,9,37,FALSE,46
9/23/2020 9:00,8,37,FALSE,45
9/23/2020 10:00,7,37,FALSE,44
9/23/2020 11:00,8,42,FALSE,50
9/23/2020 12:00,8,49,FALSE,57
9/23/2020 13:00,8,53,FALSE,61
9/23/2020 14:00,8,56,FALSE,64
9/23/2020 15:00,8,56,FALSE,64
9/23/2020 16:00,9,59,FALSE,68
9/23/2020 17:00,10,61,FALSE,71
9/23/2020 18:00,8,59,FALSE,67
9/23/2020 19:00,9,56,FALSE,65
9/23/2020 20:00,10,55,FALSE,65
9/23/2020 21:00,11,50,FALSE,61
9/23/2020 22:00,10,50,FALSE,60
9/23/2020 23:00,11,50,FALSE,61
9/24/2020 0:00,9,54,FALSE,63
9/24/2020 1:00,9,51,FALSE,60
9/24/2020 2:00,9,51,FALSE,60
9/24/2020 3:00,10,46,FALSE,56
9/24/2020 4:00,11,41,FALSE,52
9/24/2020 5:00,10,39,FALSE,49
9/24/2020 6:00,8,39,FALSE,47
9/24/2020 7:00,7,35,FALSE,42
9/24/2020 8:00,7,39,FALSE,46
9/24/2020 9:00,7,36,FALSE,43
9/24/2020 10:00,8,36,FALSE,44
9/24/2020 11:00,8,40,FALSE,48
9/24/2020 12:00,8,50,FALSE,58
9/24/2020 13:00,9,55,FALSE,64
9/24/2020 14:00,8,57,FALSE,65
9/24/2020 15:00,8,60,FALSE,68
9/24/2020 16:00,9,60,FALSE,69
9/24/2020 17:00,8,66,FALSE,74
9/24/2020 18:00,9,60,FALSE,69
9/24/2020 19:00,9,55,FALSE,64
9/24/2020 20:00,9,54,FALSE,63
9/24/2020 21:00,9,49,FALSE,58
9/24/2020 22:00,12,50,FALSE,62
9/24/2020 23:00,9,53,FALSE,62
9/25/2020 0:00,10,55,FALSE,65
9/25/2020 1:00,12,47,FALSE,59
9/25/2020 2:00,12,48,FALSE,60
9/25/2020 3:00,10,50,FALSE,60
9/25/2020 4:00,12,44,FALSE,56
9/25/2020 5:00,11,42,FALSE,53
9/25/2020 6:00,9,38,FALSE,47
9/25/2020 7:00,8,36,FALSE,44
9/25/2020 8:00,8,37,FALSE,45
9/25/2020 9:00,8,37,FALSE,45
9/25/2020 10:00,7,38,FALSE,45
9/25/2020 11:00,10,39,FALSE,49
9/25/2020 12:00,8,44,FALSE,52
9/25/2020 13:00,8,49,FALSE,57
9/25/2020 14:00,8,53,FALSE,61
9/25/2020 15:00,8,55,FALSE,63
9/25/2020 16:00,8,61,FALSE,69
9/25/2020 17:00,9,63,FALSE,72
9/25/2020 18:00,9,59,FALSE,68
9/25/2020 19:00,8,59,FALSE,67
9/25/2020 20:00,10,73,FALSE,83
9/25/2020 21:00,11,76,FALSE,87
9/25/2020 22:00,12,84,FALSE,96
9/25/2020 23:00,10,93,FALSE,103
9/26/2020 0:00,10,100,FALSE,110
9/26/2020 1:00,10,97,FALSE,107
9/26/2020 2:00,10,93,FALSE,103
9/26/2020 3:00,12,88,FALSE,100
9/26/2020 4:00,10,73,FALSE,83
9/26/2020 5:00,11,63,FALSE,74
9/26/2020 6:00,8,52,FALSE,60
9/26/2020 7:00,7,54,FALSE,61
9/26/2020 8:00,8,55,FALSE,63
9/26/2020 9:00,7,48,FALSE,55
9/26/2020 10:00,8,50,FALSE,58
9/26/2020 11:00,9,51,FALSE,60
9/26/2020 12:00,7,53,FALSE,60
9/26/2020 13:00,9,64,FALSE,73
9/26/2020 14:00,9,66,FALSE,75
9/26/2020 15:00,8,66,FALSE,74
9/26/2020 16:00,9,63,FALSE,72
9/26/2020 17:00,9,69,FALSE,78
9/26/2020 18:00,9,66,FALSE,75
9/26/2020 19:00,8,70,FALSE,78
9/26/2020 20:00,8,63,FALSE,71
9/26/2020 21:00,11,59,FALSE,70
9/26/2020 22:00,9,62,FALSE,71
9/26/2020 23:00,10,61,FALSE,71
9/27/2020 0:00,9,60,FALSE,69
9/27/2020 1:00,11,54,FALSE,65
9/27/2020 2:00,9,63,FALSE,72
9/27/2020 3:00,9,57,FALSE,66
9/27/2020 4:00,12,56,FALSE,68
9/27/2020 5:00,10,49,FALSE,59
9/27/2020 6:00,8,47,FALSE,55
9/27/2020 7:00,6,51,FALSE,57
9/27/2020 8:00,7,59,FALSE,66
9/27/2020 9:00,9,54,FALSE,63
9/27/2020 10:00,8,51,FALSE,59
9/27/2020 11:00,9,53,FALSE,62
9/27/2020 12:00,8,52,FALSE,60
9/27/2020 13:00,8,53,FALSE,61
9/27/2020 14:00,9,53,FALSE,62
9/27/2020 15:00,8,57,FALSE,65
9/27/2020 16:00,8,55,FALSE,63
9/27/2020 17:00,9,57,FALSE,66
9/27/2020 18:00,8,53,FALSE,61
9/27/2020 19:00,8,56,FALSE,64
9/27/2020 20:00,9,53,FALSE,62
9/27/2020 21:00,11,60,FALSE,71
9/27/2020 22:00,10,62,FALSE,72
9/27/2020 23:00,9,53,FALSE,62
9/28/2020 0:00,10,51,FALSE,61
9/28/2020 1:00,10,53,FALSE,63
9/28/2020 2:00,11,55,FALSE,66
9/28/2020 3:00,8,49,FALSE,57
9/28/2020 4:00,10,48,FALSE,58
9/28/2020 5:00,8,44,FALSE,52
9/28/2020 6:00,9,40,FALSE,49
9/28/2020 7:00,8,39,FALSE,47
9/28/2020 8:00,10,34,FALSE,44
9/28/2020 9:00,7,37,FALSE,44
9/28/2020 10:00,8,39,FALSE,47
9/28/2020 11:00,8,37,FALSE,45
9/28/2020 12:00,6,44,FALSE,50
9/28/2020 13:00,8,42,FALSE,50
9/28/2020 14:00,7,49,FALSE,56
9/28/2020 15:00,8,54,FALSE,62
9/28/2020 16:00,10,55,FALSE,65
9/28/2020 17:00,9,56,FALSE,65
9/28/2020 18:00,8,57,FALSE,65
9/28/2020 19:00,8,53,FALSE,61
9/28/2020 20:00,9,47,FALSE,56
9/28/2020 21:00,9,49,FALSE,58
9/28/2020 22:00,9,53,FALSE,62
9/28/2020 23:00,10,51,FALSE,61
9/29/2020 0:00,11,51,FALSE,62
9/29/2020 1:00,9,49,FALSE,58
9/29/2020 2:00,12,51,FALSE,63
9/29/2020 3:00,9,46,FALSE,55
9/29/2020 4:00,11,45,FALSE,56
9/29/2020 5:00,12,40,FALSE,52
9/29/2020 6:00,8,39,FALSE,47
9/29/2020 7:00,9,36,FALSE,45
9/29/2020 8:00,6,37,FALSE,43
9/29/2020 9:00,7,33,FALSE,40
9/29/2020 10:00,8,37,FALSE,45
9/29/2020 11:00,8,39,FALSE,47
9/29/2020 12:00,9,43,FALSE,52
9/29/2020 13:00,8,46,FALSE,54
9/29/2020 14:00,8,54,FALSE,62
9/29/2020 15:00,9,56,FALSE,65
9/29/2020 16:00,9,56,FALSE,65
9/29/2020 17:00,7,57,FALSE,64
9/29/2020 18:00,7,57,FALSE,64
9/29/2020 19:00,8,60,FALSE,68
9/29/2020 20:00,8,53,FALSE,61
9/29/2020 21:00,9,54,FALSE,63
9/29/2020 22:00,10,54,FALSE,64
9/29/2020 23:00,11,46,FALSE,57
9/30/2020 0:00,9,49,FALSE,58
9/30/2020 0:00,15,81,FALSE,96
9/30/2020 1:00,14,74,FALSE,88
9/30/2020 2:00,17,77,FALSE,94
9/30/2020 3:00,15,80,FALSE,95
9/30/2020 4:00,18,74,FALSE,92
9/30/2020 5:00,15,73,FALSE,88
9/30/2020 6:00,12,67,FALSE,79
9/30/2020 7:00,11,66,FALSE,77
9/30/2020 8:00,12,57,FALSE,69
9/30/2020 9:00,13,54,FALSE,67
9/30/2020 10:00,13,64,FALSE,77
9/30/2020 11:00,12,68,FALSE,80
9/30/2020 12:00,12,78,FALSE,90
9/30/2020 13:00,13,80,FALSE,93
9/30/2020 14:00,12,84,FALSE,96
9/30/2020 15:00,14,89,FALSE,103
9/30/2020 16:00,15,90,FALSE,105
9/30/2020 17:00,13,93,FALSE,106
9/30/2020 18:00,12,92,FALSE,104
9/30/2020 19:00,13,90,FALSE,103
9/30/2020 20:00,13,78,FALSE,91
9/30/2020 21:00,13,77,FALSE,90
9/30/2020 22:00,13,78,FALSE,91
9/30/2020 23:00,16,77,FALSE,93
10/1/2020 0:00,12,79,FALSE,91
10/1/2020 1:00,13,78,FALSE,91
10/1/2020 2:00,18,74,FALSE,92
10/1/2020 3:00,15,72,FALSE,87
10/1/2020 4:00,14,81,FALSE,95
10/1/2020 5:00,15,66,FALSE,81
10/1/2020 6:00,14,62,FALSE,76
10/1/2020 7:00,11,60,FALSE,71
10/1/2020 8:00,11,61,FALSE,72
10/1/2020 9:00,11,55,FALSE,66
10/1/2020 10:00,11,60,FALSE,71
10/1/2020 11:00,13,67,FALSE,80
10/1/2020 12:00,14,73,FALSE,87
10/1/2020 13:00,13,81,FALSE,94
10/1/2020 14:00,11,81,FALSE,92
10/1/2020 15:00,13,89,FALSE,102
10/1/2020 16:00,14,95,FALSE,109
10/1/2020 17:00,15,92,FALSE,107
10/1/2020 18:00,15,95,FALSE,110
10/1/2020 19:00,13,88,FALSE,101
10/1/2020 20:00,14,84,FALSE,98
10/1/2020 21:00,14,81,FALSE,95
10/1/2020 22:00,14,82,FALSE,96
10/1/2020 23:00,15,79,FALSE,94
10/2/2020 0:00,18,86,FALSE,104
10/2/2020 1:00,14,80,FALSE,94
10/2/2020 2:00,15,78,FALSE,93
10/2/2020 3:00,20,78,FALSE,98
10/2/2020 4:00,15,75,FALSE,90
10/2/2020 5:00,16,68,FALSE,84
10/2/2020 6:00,15,62,FALSE,77
10/2/2020 7:00,14,61,FALSE,75
10/2/2020 8:00,13,58,FALSE,71
10/2/2020 9:00,11,68,FALSE,79
10/2/2020 10:00,14,67,FALSE,81
10/2/2020 11:00,13,65,FALSE,78
10/2/2020 12:00,12,76,FALSE,88
10/2/2020 13:00,13,80,FALSE,93
10/2/2020 14:00,14,86,FALSE,100
10/2/2020 15:00,13,95,FALSE,108
10/2/2020 16:00,15,92,FALSE,107
10/2/2020 17:00,14,94,FALSE,108
10/2/2020 18:00,14,94,FALSE,108
10/2/2020 19:00,11,92,FALSE,103
10/2/2020 20:00,15,85,FALSE,100
10/2/2020 21:00,13,78,FALSE,91
10/2/2020 22:00,17,88,FALSE,105
10/2/2020 23:00,15,85,FALSE,100
10/3/2020 0:00,15,93,FALSE,108
10/3/2020 1:00,16,91,FALSE,107
10/3/2020 2:00,13,82,FALSE,95
10/3/2020 3:00,17,86,FALSE,103
10/3/2020 4:00,16,79,FALSE,95
10/3/2020 5:00,16,79,FALSE,95
10/3/2020 6:00,12,70,FALSE,82
10/3/2020 7:00,13,63,FALSE,76
10/3/2020 8:00,13,61,FALSE,74
10/3/2020 9:00,10,59,FALSE,69
10/3/2020 10:00,11,61,FALSE,72
10/3/2020 11:00,13,65,FALSE,78
10/3/2020 12:00,11,61,FALSE,72
10/3/2020 13:00,13,66,FALSE,79
10/3/2020 14:00,12,69,FALSE,81
10/3/2020 15:00,13,72,FALSE,85
10/3/2020 16:00,11,78,FALSE,89
10/3/2020 17:00,12,80,FALSE,92
10/3/2020 18:00,11,100,FALSE,111
10/3/2020 19:00,11,82,FALSE,93
10/3/2020 20:00,13,82,FALSE,95
10/3/2020 21:00,13,83,FALSE,96
10/3/2020 22:00,13,79,FALSE,92
10/3/2020 23:00,13,85,FALSE,98
10/4/2020 0:00,13,84,FALSE,97
10/4/2020 1:00,17,88,FALSE,105
10/4/2020 2:00,17,86,FALSE,103
10/4/2020 3:00,14,88,FALSE,102
10/4/2020 4:00,18,76,FALSE,94
10/4/2020 5:00,15,67,FALSE,82
10/4/2020 6:00,15,66,FALSE,81
10/4/2020 7:00,11,59,FALSE,70
10/4/2020 8:00,9,56,FALSE,65
10/4/2020 9:00,11,58,FALSE,69
10/4/2020 10:00,11,54,FALSE,65
10/4/2020 11:00,14,56,FALSE,70
10/4/2020 12:00,14,58,FALSE,72
10/4/2020 13:00,14,63,FALSE,77
10/4/2020 14:00,13,64,FALSE,77
10/4/2020 15:00,14,70,FALSE,84
10/4/2020 16:00,13,74,FALSE,87
10/4/2020 17:00,13,73,FALSE,86
10/4/2020 18:00,10,69,FALSE,79
10/4/2020 19:00,10,67,FALSE,77
10/4/2020 20:00,12,67,FALSE,79
10/4/2020 21:00,12,70,FALSE,82
10/4/2020 22:00,13,69,FALSE,82
10/4/2020 23:00,14,79,FALSE,93
10/5/2020 0:00,15,76,FALSE,91
10/5/2020 1:00,18,71,FALSE,89
10/5/2020 2:00,14,69,FALSE,83
10/5/2020 3:00,17,68,FALSE,85
10/5/2020 4:00,13,62,FALSE,75
10/5/2020 5:00,14,59,FALSE,73
10/5/2020 6:00,12,54,FALSE,66
10/5/2020 7:00,12,51,FALSE,63
10/5/2020 8:00,8,53,FALSE,61
10/5/2020 9:00,10,55,FALSE,65
10/5/2020 10:00,9,48,FALSE,57
10/5/2020 11:00,12,53,FALSE,65
10/5/2020 12:00,15,66,FALSE,81
10/5/2020 13:00,14,70,FALSE,84
10/5/2020 14:00,14,75,FALSE,89
10/5/2020 15:00,14,78,FALSE,92
10/5/2020 16:00,18,81,FALSE,99
10/5/2020 17:00,13,79,FALSE,92
10/5/2020 18:00,14,79,FALSE,93
10/5/2020 19:00,14,74,FALSE,88
10/5/2020 20:00,14,78,FALSE,92
10/5/2020 21:00,14,73,FALSE,87
10/5/2020 22:00,14,77,FALSE,91
10/5/2020 23:00,15,76,FALSE,91
10/6/2020 0:00,14,82,FALSE,96
10/6/2020 1:00,15,79,FALSE,94
10/6/2020 2:00,14,74,FALSE,88
10/6/2020 3:00,16,73,FALSE,89
10/6/2020 4:00,15,60,FALSE,75
10/6/2020 5:00,13,59,FALSE,72
10/6/2020 6:00,10,59,FALSE,69
10/6/2020 7:00,13,57,FALSE,70
10/6/2020 8:00,10,57,FALSE,67
10/6/2020 9:00,11,53,FALSE,64
10/6/2020 10:00,13,54,FALSE,67
10/6/2020 11:00,15,59,FALSE,74
10/6/2020 12:00,10,65,FALSE,75
10/6/2020 13:00,11,72,FALSE,83
10/6/2020 14:00,12,79,FALSE,91
10/6/2020 15:00,13,84,FALSE,97
10/6/2020 16:00,12,86,FALSE,98
10/6/2020 17:00,12,89,FALSE,101
10/6/2020 18:00,14,84,FALSE,98
10/6/2020 19:00,14,82,FALSE,96
10/6/2020 20:00,13,78,FALSE,91
10/6/2020 21:00,15,73,FALSE,88
10/6/2020 22:00,15,73,FALSE,88
10/6/2020 23:00,16,78,FALSE,94
10/7/2020 0:00,14,80,FALSE,94
10/7/2020 0:00,16,86,FALSE,102
10/7/2020 1:00,18,87,FALSE,105
10/7/2020 2:00,15,84,FALSE,99
10/7/2020 3:00,16,78,FALSE,94
10/7/2020 4:00,16,77,FALSE,93
10/7/2020 5:00,17,68,FALSE,85
10/7/2020 6:00,11,59,FALSE,70
10/7/2020 7:00,13,66,FALSE,79
10/7/2020 8:00,12,61,FALSE,73
10/7/2020 9:00,11,58,FALSE,69
10/7/2020 10:00,12,64,FALSE,76
10/7/2020 11:00,11,64,FALSE,75
10/7/2020 12:00,12,74,FALSE,86
10/7/2020 13:00,15,81,FALSE,96
10/7/2020 14:00,11,84,FALSE,95
10/7/2020 15:00,14,94,FALSE,108
10/7/2020 16:00,13,93,FALSE,106
10/7/2020 17:00,14,94,FALSE,108
10/7/2020 18:00,14,91,FALSE,105
10/7/2020 19:00,14,89,FALSE,103
10/7/2020 20:00,14,80,FALSE,94
10/7/2020 21:00,16,83,FALSE,99
10/7/2020 22:00,12,84,FALSE,96
10/7/2020 23:00,16,79,FALSE,95
10/8/2020 0:00,14,79,FALSE,93
10/8/2020 1:00,16,81,FALSE,97
10/8/2020 2:00,21,87,FALSE,108
10/8/2020 3:00,20,77,FALSE,97
10/8/2020 4:00,16,76,FALSE,92
10/8/2020 5:00,15,63,FALSE,78
10/8/2020 6:00,13,63,FALSE,76
10/8/2020 7:00,11,64,FALSE,75
10/8/2020 8:00,10,68,FALSE,78
10/8/2020 9:00,11,60,FALSE,71
10/8/2020 10:00,10,57,FALSE,67
10/8/2020 11:00,13,62,FALSE,75
10/8/2020 12:00,10,73,FALSE,83
10/8/2020 13:00,16,82,FALSE,98
10/8/2020 14:00,13,86,FALSE,99
10/8/2020 15:00,12,91,FALSE,103
10/8/2020 16:00,13,92,FALSE,105
10/8/2020 17:00,18,100,FALSE,118
10/8/2020 18:00,16,96,FALSE,112
10/8/2020 19:00,14,93,FALSE,107
10/8/2020 20:00,17,83,FALSE,100
10/8/2020 21:00,14,87,FALSE,101
10/8/2020 22:00,15,87,FALSE,102
10/8/2020 23:00,17,89,FALSE,106
10/9/2020 0:00,14,87,FALSE,101
10/9/2020 1:00,16,75,FALSE,91
10/9/2020 2:00,18,83,FALSE,101
10/9/2020 3:00,15,76,FALSE,91
10/9/2020 4:00,20,79,FALSE,99
10/9/2020 5:00,15,67,FALSE,82
10/9/2020 6:00,14,64,FALSE,78
10/9/2020 7:00,11,64,FALSE,75
10/9/2020 8:00,12,57,FALSE,69
10/9/2020 9:00,12,60,FALSE,72
10/9/2020 10:00,11,58,FALSE,69
10/9/2020 11:00,15,64,FALSE,79
10/9/2020 12:00,14,67,FALSE,81
10/9/2020 13:00,16,72,FALSE,88
10/9/2020 14:00,15,75,FALSE,90
10/9/2020 15:00,16,77,FALSE,93
10/9/2020 16:00,16,75,FALSE,91
10/9/2020 17:00,14,82,FALSE,96
10/9/2020 18:00,16,79,FALSE,95
10/9/2020 19:00,15,82,FALSE,97
10/9/2020 20:00,17,80,FALSE,97
10/9/2020 21:00,18,79,FALSE,97
10/9/2020 22:00,16,88,FALSE,104
10/9/2020 23:00,16,84,FALSE,100
10/10/2020 0:00,14,85,FALSE,99
10/10/2020 1:00,18,81,FALSE,99
10/10/2020 2:00,19,83,FALSE,102
10/10/2020 3:00,22,87,FALSE,109
10/10/2020 4:00,22,74,FALSE,96
10/10/2020 5:00,18,74,FALSE,92
10/10/2020 6:00,15,68,FALSE,83
10/10/2020 7:00,15,61,FALSE,76
10/10/2020 8:00,15,65,FALSE,80
10/10/2020 9:00,15,58,FALSE,73
10/10/2020 10:00,12,65,FALSE,77
10/10/2020 11:00,15,65,FALSE,80
10/10/2020 12:00,14,62,FALSE,76
10/10/2020 13:00,14,64,FALSE,78
10/10/2020 14:00,13,68,FALSE,81
10/10/2020 15:00,16,73,FALSE,89
10/10/2020 16:00,15,78,FALSE,93
10/10/2020 17:00,12,81,FALSE,93
10/10/2020 18:00,15,84,FALSE,99
10/10/2020 19:00,12,83,FALSE,95
10/10/2020 20:00,14,78,FALSE,92
10/10/2020 21:00,17,83,FALSE,100
10/10/2020 22:00,18,77,FALSE,95
10/10/2020 23:00,14,90,FALSE,104
10/11/2020 0:00,14,86,FALSE,100
10/11/2020 1:00,16,88,FALSE,104
10/11/2020 2:00,19,93,FALSE,112
10/11/2020 3:00,17,88,FALSE,105
10/11/2020 4:00,18,87,FALSE,105
10/11/2020 5:00,15,79,FALSE,94
10/11/2020 6:00,16,70,FALSE,86
10/11/2020 7:00,14,68,FALSE,82
10/11/2020 8:00,13,63,FALSE,76
10/11/2020 9:00,11,60,FALSE,71
10/11/2020 10:00,16,58,FALSE,74
10/11/2020 11:00,14,61,FALSE,75
10/11/2020 12:00,15,62,FALSE,77
10/11/2020 13:00,15,62,FALSE,77
10/11/2020 14:00,15,63,FALSE,78
10/11/2020 15:00,12,73,FALSE,85
10/11/2020 16:00,14,73,FALSE,87
10/11/2020 17:00,15,70,FALSE,85
10/11/2020 18:00,14,76,FALSE,90
10/11/2020 19:00,14,71,FALSE,85
10/11/2020 20:00,13,68,FALSE,81
10/11/2020 21:00,15,76,FALSE,91
10/11/2020 22:00,19,71,FALSE,90
10/11/2020 23:00,16,81,FALSE,97
10/12/2020 0:00,20,81,FALSE,101
10/12/2020 1:00,15,82,FALSE,97
10/12/2020 2:00,15,77,FALSE,92
10/12/2020 3:00,17,75,FALSE,92
10/12/2020 4:00,16,75,FALSE,91
10/12/2020 5:00,15,66,FALSE,81
10/12/2020 6:00,14,57,FALSE,71
10/12/2020 7:00,12,56,FALSE,68
10/12/2020 8:00,11,54,FALSE,65
10/12/2020 9:00,10,58,FALSE,68
10/12/2020 10:00,12,49,FALSE,61
10/12/2020 11:00,14,52,FALSE,66
10/12/2020 12:00,13,60,FALSE,73
10/12/2020 13:00,14,58,FALSE,72
10/12/2020 14:00,16,66,FALSE,82
10/12/2020 15:00,16,68,FALSE,84
10/12/2020 16:00,15,84,FALSE,99
10/12/2020 17:00,15,74,FALSE,89
10/12/2020 18:00,14,74,FALSE,88
10/12/2020 19:00,16,72,FALSE,88
10/12/2020 20:00,18,72,FALSE,90
10/12/2020 21:00,15,75,FALSE,90
10/12/2020 22:00,17,79,FALSE,96
10/12/2020 23:00,17,77,FALSE,94
10/13/2020 0:00,17,78,FALSE,95
10/13/2020 1:00,22,79,FALSE,101
10/13/2020 2:00,19,74,FALSE,93
10/13/2020 3:00,17,72,FALSE,89
10/13/2020 4:00,17,73,FALSE,90
10/13/2020 5:00,16,66,FALSE,82
10/13/2020 6:00,13,58,FALSE,71
10/13/2020 7:00,10,58,FALSE,68
10/13/2020 8:00,14,54,FALSE,68
10/13/2020 9:00,11,55,FALSE,66
10/13/2020 10:00,13,56,FALSE,69
10/13/2020 11:00,13,50,FALSE,63
10/13/2020 12:00,12,59,FALSE,71
10/13/2020 13:00,14,63,FALSE,77
10/13/2020 14:00,13,67,FALSE,80
10/13/2020 15:00,14,72,FALSE,86
10/13/2020 16:00,13,75,FALSE,88
10/13/2020 17:00,12,75,FALSE,87
10/13/2020 18:00,13,71,FALSE,84
10/13/2020 19:00,16,69,FALSE,85
10/13/2020 20:00,14,70,FALSE,84
10/13/2020 21:00,13,66,FALSE,79
10/13/2020 22:00,14,68,FALSE,82
10/13/2020 23:00,16,79,FALSE,95
10/14/2020 0:00,17,71,FALSE,88
10/14/2020 0:00,19,79,FALSE,98
10/14/2020 1:00,17,82,FALSE,99
10/14/2020 2:00,22,99,FALSE,121
10/14/2020 3:00,18,85,FALSE,103
10/14/2020 4:00,18,80,FALSE,98
10/14/2020 5:00,19,74,FALSE,93
10/14/2020 6:00,14,65,FALSE,79
10/14/2020 7:00,16,66,FALSE,82
10/14/2020 8:00,15,63,FALSE,78
10/14/2020 9:00,13,62,FALSE,75
10/14/2020 10:00,14,63,FALSE,77
10/14/2020 11:00,14,60,FALSE,74
10/14/2020 12:00,13,64,FALSE,77
10/14/2020 13:00,17,68,FALSE,85
10/14/2020 14:00,16,66,FALSE,82
10/14/2020 15:00,12,74,FALSE,86
10/14/2020 16:00,13,80,FALSE,93
10/14/2020 17:00,14,81,FALSE,95
10/14/2020 18:00,15,84,FALSE,99
10/14/2020 19:00,17,75,FALSE,92
10/14/2020 20:00,17,80,FALSE,97
10/14/2020 21:00,18,83,FALSE,101
10/14/2020 22:00,18,82,FALSE,100
10/14/2020 23:00,17,83,FALSE,100
10/15/2020 0:00,20,84,FALSE,104
10/15/2020 1:00,16,88,FALSE,104
10/15/2020 2:00,16,83,FALSE,99
10/15/2020 3:00,17,79,FALSE,96
10/15/2020 4:00,17,80,FALSE,97
10/15/2020 5:00,15,70,FALSE,85
10/15/2020 6:00,14,61,FALSE,75
10/15/2020 7:00,12,63,FALSE,75
10/15/2020 8:00,11,61,FALSE,72
10/15/2020 9:00,12,58,FALSE,70
10/15/2020 10:00,16,60,FALSE,76
10/15/2020 11:00,15,61,FALSE,76
10/15/2020 12:00,12,67,FALSE,79
10/15/2020 13:00,13,65,FALSE,78
10/15/2020 14:00,15,75,FALSE,90
10/15/2020 15:00,14,77,FALSE,91
10/15/2020 16:00,15,87,FALSE,102
10/15/2020 17:00,15,85,FALSE,100
10/15/2020 18:00,13,81,FALSE,94
10/15/2020 19:00,15,75,FALSE,90
10/15/2020 20:00,18,79,FALSE,97
10/15/2020 21:00,16,81,FALSE,97
10/15/2020 22:00,14,80,FALSE,94
10/15/2020 23:00,15,91,FALSE,106
10/16/2020 0:00,17,87,FALSE,104
10/16/2020 1:00,16,88,FALSE,104
10/16/2020 2:00,17,84,FALSE,101
10/16/2020 3:00,21,86,FALSE,107
10/16/2020 4:00,18,79,FALSE,97
10/16/2020 5:00,18,74,FALSE,92
10/16/2020 6:00,16,67,FALSE,83
10/16/2020 7:00,13,63,FALSE,76
10/16/2020 8:00,13,70,FALSE,83
10/16/2020 9:00,15,63,FALSE,78
10/16/2020 10:00,15,64,FALSE,79
10/16/2020 11:00,14,65,FALSE,79
10/16/2020 12:00,14,68,FALSE,82
10/16/2020 13:00,14,75,FALSE,89
10/16/2020 14:00,14,80,FALSE,94
10/16/2020 15:00,17,83,FALSE,100
10/16/2020 16:00,15,87,FALSE,102
10/16/2020 17:00,17,93,FALSE,110
10/16/2020 18:00,16,85,FALSE,101
10/16/2020 19:00,16,85,FALSE,101
10/16/2020 20:00,16,86,FALSE,102
10/16/2020 21:00,18,89,FALSE,107
10/16/2020 22:00,17,84,FALSE,101
10/16/2020 23:00,17,92,FALSE,109
10/17/2020 0:00,19,98,FALSE,117
10/17/2020 1:00,21,94,FALSE,115
10/17/2020 2:00,18,93,FALSE,111
10/17/2020 3:00,19,93,FALSE,112
10/17/2020 4:00,21,87,FALSE,108
10/17/2020 5:00,17,73,FALSE,90
10/17/2020 6:00,11,73,FALSE,84
10/17/2020 7:00,12,68,FALSE,80
10/17/2020 8:00,14,67,FALSE,81
10/17/2020 9:00,16,69,FALSE,85
10/17/2020 10:00,14,70,FALSE,84
10/17/2020 11:00,14,66,FALSE,80
10/17/2020 12:00,13,62,FALSE,75
10/17/2020 13:00,14,70,FALSE,84
10/17/2020 14:00,15,68,FALSE,83
10/17/2020 15:00,12,75,FALSE,87
10/17/2020 16:00,17,80,FALSE,97
10/17/2020 17:00,16,87,FALSE,103
10/17/2020 18:00,13,91,FALSE,104
10/17/2020 19:00,14,84,FALSE,98
10/17/2020 20:00,14,84,FALSE,98
10/17/2020 21:00,16,88,FALSE,104
10/17/2020 22:00,16,83,FALSE,99
10/17/2020 23:00,15,91,FALSE,106
10/18/2020 0:00,18,95,FALSE,113
10/18/2020 1:00,20,99,FALSE,119
10/18/2020 2:00,21,92,FALSE,113
10/18/2020 3:00,19,90,FALSE,109
10/18/2020 4:00,19,77,FALSE,96
10/18/2020 5:00,19,82,FALSE,101
10/18/2020 6:00,16,71,FALSE,87
10/18/2020 7:00,12,66,FALSE,78
10/18/2020 8:00,15,61,FALSE,76
10/18/2020 9:00,8,63,FALSE,71
10/18/2020 10:00,17,69,FALSE,86
10/18/2020 11:00,15,65,FALSE,80
10/18/2020 12:00,11,61,FALSE,72
10/18/2020 13:00,13,61,FALSE,74
10/18/2020 14:00,12,69,FALSE,81
10/18/2020 15:00,16,77,FALSE,93
10/18/2020 16:00,16,81,FALSE,97
10/18/2020 17:00,13,83,FALSE,96
10/18/2020 18:00,14,80,FALSE,94
10/18/2020 19:00,13,77,FALSE,90
10/18/2020 20:00,15,76,FALSE,91
10/18/2020 21:00,17,84,FALSE,101
10/18/2020 22:00,18,82,FALSE,100
10/18/2020 23:00,14,85,FALSE,99
10/19/2020 0:00,18,88,FALSE,106
10/19/2020 1:00,18,87,FALSE,105
10/19/2020 2:00,17,100,FALSE,117
10/19/2020 3:00,20,88,FALSE,108
10/19/2020 4:00,18,79,FALSE,97
10/19/2020 5:00,18,68,FALSE,86
10/19/2020 6:00,14,64,FALSE,78
10/19/2020 7:00,11,61,FALSE,72
10/19/2020 8:00,12,59,FALSE,71
10/19/2020 9:00,13,58,FALSE,71
10/19/2020 10:00,12,58,FALSE,70
10/19/2020 11:00,14,57,FALSE,71
10/19/2020 12:00,11,63,FALSE,74
10/19/2020 13:00,15,70,FALSE,85
10/19/2020 14:00,17,74,FALSE,91
10/19/2020 15:00,16,71,FALSE,87
10/19/2020 16:00,17,82,FALSE,99
10/19/2020 17:00,16,83,FALSE,99
10/19/2020 18:00,16,76,FALSE,92
10/19/2020 19:00,14,76,FALSE,90
10/19/2020 20:00,16,79,FALSE,95
10/19/2020 21:00,17,79,FALSE,96
10/19/2020 22:00,20,77,FALSE,97
10/19/2020 23:00,16,98,FALSE,114
10/20/2020 0:00,21,90,FALSE,111
10/20/2020 1:00,19,86,FALSE,105
10/20/2020 2:00,17,83,FALSE,100
10/20/2020 3:00,20,81,FALSE,101
10/20/2020 4:00,14,79,FALSE,93
10/20/2020 5:00,17,73,FALSE,90
10/20/2020 6:00,14,63,FALSE,77
10/20/2020 7:00,12,64,FALSE,76
10/20/2020 8:00,12,61,FALSE,73
10/20/2020 9:00,12,62,FALSE,74
10/20/2020 10:00,15,58,FALSE,73
10/20/2020 11:00,17,59,FALSE,76
10/20/2020 12:00,13,60,FALSE,73
10/20/2020 13:00,16,69,FALSE,85
10/20/2020 14:00,14,71,FALSE,85
10/20/2020 15:00,15,75,FALSE,90
10/20/2020 16:00,14,79,FALSE,93
10/20/2020 17:00,15,81,FALSE,96
10/20/2020 18:00,16,76,FALSE,92
10/20/2020 19:00,16,81,FALSE,97
10/20/2020 20:00,13,73,FALSE,86
10/20/2020 21:00,16,75,FALSE,91
10/20/2020 22:00,18,88,FALSE,106
10/20/2020 23:00,17,88,FALSE,105
10/21/2020 0:00,17,88,FALSE,105
10/21/2020 0:00,16,84,FALSE,100
10/21/2020 1:00,20,82,FALSE,102
10/21/2020 2:00,21,92,FALSE,113
10/21/2020 3:00,17,81,FALSE,98
10/21/2020 4:00,21,78,FALSE,99
10/21/2020 5:00,15,67,FALSE,82
10/21/2020 6:00,15,60,FALSE,75
10/21/2020 7:00,13,62,FALSE,75
10/21/2020 8:00,13,65,FALSE,78
10/21/2020 9:00,14,59,FALSE,73
10/21/2020 10:00,13,55,FALSE,68
10/21/2020 11:00,15,61,FALSE,76
10/21/2020 12:00,17,66,FALSE,83
10/21/2020 13:00,16,66,FALSE,82
10/21/2020 14:00,17,73,FALSE,90
10/21/2020 15:00,16,77,FALSE,93
10/21/2020 16:00,22,77,FALSE,99
10/21/2020 17:00,20,83,FALSE,103
10/21/2020 18:00,16,82,FALSE,98
10/21/2020 19:00,22,76,FALSE,98
10/21/2020 20:00,17,76,FALSE,93
10/21/2020 21:00,22,78,FALSE,100
10/21/2020 22:00,25,100,FALSE,125
10/21/2020 23:00,28,93,FALSE,121
10/22/2020 0:00,28,98,FALSE,126
10/22/2020 1:00,23,87,FALSE,110
10/22/2020 2:00,24,85,FALSE,109
10/22/2020 3:00,25,97,FALSE,122
10/22/2020 4:00,25,84,FALSE,109
10/22/2020 5:00,20,68,FALSE,88
10/22/2020 6:00,19,70,FALSE,89
10/22/2020 7:00,14,62,FALSE,76
10/22/2020 8:00,14,66,FALSE,80
10/22/2020 9:00,15,62,FALSE,77
10/22/2020 10:00,16,62,FALSE,78
10/22/2020 11:00,16,63,FALSE,79
10/22/2020 12:00,17,62,FALSE,79
10/22/2020 13:00,20,76,FALSE,96
10/22/2020 14:00,17,74,FALSE,91
10/22/2020 15:00,17,76,FALSE,93
10/22/2020 16:00,17,84,FALSE,101
10/22/2020 17:00,21,83,FALSE,104
10/22/2020 18:00,20,83,FALSE,103
10/22/2020 19:00,21,84,FALSE,105
10/22/2020 20:00,20,79,FALSE,99
10/22/2020 21:00,20,83,FALSE,103
10/22/2020 22:00,19,82,FALSE,101
10/22/2020 23:00,19,81,FALSE,100
10/23/2020 0:00,23,90,FALSE,113
10/23/2020 1:00,18,84,FALSE,102
10/23/2020 2:00,20,85,FALSE,105
10/23/2020 3:00,20,75,FALSE,95
10/23/2020 4:00,21,77,FALSE,98
10/23/2020 5:00,21,68,FALSE,89
10/23/2020 6:00,15,69,FALSE,84
10/23/2020 7:00,14,60,FALSE,74
10/23/2020 8:00,16,68,FALSE,84
10/23/2020 9:00,13,63,FALSE,76
10/23/2020 10:00,14,58,FALSE,72
10/23/2020 11:00,16,63,FALSE,79
10/23/2020 12:00,18,68,FALSE,86
10/23/2020 13:00,16,67,FALSE,83
10/23/2020 14:00,18,78,FALSE,96
10/23/2020 15:00,17,74,FALSE,91
10/23/2020 16:00,19,78,FALSE,97
10/23/2020 17:00,15,83,FALSE,98
10/23/2020 18:00,16,85,FALSE,101
10/23/2020 19:00,15,83,FALSE,98
10/23/2020 20:00,15,80,FALSE,95
10/23/2020 21:00,19,83,FALSE,102
10/23/2020 22:00,19,85,FALSE,104
10/23/2020 23:00,20,80,FALSE,100
10/24/2020 0:00,17,91,FALSE,108
10/24/2020 1:00,16,90,FALSE,106
10/24/2020 2:00,21,88,FALSE,109
10/24/2020 3:00,22,80,FALSE,102
10/24/2020 4:00,22,87,FALSE,109
10/24/2020 5:00,20,77,FALSE,97
10/24/2020 6:00,16,69,FALSE,85
10/24/2020 7:00,15,66,FALSE,81
10/24/2020 8:00,16,63,FALSE,79
10/24/2020 9:00,13,60,FALSE,73
10/24/2020 10:00,14,60,FALSE,74
10/24/2020 11:00,15,58,FALSE,73
10/24/2020 12:00,14,63,FALSE,77
10/24/2020 13:00,14,67,FALSE,81
10/24/2020 14:00,16,67,FALSE,83
10/24/2020 15:00,16,70,FALSE,86
10/24/2020 16:00,14,81,FALSE,95
10/24/2020 17:00,12,84,FALSE,96
10/24/2020 18:00,16,81,FALSE,97
10/24/2020 19:00,14,76,FALSE,90
10/24/2020 20:00,14,81,FALSE,95
10/24/2020 21:00,19,84,FALSE,103
10/24/2020 22:00,16,88,FALSE,104
10/24/2020 23:00,18,82,FALSE,100
10/25/2020 0:00,23,86,FALSE,109
10/25/2020 1:00,20,90,FALSE,110
10/25/2020 2:00,23,82,FALSE,105
10/25/2020 3:00,26,100,FALSE,126
10/25/2020 4:00,23,90,FALSE,113
10/25/2020 5:00,22,76,FALSE,98
10/25/2020 6:00,19,70,FALSE,89
10/25/2020 7:00,16,69,FALSE,85
10/25/2020 8:00,16,64,FALSE,80
10/25/2020 9:00,13,59,FALSE,72
10/25/2020 10:00,14,63,FALSE,77
10/25/2020 11:00,17,60,FALSE,77
10/25/2020 12:00,14,58,FALSE,72
10/25/2020 13:00,17,57,FALSE,74
10/25/2020 14:00,17,66,FALSE,83
10/25/2020 15:00,20,76,FALSE,96
10/25/2020 16:00,17,82,FALSE,99
10/25/2020 17:00,15,69,FALSE,84
10/25/2020 18:00,14,75,FALSE,89
10/25/2020 19:00,16,67,FALSE,83
10/25/2020 20:00,14,78,FALSE,92
10/25/2020 21:00,14,78,FALSE,92
10/25/2020 22:00,18,77,FALSE,95
10/25/2020 23:00,16,83,FALSE,99
10/26/2020 0:00,15,85,FALSE,100
10/26/2020 1:00,21,82,FALSE,103
10/26/2020 2:00,19,75,FALSE,94
10/26/2020 3:00,50,86,FALSE,136
10/26/2020 4:00,37,86,FALSE,123
10/26/2020 5:00,30,76,FALSE,106
10/26/2020 6:00,21,62,FALSE,83
10/26/2020 7:00,21,64,FALSE,85
10/26/2020 8:00,18,62,FALSE,80
10/26/2020 9:00,14,61,FALSE,75
10/26/2020 10:00,17,58,FALSE,75
10/26/2020 11:00,18,53,FALSE,71
10/26/2020 12:00,20,60,FALSE,80
10/26/2020 13:00,19,65,FALSE,84
10/26/2020 14:00,19,75,FALSE,94
10/26/2020 15:00,16,69,FALSE,85
10/26/2020 16:00,19,76,FALSE,95
10/26/2020 17:00,14,75,FALSE,89
10/26/2020 18:00,16,75,FALSE,91
10/26/2020 19:00,16,73,FALSE,89
10/26/2020 20:00,15,82,FALSE,97
10/26/2020 21:00,18,77,FALSE,95
10/26/2020 22:00,17,70,FALSE,87
10/26/2020 23:00,20,79,FALSE,99
10/27/2020 0:00,18,80,FALSE,98
10/27/2020 1:00,20,77,FALSE,97
10/27/2020 2:00,15,80,FALSE,95
10/27/2020 3:00,21,82,FALSE,103
10/27/2020 4:00,21,71,FALSE,92
10/27/2020 5:00,23,69,FALSE,92
10/27/2020 6:00,15,63,FALSE,78
10/27/2020 7:00,12,64,FALSE,76
10/27/2020 8:00,15,58,FALSE,73
10/27/2020 9:00,11,56,FALSE,67
10/27/2020 10:00,16,53,FALSE,69
10/27/2020 11:00,15,57,FALSE,72
10/27/2020 12:00,15,70,FALSE,85
10/27/2020 13:00,16,64,FALSE,80
10/27/2020 14:00,17,68,FALSE,85
10/27/2020 15:00,14,75,FALSE,89
10/27/2020 16:00,18,80,FALSE,98
10/27/2020 17:00,16,76,FALSE,92
10/27/2020 18:00,19,78,FALSE,97
10/27/2020 19:00,19,72,FALSE,91
10/27/2020 20:00,16,87,FALSE,103
10/27/2020 21:00,16,79,FALSE,95
10/27/2020 22:00,18,85,FALSE,103
10/27/2020 23:00,22,86,FALSE,108
10/28/2020 0:00,15,82,FALSE,97
10/28/2020 0:00,12,66,FALSE,78
10/28/2020 1:00,15,70,FALSE,85
10/28/2020 2:00,18,73,FALSE,91
10/28/2020 3:00,19,66,FALSE,85
10/28/2020 4:00,19,65,FALSE,84
10/28/2020 5:00,14,55,FALSE,69
10/28/2020 6:00,13,48,FALSE,61
10/28/2020 7:00,13,48,FALSE,61
10/28/2020 8:00,12,48,FALSE,60
10/28/2020 9:00,11,49,FALSE,60
10/28/2020 10:00,11,47,FALSE,58
10/28/2020 11:00,12,49,FALSE,61
10/28/2020 12:00,11,50,FALSE,61
10/28/2020 13:00,13,53,FALSE,66
10/28/2020 14:00,12,56,FALSE,68
10/28/2020 15:00,11,55,FALSE,66
10/28/2020 16:00,12,62,FALSE,74
10/28/2020 17:00,11,63,FALSE,74
10/28/2020 18:00,12,57,FALSE,69
10/28/2020 19:00,11,60,FALSE,71
10/28/2020 20:00,13,56,FALSE,69
10/28/2020 21:00,13,56,FALSE,69
10/28/2020 22:00,14,63,FALSE,77
10/28/2020 23:00,15,63,FALSE,78
10/29/2020 0:00,15,63,FALSE,78
10/29/2020 1:00,16,69,FALSE,85
10/29/2020 2:00,13,67,FALSE,80
10/29/2020 3:00,18,66,FALSE,84
10/29/2020 4:00,18,59,FALSE,77
10/29/2020 5:00,15,63,FALSE,78
10/29/2020 6:00,12,49,FALSE,61
10/29/2020 7:00,10,50,FALSE,60
10/29/2020 8:00,10,51,FALSE,61
10/29/2020 9:00,11,46,FALSE,57
10/29/2020 10:00,10,44,FALSE,54
10/29/2020 11:00,12,45,FALSE,57
10/29/2020 12:00,13,52,FALSE,65
10/29/2020 13:00,12,53,FALSE,65
10/29/2020 14:00,11,58,FALSE,69
10/29/2020 15:00,11,58,FALSE,69
10/29/2020 16:00,12,66,FALSE,78
10/29/2020 17:00,13,61,FALSE,74
10/29/2020 18:00,12,66,FALSE,78
10/29/2020 19:00,14,59,FALSE,73
10/29/2020 20:00,10,65,FALSE,75
10/29/2020 21:00,15,67,FALSE,82
10/29/2020 22:00,13,63,FALSE,76
10/29/2020 23:00,13,64,FALSE,77
10/30/2020 0:00,15,68,FALSE,83
10/30/2020 1:00,13,70,FALSE,83
10/30/2020 2:00,15,67,FALSE,82
10/30/2020 3:00,17,68,FALSE,85
10/30/2020 4:00,16,61,FALSE,77
10/30/2020 5:00,14,60,FALSE,74
10/30/2020 6:00,13,52,FALSE,65
10/30/2020 7:00,11,46,FALSE,57
10/30/2020 8:00,9,49,FALSE,58
10/30/2020 9:00,12,45,FALSE,57
10/30/2020 10:00,10,47,FALSE,57
10/30/2020 11:00,11,50,FALSE,61
10/30/2020 12:00,12,51,FALSE,63
10/30/2020 13:00,13,56,FALSE,69
10/30/2020 14:00,12,58,FALSE,70
10/30/2020 15:00,11,59,FALSE,70
10/30/2020 16:00,12,64,FALSE,76
10/30/2020 17:00,14,68,FALSE,82
10/30/2020 18:00,14,100,FALSE,114
10/30/2020 19:00,14,65,FALSE,79
10/30/2020 20:00,12,65,FALSE,77
10/30/2020 21:00,14,66,FALSE,80
10/30/2020 22:00,13,66,FALSE,79
10/30/2020 23:00,15,66,FALSE,81
10/31/2020 0:00,14,65,FALSE,79
10/31/2020 1:00,11,72,FALSE,83
10/31/2020 2:00,14,74,FALSE,88
10/31/2020 3:00,14,70,FALSE,84
10/31/2020 4:00,16,68,FALSE,84
10/31/2020 5:00,16,63,FALSE,79
10/31/2020 6:00,15,61,FALSE,76
10/31/2020 7:00,13,54,FALSE,67
10/31/2020 8:00,14,53,FALSE,67
10/31/2020 9:00,12,49,FALSE,61
10/31/2020 10:00,11,50,FALSE,61
10/31/2020 11:00,12,53,FALSE,65
10/31/2020 12:00,11,50,FALSE,61
10/31/2020 13:00,11,51,FALSE,62
10/31/2020 14:00,12,56,FALSE,68
10/31/2020 15:00,10,59,FALSE,69
10/31/2020 16:00,11,62,FALSE,73
10/31/2020 17:00,11,65,FALSE,76
10/31/2020 18:00,11,67,FALSE,78
10/31/2020 19:00,10,64,FALSE,74
10/31/2020 20:00,12,60,FALSE,72
10/31/2020 21:00,12,59,FALSE,71
10/31/2020 22:00,12,58,FALSE,70
10/31/2020 23:00,15,60,FALSE,75
11/1/2020 0:00,14,68,FALSE,82
11/1/2020 1:00,13,69,FALSE,82
11/1/2020 2:00,17,74,FALSE,91
11/1/2020 3:00,15,72,FALSE,87
11/1/2020 4:00,14,72,FALSE,86
11/1/2020 5:00,17,71,FALSE,88
11/1/2020 6:00,15,62,FALSE,77
11/1/2020 7:00,14,56,FALSE,70
11/1/2020 8:00,13,50,FALSE,63
11/1/2020 9:00,12,51,FALSE,63
11/1/2020 10:00,9,47,FALSE,56
11/1/2020 11:00,12,49,FALSE,61
11/1/2020 12:00,12,50,FALSE,62
11/1/2020 13:00,11,47,FALSE,58
11/1/2020 14:00,10,56,FALSE,66
11/1/2020 15:00,12,57,FALSE,69
11/1/2020 16:00,11,59,FALSE,70
11/1/2020 17:00,12,62,FALSE,74
11/1/2020 18:00,9,62,FALSE,71
11/1/2020 19:00,11,63,FALSE,74
11/1/2020 20:00,11,61,FALSE,72
11/1/2020 21:00,12,60,FALSE,72
11/1/2020 22:00,13,59,FALSE,72
11/1/2020 23:00,14,61,FALSE,75
11/2/2020 0:00,15,67,FALSE,82
11/2/2020 1:00,14,77,FALSE,91
11/2/2020 2:00,18,72,FALSE,90
11/2/2020 3:00,14,72,FALSE,86
11/2/2020 4:00,17,69,FALSE,86
11/2/2020 5:00,13,65,FALSE,78
11/2/2020 6:00,12,57,FALSE,69
11/2/2020 7:00,10,52,FALSE,62
11/2/2020 8:00,10,51,FALSE,61
11/2/2020 9:00,10,51,FALSE,61
11/2/2020 10:00,11,51,FALSE,62
11/2/2020 11:00,12,49,FALSE,61
11/2/2020 12:00,11,49,FALSE,60
11/2/2020 13:00,12,57,FALSE,69
11/2/2020 14:00,11,60,FALSE,71
11/2/2020 15:00,13,61,FALSE,74
11/2/2020 16:00,14,65,FALSE,79
11/2/2020 17:00,13,68,FALSE,81
11/2/2020 18:00,13,63,FALSE,76
11/2/2020 19:00,13,61,FALSE,74
11/2/2020 20:00,12,63,FALSE,75
11/2/2020 21:00,13,62,FALSE,75
11/2/2020 22:00,13,66,FALSE,79
11/2/2020 23:00,16,69,FALSE,85
11/3/2020 0:00,15,70,FALSE,85
11/3/2020 1:00,12,72,FALSE,84
11/3/2020 2:00,12,68,FALSE,80
11/3/2020 3:00,19,69,FALSE,88
11/3/2020 4:00,16,60,FALSE,76
11/3/2020 5:00,19,62,FALSE,81
11/3/2020 6:00,12,52,FALSE,64
11/3/2020 7:00,12,54,FALSE,66
11/3/2020 8:00,11,47,FALSE,58
11/3/2020 9:00,11,50,FALSE,61
11/3/2020 10:00,12,52,FALSE,64
11/3/2020 11:00,12,49,FALSE,61
11/3/2020 12:00,10,47,FALSE,57
11/3/2020 13:00,11,51,FALSE,62
11/3/2020 14:00,12,54,FALSE,66
11/3/2020 15:00,13,59,FALSE,72
11/3/2020 16:00,11,53,FALSE,64
11/3/2020 17:00,11,57,FALSE,68
11/3/2020 18:00,12,57,FALSE,69
11/3/2020 19:00,12,57,FALSE,69
11/3/2020 20:00,10,56,FALSE,66
11/3/2020 21:00,13,59,FALSE,72
11/3/2020 22:00,12,59,FALSE,71
11/3/2020 23:00,14,64,FALSE,78
11/4/2020 0:00,10,61,FALSE,71
11/4/2020 0:00,13,81,FALSE,94
11/4/2020 1:00,15,74,FALSE,89
11/4/2020 2:00,14,79,FALSE,93
11/4/2020 3:00,16,73,FALSE,89
11/4/2020 4:00,16,67,FALSE,83
11/4/2020 5:00,15,68,FALSE,83
11/4/2020 6:00,17,64,FALSE,81
11/4/2020 7:00,13,57,FALSE,70
11/4/2020 8:00,11,56,FALSE,67
11/4/2020 9:00,11,58,FALSE,69
11/4/2020 10:00,12,52,FALSE,64
11/4/2020 11:00,13,54,FALSE,67
11/4/2020 12:00,14,55,FALSE,69
11/4/2020 13:00,14,59,FALSE,73
11/4/2020 14:00,14,68,FALSE,82
11/4/2020 15:00,14,67,FALSE,81
11/4/2020 16:00,11,75,FALSE,86
11/4/2020 17:00,16,77,FALSE,93
11/4/2020 18:00,15,70,FALSE,85
11/4/2020 19:00,16,69,FALSE,85
11/4/2020 20:00,12,68,FALSE,80
11/4/2020 21:00,13,70,FALSE,83
11/4/2020 22:00,16,65,FALSE,81
11/4/2020 23:00,15,78,FALSE,93
11/5/2020 0:00,16,69,FALSE,85
11/5/2020 1:00,16,82,FALSE,98
11/5/2020 2:00,16,76,FALSE,92
11/5/2020 3:00,18,75,FALSE,93
11/5/2020 4:00,19,82,FALSE,101
11/5/2020 5:00,21,69,FALSE,90
11/5/2020 6:00,19,67,FALSE,86
11/5/2020 7:00,13,61,FALSE,74
11/5/2020 8:00,15,63,FALSE,78
11/5/2020 9:00,13,61,FALSE,74
11/5/2020 10:00,13,65,FALSE,78
11/5/2020 11:00,16,57,FALSE,73
11/5/2020 12:00,13,60,FALSE,73
11/5/2020 13:00,17,62,FALSE,79
11/5/2020 14:00,18,72,FALSE,90
11/5/2020 15:00,20,79,FALSE,99
11/5/2020 16:00,23,76,FALSE,99
11/5/2020 17:00,18,81,FALSE,99
11/5/2020 18:00,19,84,FALSE,103
11/5/2020 19:00,19,76,FALSE,95
11/5/2020 20:00,23,79,FALSE,102
11/5/2020 21:00,21,85,FALSE,106
11/5/2020 22:00,23,84,FALSE,107
11/5/2020 23:00,27,80,FALSE,107
11/6/2020 0:00,24,86,FALSE,110
11/6/2020 1:00,32,87,FALSE,119
11/6/2020 2:00,28,88,FALSE,116
11/6/2020 3:00,27,83,FALSE,110
11/6/2020 4:00,24,88,FALSE,112
11/6/2020 5:00,28,78,FALSE,106
11/6/2020 6:00,22,67,FALSE,89
11/6/2020 7:00,19,69,FALSE,88
11/6/2020 8:00,18,66,FALSE,84
11/6/2020 9:00,19,67,FALSE,86
11/6/2020 10:00,14,64,FALSE,78
11/6/2020 11:00,24,67,FALSE,91
11/6/2020 12:00,21,71,FALSE,92
11/6/2020 13:00,24,69,FALSE,93
11/6/2020 14:00,22,75,FALSE,97
11/6/2020 15:00,22,83,FALSE,105
11/6/2020 16:00,20,84,FALSE,104
11/6/2020 17:00,19,78,FALSE,97
11/6/2020 18:00,16,79,FALSE,95
11/6/2020 19:00,19,80,FALSE,99
11/6/2020 20:00,20,78,FALSE,98
11/6/2020 21:00,22,85,FALSE,107
11/6/2020 22:00,22,85,FALSE,107
11/6/2020 23:00,19,82,FALSE,101
11/7/2020 0:00,23,95,FALSE,118
11/7/2020 1:00,25,92,FALSE,117
11/7/2020 2:00,23,95,FALSE,118
11/7/2020 3:00,28,98,FALSE,126
11/7/2020 4:00,24,95,FALSE,119
11/7/2020 5:00,27,86,FALSE,113
11/7/2020 6:00,20,84,FALSE,104
11/7/2020 7:00,18,68,FALSE,86
11/7/2020 8:00,17,71,FALSE,88
11/7/2020 9:00,19,72,FALSE,91
11/7/2020 10:00,19,73,FALSE,92
11/7/2020 11:00,19,66,FALSE,85
11/7/2020 12:00,18,67,FALSE,85
11/7/2020 13:00,19,67,FALSE,86
11/7/2020 14:00,17,75,FALSE,92
11/7/2020 15:00,16,80,FALSE,96
11/7/2020 16:00,16,72,FALSE,88
11/7/2020 17:00,16,82,FALSE,98
11/7/2020 18:00,16,77,FALSE,93
11/7/2020 19:00,17,79,FALSE,96
11/7/2020 20:00,19,85,FALSE,104
11/7/2020 21:00,16,78,FALSE,94
11/7/2020 22:00,19,87,FALSE,106
11/7/2020 23:00,18,79,FALSE,97
11/8/2020 0:00,17,90,FALSE,107
11/8/2020 1:00,17,96,FALSE,113
11/8/2020 2:00,22,97,FALSE,119
11/8/2020 3:00,23,94,FALSE,117
11/8/2020 4:00,23,100,FALSE,123
11/8/2020 5:00,19,83,FALSE,102
11/8/2020 6:00,25,79,FALSE,104
11/8/2020 7:00,17,73,FALSE,90
11/8/2020 8:00,17,65,FALSE,82
11/8/2020 9:00,15,65,FALSE,80
11/8/2020 10:00,19,71,FALSE,90
11/8/2020 11:00,18,68,FALSE,86
11/8/2020 12:00,17,66,FALSE,83
11/8/2020 13:00,15,76,FALSE,91
11/8/2020 14:00,15,70,FALSE,85
11/8/2020 15:00,17,78,FALSE,95
11/8/2020 16:00,17,84,FALSE,101
11/8/2020 17:00,20,80,FALSE,100
11/8/2020 18:00,16,81,FALSE,97
11/8/2020 19:00,18,74,FALSE,92
11/8/2020 20:00,16,78,FALSE,94
11/8/2020 21:00,20,78,FALSE,98
11/8/2020 22:00,17,81,FALSE,98
11/8/2020 23:00,18,83,FALSE,101
11/9/2020 0:00,22,92,FALSE,114
11/9/2020 1:00,24,94,FALSE,118
11/9/2020 2:00,21,88,FALSE,109
11/9/2020 3:00,23,83,FALSE,106
11/9/2020 4:00,22,90,FALSE,112
11/9/2020 5:00,25,78,FALSE,103
11/9/2020 6:00,20,69,FALSE,89
11/9/2020 7:00,16,68,FALSE,84
11/9/2020 8:00,15,67,FALSE,82
11/9/2020 9:00,15,66,FALSE,81
11/9/2020 10:00,19,64,FALSE,83
11/9/2020 11:00,18,62,FALSE,80
11/9/2020 12:00,15,66,FALSE,81
11/9/2020 13:00,17,67,FALSE,84
11/9/2020 14:00,18,72,FALSE,90
11/9/2020 15:00,21,73,FALSE,94
11/9/2020 16:00,22,82,FALSE,104
11/9/2020 17:00,19,90,FALSE,109
11/9/2020 18:00,20,77,FALSE,97
11/9/2020 19:00,21,77,FALSE,98
11/9/2020 20:00,21,84,FALSE,105
11/9/2020 21:00,20,82,FALSE,102
11/9/2020 22:00,20,91,FALSE,111
11/9/2020 23:00,20,83,FALSE,103
11/10/2020 0:00,21,88,FALSE,109
11/10/2020 1:00,16,89,FALSE,105
11/10/2020 2:00,26,91,FALSE,117
11/10/2020 3:00,23,84,FALSE,107
11/10/2020 4:00,26,87,FALSE,113
11/10/2020 5:00,26,76,FALSE,102
11/10/2020 6:00,18,68,FALSE,86
11/10/2020 7:00,15,64,FALSE,79
11/10/2020 8:00,14,64,FALSE,78
11/10/2020 9:00,14,61,FALSE,75
11/10/2020 10:00,14,63,FALSE,77
11/10/2020 11:00,17,59,FALSE,76
11/10/2020 12:00,17,62,FALSE,79
11/10/2020 13:00,16,69,FALSE,85
11/10/2020 14:00,22,73,FALSE,95
11/10/2020 15:00,17,78,FALSE,95
11/10/2020 16:00,20,80,FALSE,100
11/10/2020 17:00,19,82,FALSE,101
11/10/2020 18:00,19,85,FALSE,104
11/10/2020 19:00,24,84,FALSE,108
11/10/2020 20:00,22,82,FALSE,104
11/10/2020 21:00,20,86,FALSE,106
11/10/2020 22:00,25,82,FALSE,107
11/10/2020 23:00,22,95,FALSE,117
11/11/2020 0:00,22,88,FALSE,110
11/11/2020 0:00,20,81,FALSE,101
11/11/2020 1:00,18,83,FALSE,101
11/11/2020 2:00,20,97,FALSE,117
11/11/2020 3:00,21,90,FALSE,111
11/11/2020 4:00,25,87,FALSE,112
11/11/2020 5:00,21,77,FALSE,98
11/11/2020 6:00,23,68,FALSE,91
11/11/2020 7:00,15,64,FALSE,79
11/11/2020 8:00,15,61,FALSE,76
11/11/2020 9:00,13,62,FALSE,75
11/11/2020 10:00,14,60,FALSE,74
11/11/2020 11:00,15,60,FALSE,75
11/11/2020 12:00,16,52,FALSE,68
11/11/2020 13:00,20,61,FALSE,81
11/11/2020 14:00,17,66,FALSE,83
11/11/2020 15:00,19,73,FALSE,92
11/11/2020 16:00,20,76,FALSE,96
11/11/2020 17:00,20,76,FALSE,96
11/11/2020 18:00,21,79,FALSE,100
11/11/2020 19:00,17,73,FALSE,90
11/11/2020 20:00,18,73,FALSE,91
11/11/2020 21:00,21,69,FALSE,90
11/11/2020 22:00,17,76,FALSE,93
11/11/2020 23:00,18,82,FALSE,100
11/12/2020 0:00,17,84,FALSE,101
11/12/2020 1:00,16,79,FALSE,95
11/12/2020 2:00,20,79,FALSE,99
11/12/2020 3:00,21,83,FALSE,104
11/12/2020 4:00,18,82,FALSE,100
11/12/2020 5:00,18,73,FALSE,91
11/12/2020 6:00,18,60,FALSE,78
11/12/2020 7:00,14,60,FALSE,74
11/12/2020 8:00,14,66,FALSE,80
11/12/2020 9:00,14,66,FALSE,80
11/12/2020 10:00,14,56,FALSE,70
11/12/2020 11:00,15,60,FALSE,75
11/12/2020 12:00,15,61,FALSE,76
11/12/2020 13:00,17,63,FALSE,80
11/12/2020 14:00,16,71,FALSE,87
11/12/2020 15:00,18,68,FALSE,86
11/12/2020 16:00,18,71,FALSE,89
11/12/2020 17:00,16,82,FALSE,98
11/12/2020 18:00,16,80,FALSE,96
11/12/2020 19:00,18,76,FALSE,94
11/12/2020 20:00,18,74,FALSE,92
11/12/2020 21:00,19,75,FALSE,94
11/12/2020 22:00,21,89,FALSE,110
11/12/2020 23:00,16,81,FALSE,97
11/13/2020 0:00,23,88,FALSE,111
11/13/2020 1:00,27,89,FALSE,116
11/13/2020 2:00,27,87,FALSE,114
11/13/2020 3:00,21,93,FALSE,114
11/13/2020 4:00,25,85,FALSE,110
11/13/2020 5:00,30,77,FALSE,107
11/13/2020 6:00,18,62,FALSE,80
11/13/2020 7:00,16,63,FALSE,79
11/13/2020 8:00,16,69,FALSE,85
11/13/2020 9:00,17,64,FALSE,81
11/13/2020 10:00,14,58,FALSE,72
11/13/2020 11:00,16,61,FALSE,77
11/13/2020 12:00,17,58,FALSE,75
11/13/2020 13:00,20,69,FALSE,89
11/13/2020 14:00,20,73,FALSE,93
11/13/2020 15:00,19,79,FALSE,98
11/13/2020 16:00,20,87,FALSE,107
11/13/2020 17:00,17,87,FALSE,104
11/13/2020 18:00,17,80,FALSE,97
11/13/2020 19:00,19,80,FALSE,99
11/13/2020 20:00,19,85,FALSE,104
11/13/2020 21:00,20,80,FALSE,100
11/13/2020 22:00,22,82,FALSE,104
11/13/2020 23:00,22,82,FALSE,104
11/14/2020 0:00,19,94,FALSE,113
11/14/2020 1:00,19,89,FALSE,108
11/14/2020 2:00,19,87,FALSE,106
11/14/2020 3:00,22,84,FALSE,106
11/14/2020 4:00,21,83,FALSE,104
11/14/2020 5:00,27,91,FALSE,118
11/14/2020 6:00,21,75,FALSE,96
11/14/2020 7:00,14,64,FALSE,78
11/14/2020 8:00,13,66,FALSE,79
11/14/2020 9:00,14,60,FALSE,74
11/14/2020 10:00,15,61,FALSE,76
11/14/2020 11:00,16,64,FALSE,80
11/14/2020 12:00,14,61,FALSE,75
11/14/2020 13:00,16,56,FALSE,72
11/14/2020 14:00,16,72,FALSE,88
11/14/2020 15:00,18,72,FALSE,90
11/14/2020 16:00,18,84,FALSE,102
11/14/2020 17:00,15,85,FALSE,100
11/14/2020 18:00,17,77,FALSE,94
11/14/2020 19:00,16,79,FALSE,95
11/14/2020 20:00,17,81,FALSE,98
11/14/2020 21:00,17,72,FALSE,89
11/14/2020 22:00,15,88,FALSE,103
11/14/2020 23:00,21,91,FALSE,112
11/15/2020 0:00,19,90,FALSE,109
11/15/2020 1:00,18,100,FALSE,118
11/15/2020 2:00,21,92,FALSE,113
11/15/2020 3:00,23,98,FALSE,121
11/15/2020 4:00,18,94,FALSE,112
11/15/2020 5:00,24,91,FALSE,115
11/15/2020 6:00,21,77,FALSE,98
11/15/2020 7:00,18,64,FALSE,82
11/15/2020 8:00,16,64,FALSE,80
11/15/2020 9:00,18,59,FALSE,77
11/15/2020 10:00,16,69,FALSE,85
11/15/2020 11:00,14,61,FALSE,75
11/15/2020 12:00,17,65,FALSE,82
11/15/2020 13:00,17,66,FALSE,83
11/15/2020 14:00,14,76,FALSE,90
11/15/2020 15:00,15,73,FALSE,88
11/15/2020 16:00,18,78,FALSE,96
11/15/2020 17:00,14,77,FALSE,91
11/15/2020 18:00,17,76,FALSE,93
11/15/2020 19:00,14,77,FALSE,91
11/15/2020 20:00,15,68,FALSE,83
11/15/2020 21:00,16,71,FALSE,87
11/15/2020 22:00,14,67,FALSE,81
11/15/2020 23:00,15,80,FALSE,95
11/16/2020 0:00,17,78,FALSE,95
11/16/2020 1:00,14,88,FALSE,102
11/16/2020 2:00,20,93,FALSE,113
11/16/2020 3:00,15,99,FALSE,114
11/16/2020 4:00,20,92,FALSE,112
11/16/2020 5:00,20,94,FALSE,114
11/16/2020 6:00,17,78,FALSE,95
11/16/2020 7:00,15,70,FALSE,85
11/16/2020 8:00,13,66,FALSE,79
11/16/2020 9:00,13,60,FALSE,73
11/16/2020 10:00,15,61,FALSE,76
11/16/2020 11:00,18,56,FALSE,74
11/16/2020 12:00,20,64,FALSE,84
11/16/2020 13:00,23,63,FALSE,86
11/16/2020 14:00,28,71,FALSE,99
11/16/2020 15:00,42,83,FALSE,125
11/16/2020 16:00,24,77,FALSE,101
11/16/2020 17:00,24,83,FALSE,107
11/16/2020 18:00,25,80,FALSE,105
11/16/2020 19:00,23,83,FALSE,106
11/16/2020 20:00,22,79,FALSE,101
11/16/2020 21:00,24,76,FALSE,100
11/16/2020 22:00,26,75,FALSE,101
11/16/2020 23:00,25,77,FALSE,102
11/17/2020 0:00,27,86,FALSE,113
11/17/2020 1:00,27,87,FALSE,114
11/17/2020 2:00,31,84,FALSE,115
11/17/2020 3:00,29,84,FALSE,113
11/17/2020 4:00,30,81,FALSE,111
11/17/2020 5:00,29,80,FALSE,109
11/17/2020 6:00,23,64,FALSE,87
11/17/2020 7:00,20,59,FALSE,79
11/17/2020 8:00,17,62,FALSE,79
11/17/2020 9:00,15,62,FALSE,77
11/17/2020 10:00,19,61,FALSE,80
11/17/2020 11:00,18,56,FALSE,74
11/17/2020 12:00,22,65,FALSE,87
11/17/2020 13:00,22,64,FALSE,86
11/17/2020 14:00,23,69,FALSE,92
11/17/2020 15:00,25,74,FALSE,99
11/17/2020 16:00,24,76,FALSE,100
11/17/2020 17:00,24,80,FALSE,104
11/17/2020 18:00,27,84,FALSE,111
11/17/2020 19:00,32,84,FALSE,116
11/17/2020 20:00,28,77,FALSE,105
11/17/2020 21:00,29,77,FALSE,106
11/17/2020 22:00,27,83,FALSE,110
11/17/2020 23:00,31,85,FALSE,116
11/18/2020 0:00,30,86,FALSE,116
11/18/2020 0:00,23,67,FALSE,90
11/18/2020 1:00,23,66,FALSE,89
11/18/2020 2:00,26,67,FALSE,93
11/18/2020 3:00,28,68,FALSE,96
11/18/2020 4:00,38,68,FALSE,106
11/18/2020 5:00,29,64,FALSE,93
11/18/2020 6:00,20,49,FALSE,69
11/18/2020 7:00,18,51,FALSE,69
11/18/2020 8:00,18,51,FALSE,69
11/18/2020 9:00,12,51,FALSE,63
11/18/2020 10:00,12,53,FALSE,65
11/18/2020 11:00,18,54,FALSE,72
11/18/2020 12:00,17,49,FALSE,66
11/18/2020 13:00,18,56,FALSE,74
11/18/2020 14:00,15,54,FALSE,69
11/18/2020 15:00,19,61,FALSE,80
11/18/2020 16:00,20,61,FALSE,81
11/18/2020 17:00,18,64,FALSE,82
11/18/2020 18:00,17,63,FALSE,80
11/18/2020 19:00,17,62,FALSE,79
11/18/2020 20:00,16,54,FALSE,70
11/18/2020 21:00,19,64,FALSE,83
11/18/2020 22:00,19,59,FALSE,78
11/18/2020 23:00,19,64,FALSE,83
11/19/2020 0:00,20,65,FALSE,85
11/19/2020 1:00,22,63,FALSE,85
11/19/2020 2:00,17,62,FALSE,79
11/19/2020 3:00,22,62,FALSE,84
11/19/2020 4:00,24,63,FALSE,87
11/19/2020 5:00,22,59,FALSE,81
11/19/2020 6:00,16,54,FALSE,70
11/19/2020 7:00,15,48,FALSE,63
11/19/2020 8:00,14,52,FALSE,66
11/19/2020 9:00,13,44,FALSE,57
11/19/2020 10:00,13,47,FALSE,60
11/19/2020 11:00,13,43,FALSE,56
11/19/2020 12:00,13,49,FALSE,62
11/19/2020 13:00,16,49,FALSE,65
11/19/2020 14:00,18,57,FALSE,75
11/19/2020 15:00,18,60,FALSE,78
11/19/2020 16:00,19,61,FALSE,80
11/19/2020 17:00,14,63,FALSE,77
11/19/2020 18:00,19,60,FALSE,79
11/19/2020 19:00,20,59,FALSE,79
11/19/2020 20:00,17,58,FALSE,75
11/19/2020 21:00,20,63,FALSE,83
11/19/2020 22:00,18,60,FALSE,78
11/19/2020 23:00,20,63,FALSE,83
11/20/2020 0:00,20,68,FALSE,88
11/20/2020 1:00,21,68,FALSE,89
11/20/2020 2:00,21,68,FALSE,89
11/20/2020 3:00,20,66,FALSE,86
11/20/2020 4:00,23,69,FALSE,92
11/20/2020 5:00,20,59,FALSE,79
11/20/2020 6:00,20,55,FALSE,75
11/20/2020 7:00,15,56,FALSE,71
11/20/2020 8:00,15,50,FALSE,65
11/20/2020 9:00,13,47,FALSE,60
11/20/2020 10:00,14,46,FALSE,60
11/20/2020 11:00,17,49,FALSE,66
11/20/2020 12:00,16,50,FALSE,66
11/20/2020 13:00,16,53,FALSE,69
11/20/2020 14:00,21,62,FALSE,83
11/20/2020 15:00,20,62,FALSE,82
11/20/2020 16:00,24,62,FALSE,86
11/20/2020 17:00,23,68,FALSE,91
11/20/2020 18:00,23,66,FALSE,89
11/20/2020 19:00,25,69,FALSE,94
11/20/2020 20:00,22,66,FALSE,88
11/20/2020 21:00,21,69,FALSE,90
11/20/2020 22:00,25,70,FALSE,95
11/20/2020 23:00,26,68,FALSE,94
11/21/2020 0:00,28,66,FALSE,94
11/21/2020 1:00,29,80,FALSE,109
11/21/2020 2:00,43,75,FALSE,118
11/21/2020 3:00,55,76,FALSE,131
11/21/2020 4:00,42,72,FALSE,114
11/21/2020 5:00,36,69,FALSE,105
11/21/2020 6:00,29,64,FALSE,93
11/21/2020 7:00,27,59,FALSE,86
11/21/2020 8:00,21,51,FALSE,72
11/21/2020 9:00,21,50,FALSE,71
11/21/2020 10:00,22,57,FALSE,79
11/21/2020 11:00,29,52,FALSE,81
11/21/2020 12:00,28,51,FALSE,79
11/21/2020 13:00,39,57,FALSE,96
11/21/2020 14:00,46,61,FALSE,107
11/21/2020 15:00,44,60,FALSE,104
11/21/2020 16:00,49,73,FALSE,122
11/21/2020 17:00,34,69,FALSE,103
11/21/2020 18:00,37,72,FALSE,109
11/21/2020 19:00,36,66,FALSE,102
11/21/2020 20:00,36,69,FALSE,105
11/21/2020 21:00,40,70,FALSE,110
11/21/2020 22:00,37,67,FALSE,104
11/21/2020 23:00,46,71,FALSE,117
11/22/2020 0:00,63,78,FALSE,141
11/22/2020 1:00,41,77,FALSE,118
11/22/2020 2:00,39,78,FALSE,117
11/22/2020 3:00,36,85,FALSE,121
11/22/2020 4:00,35,83,FALSE,118
11/22/2020 5:00,33,65,FALSE,98
11/22/2020 6:00,31,64,FALSE,95
11/22/2020 7:00,26,52,FALSE,78
11/22/2020 8:00,21,59,FALSE,80
11/22/2020 9:00,16,55,FALSE,71
11/22/2020 10:00,19,52,FALSE,71
11/22/2020 11:00,21,50,FALSE,71
11/22/2020 12:00,21,49,FALSE,70
11/22/2020 13:00,21,51,FALSE,72
11/22/2020 14:00,21,50,FALSE,71
11/22/2020 15:00,21,55,FALSE,76
11/22/2020 16:00,26,62,FALSE,88
11/22/2020 17:00,25,62,FALSE,87
11/22/2020 18:00,26,61,FALSE,87
11/22/2020 19:00,27,56,FALSE,83
11/22/2020 20:00,26,63,FALSE,89
11/22/2020 21:00,27,61,FALSE,88
11/22/2020 22:00,29,62,FALSE,91
11/22/2020 23:00,29,68,FALSE,97
11/23/2020 0:00,28,70,FALSE,98
11/23/2020 1:00,25,73,FALSE,98
11/23/2020 2:00,27,76,FALSE,103
11/23/2020 3:00,24,71,FALSE,95
11/23/2020 4:00,27,67,FALSE,94
11/23/2020 5:00,25,56,FALSE,81
11/23/2020 6:00,21,54,FALSE,75
11/23/2020 7:00,19,50,FALSE,69
11/23/2020 8:00,16,49,FALSE,65
11/23/2020 9:00,17,51,FALSE,68
11/23/2020 10:00,20,50,FALSE,70
11/23/2020 11:00,20,45,FALSE,65
11/23/2020 12:00,18,48,FALSE,66
11/23/2020 13:00,21,52,FALSE,73
11/23/2020 14:00,28,56,FALSE,84
11/23/2020 15:00,29,59,FALSE,88
11/23/2020 16:00,25,62,FALSE,87
11/23/2020 17:00,25,63,FALSE,88
11/23/2020 18:00,27,61,FALSE,88
11/23/2020 19:00,27,60,FALSE,87
11/23/2020 20:00,29,62,FALSE,91
11/23/2020 21:00,28,63,FALSE,91
11/23/2020 22:00,35,69,FALSE,104
11/23/2020 23:00,45,77,FALSE,122
11/24/2020 0:00,77,74,FALSE,151
11/24/2020 1:00,65,72,FALSE,137
11/24/2020 2:00,58,80,FALSE,138
11/24/2020 3:00,56,80,FALSE,136
11/24/2020 4:00,58,73,FALSE,131
11/24/2020 5:00,100,82,FALSE,182
11/24/2020 6:00,65,66,FALSE,131
11/24/2020 7:00,49,63,FALSE,112
11/24/2020 8:00,38,58,FALSE,96
11/24/2020 9:00,30,56,FALSE,86
11/24/2020 10:00,26,50,FALSE,76
11/24/2020 11:00,28,51,FALSE,79
11/24/2020 12:00,26,50,FALSE,76
11/24/2020 13:00,34,56,FALSE,90
11/24/2020 14:00,37,60,FALSE,97
11/24/2020 15:00,40,61,FALSE,101
11/24/2020 16:00,57,65,FALSE,122
11/24/2020 17:00,56,68,FALSE,124
11/24/2020 18:00,52,64,FALSE,116
11/24/2020 19:00,50,64,FALSE,114
11/24/2020 20:00,51,76,FALSE,127
11/24/2020 21:00,46,63,FALSE,109
11/24/2020 22:00,46,67,FALSE,113
11/24/2020 23:00,58,73,FALSE,131
11/25/2020 0:00,71,73,FALSE,144
11/25/2020 0:00,87,89,FALSE,176
11/25/2020 1:00,77,92,FALSE,169
11/25/2020 2:00,61,95,FALSE,156
11/25/2020 3:00,58,100,FALSE,158
11/25/2020 4:00,53,88,FALSE,141
11/25/2020 5:00,54,82,FALSE,136
11/25/2020 6:00,37,75,FALSE,112
11/25/2020 7:00,37,70,FALSE,107
11/25/2020 8:00,33,69,FALSE,102
11/25/2020 9:00,31,62,FALSE,93
11/25/2020 10:00,33,60,FALSE,93
11/25/2020 11:00,34,60,FALSE,94
11/25/2020 12:00,37,60,FALSE,97
11/25/2020 13:00,39,70,FALSE,109
11/25/2020 14:00,38,71,FALSE,109
11/25/2020 15:00,46,77,FALSE,123
11/25/2020 16:00,39,71,FALSE,110
11/25/2020 17:00,37,70,FALSE,107
11/25/2020 18:00,38,75,FALSE,113
11/25/2020 19:00,36,73,FALSE,109
11/25/2020 20:00,35,70,FALSE,105
11/25/2020 21:00,34,81,FALSE,115
11/25/2020 22:00,33,71,FALSE,104
11/25/2020 23:00,38,81,FALSE,119
11/26/2020 0:00,33,86,FALSE,119
11/26/2020 1:00,35,91,FALSE,126
11/26/2020 2:00,36,93,FALSE,129
11/26/2020 3:00,39,87,FALSE,126
11/26/2020 4:00,43,88,FALSE,131
11/26/2020 5:00,41,77,FALSE,118
11/26/2020 6:00,29,74,FALSE,103
11/26/2020 7:00,25,70,FALSE,95
11/26/2020 8:00,23,64,FALSE,87
11/26/2020 9:00,25,61,FALSE,86
11/26/2020 10:00,25,61,FALSE,86
11/26/2020 11:00,23,58,FALSE,81
11/26/2020 12:00,21,55,FALSE,76
11/26/2020 13:00,22,59,FALSE,81
11/26/2020 14:00,22,68,FALSE,90
11/26/2020 15:00,24,62,FALSE,86
11/26/2020 16:00,25,73,FALSE,98
11/26/2020 17:00,25,85,FALSE,110
11/26/2020 18:00,24,84,FALSE,108
11/26/2020 19:00,26,81,FALSE,107
11/26/2020 20:00,25,79,FALSE,104
11/26/2020 21:00,23,77,FALSE,100
11/26/2020 22:00,25,79,FALSE,104
11/26/2020 23:00,31,91,FALSE,122
11/27/2020 0:00,26,85,FALSE,111
11/27/2020 1:00,34,97,FALSE,131
11/27/2020 2:00,31,94,FALSE,125
11/27/2020 3:00,29,75,FALSE,104
11/27/2020 4:00,31,92,FALSE,123
11/27/2020 5:00,28,80,FALSE,108
11/27/2020 6:00,25,66,FALSE,91
11/27/2020 7:00,20,62,FALSE,82
11/27/2020 8:00,16,61,FALSE,77
11/27/2020 9:00,18,59,FALSE,77
11/27/2020 10:00,17,59,FALSE,76
11/27/2020 11:00,21,55,FALSE,76
11/27/2020 12:00,19,53,FALSE,72
11/27/2020 13:00,20,58,FALSE,78
11/27/2020 14:00,19,61,FALSE,80
11/27/2020 15:00,19,66,FALSE,85
11/27/2020 16:00,21,70,FALSE,91
11/27/2020 17:00,24,71,FALSE,95
11/27/2020 18:00,22,74,FALSE,96
11/27/2020 19:00,24,75,FALSE,99
11/27/2020 20:00,25,74,FALSE,99
11/27/2020 21:00,26,78,FALSE,104
11/27/2020 22:00,25,83,FALSE,108
11/27/2020 23:00,25,81,FALSE,106
11/28/2020 0:00,27,86,FALSE,113
11/28/2020 1:00,32,83,FALSE,115
11/28/2020 2:00,29,88,FALSE,117
11/28/2020 3:00,28,93,FALSE,121
11/28/2020 4:00,29,81,FALSE,110
11/28/2020 5:00,31,80,FALSE,111
11/28/2020 6:00,25,75,FALSE,100
11/28/2020 7:00,22,71,FALSE,93
11/28/2020 8:00,20,60,FALSE,80
11/28/2020 9:00,18,59,FALSE,77
11/28/2020 10:00,19,60,FALSE,79
11/28/2020 11:00,21,53,FALSE,74
11/28/2020 12:00,22,59,FALSE,81
11/28/2020 13:00,24,59,FALSE,83
11/28/2020 14:00,26,62,FALSE,88
11/28/2020 15:00,23,75,FALSE,98
11/28/2020 16:00,27,71,FALSE,98
11/28/2020 17:00,23,76,FALSE,99
11/28/2020 18:00,23,74,FALSE,97
11/28/2020 19:00,23,75,FALSE,98
11/28/2020 20:00,29,74,FALSE,103
11/28/2020 21:00,33,79,FALSE,112
11/28/2020 22:00,25,76,FALSE,101
11/28/2020 23:00,29,75,FALSE,104
11/29/2020 0:00,28,83,FALSE,111
11/29/2020 1:00,29,80,FALSE,109
11/29/2020 2:00,25,87,FALSE,112
11/29/2020 3:00,30,87,FALSE,117
11/29/2020 4:00,30,76,FALSE,106
11/29/2020 5:00,27,75,FALSE,102
11/29/2020 6:00,27,71,FALSE,98
11/29/2020 7:00,19,64,FALSE,83
11/29/2020 8:00,21,58,FALSE,79
11/29/2020 9:00,20,68,FALSE,88
11/29/2020 10:00,22,58,FALSE,80
11/29/2020 11:00,20,57,FALSE,77
11/29/2020 12:00,18,57,FALSE,75
11/29/2020 13:00,20,62,FALSE,82
11/29/2020 14:00,22,65,FALSE,87
11/29/2020 15:00,20,71,FALSE,91
11/29/2020 16:00,20,70,FALSE,90
11/29/2020 17:00,23,70,FALSE,93
11/29/2020 18:00,26,71,FALSE,97
11/29/2020 19:00,22,73,FALSE,95
11/29/2020 20:00,23,75,FALSE,98
11/29/2020 21:00,23,68,FALSE,91
11/29/2020 22:00,25,73,FALSE,98
11/29/2020 23:00,28,75,FALSE,103
11/30/2020 0:00,28,78,FALSE,106
11/30/2020 1:00,28,76,FALSE,104
11/30/2020 2:00,32,82,FALSE,114
11/30/2020 3:00,29,77,FALSE,106
11/30/2020 4:00,36,81,FALSE,117
11/30/2020 5:00,33,71,FALSE,104
11/30/2020 6:00,24,65,FALSE,89
11/30/2020 7:00,21,60,FALSE,81
11/30/2020 8:00,17,62,FALSE,79
11/30/2020 9:00,18,61,FALSE,79
11/30/2020 10:00,18,53,FALSE,71
11/30/2020 11:00,19,51,FALSE,70
11/30/2020 12:00,17,53,FALSE,70
11/30/2020 13:00,19,62,FALSE,81
11/30/2020 14:00,27,66,FALSE,93
11/30/2020 15:00,29,72,FALSE,101
11/30/2020 16:00,31,76,FALSE,107
11/30/2020 17:00,25,75,FALSE,100
11/30/2020 18:00,31,82,FALSE,113
11/30/2020 19:00,32,80,FALSE,112
11/30/2020 20:00,29,77,FALSE,106
11/30/2020 21:00,35,75,FALSE,110
11/30/2020 22:00,30,80,FALSE,110
11/30/2020 23:00,33,79,FALSE,112
12/1/2020 0:00,46,88,FALSE,134
12/1/2020 1:00,33,82,FALSE,115
12/1/2020 2:00,34,87,FALSE,121
12/1/2020 3:00,35,90,FALSE,125
12/1/2020 4:00,37,80,FALSE,117
12/1/2020 5:00,40,77,FALSE,117
12/1/2020 6:00,29,60,FALSE,89
12/1/2020 7:00,23,65,FALSE,88
12/1/2020 8:00,21,57,FALSE,78
12/1/2020 9:00,20,57,FALSE,77
12/1/2020 10:00,20,61,FALSE,81
12/1/2020 11:00,26,54,FALSE,80
12/1/2020 12:00,22,61,FALSE,83
12/1/2020 13:00,23,64,FALSE,87
12/1/2020 14:00,25,66,FALSE,91
12/1/2020 15:00,27,76,FALSE,103
12/1/2020 16:00,22,76,FALSE,98
12/1/2020 17:00,24,79,FALSE,103
12/1/2020 18:00,24,80,FALSE,104
12/1/2020 19:00,26,76,FALSE,102
12/1/2020 20:00,25,73,FALSE,98
12/1/2020 21:00,27,75,FALSE,102
12/1/2020 22:00,29,74,FALSE,103
12/1/2020 23:00,30,76,FALSE,106
12/2/2020 0:00,35,82,FALSE,117
12/2/2020 0:00,36,85,FALSE,121
12/2/2020 1:00,29,79,FALSE,108
12/2/2020 2:00,30,85,FALSE,115
12/2/2020 3:00,28,88,FALSE,116
12/2/2020 4:00,34,79,FALSE,113
12/2/2020 5:00,31,74,FALSE,105
12/2/2020 6:00,26,62,FALSE,88
12/2/2020 7:00,19,58,FALSE,77
12/2/2020 8:00,18,58,FALSE,76
12/2/2020 9:00,16,56,FALSE,72
12/2/2020 10:00,19,58,FALSE,77
12/2/2020 11:00,17,59,FALSE,76
12/2/2020 12:00,18,58,FALSE,76
12/2/2020 13:00,22,62,FALSE,84
12/2/2020 14:00,20,72,FALSE,92
12/2/2020 15:00,23,76,FALSE,99
12/2/2020 16:00,25,73,FALSE,98
12/2/2020 17:00,25,75,FALSE,100
12/2/2020 18:00,23,76,FALSE,99
12/2/2020 19:00,22,71,FALSE,93
12/2/2020 20:00,22,72,FALSE,94
12/2/2020 21:00,25,71,FALSE,96
12/2/2020 22:00,28,76,FALSE,104
12/2/2020 23:00,29,79,FALSE,108
12/3/2020 0:00,34,86,FALSE,120
12/3/2020 1:00,26,93,FALSE,119
12/3/2020 2:00,28,82,FALSE,110
12/3/2020 3:00,34,81,FALSE,115
12/3/2020 4:00,32,91,FALSE,123
12/3/2020 5:00,32,78,FALSE,110
12/3/2020 6:00,20,65,FALSE,85
12/3/2020 7:00,20,61,FALSE,81
12/3/2020 8:00,17,60,FALSE,77
12/3/2020 9:00,17,59,FALSE,76
12/3/2020 10:00,18,61,FALSE,79
12/3/2020 11:00,20,57,FALSE,77
12/3/2020 12:00,21,62,FALSE,83
12/3/2020 13:00,21,60,FALSE,81
12/3/2020 14:00,23,67,FALSE,90
12/3/2020 15:00,28,75,FALSE,103
12/3/2020 16:00,31,82,FALSE,113
12/3/2020 17:00,28,78,FALSE,106
12/3/2020 18:00,27,76,FALSE,103
12/3/2020 19:00,30,78,FALSE,108
12/3/2020 20:00,27,75,FALSE,102
12/3/2020 21:00,32,76,FALSE,108
12/3/2020 22:00,30,76,FALSE,106
12/3/2020 23:00,32,76,FALSE,108
12/4/2020 0:00,34,85,FALSE,119
12/4/2020 1:00,33,85,FALSE,118
12/4/2020 2:00,40,94,FALSE,134
12/4/2020 3:00,33,90,FALSE,123
12/4/2020 4:00,38,76,FALSE,114
12/4/2020 5:00,34,78,FALSE,112
12/4/2020 6:00,23,67,FALSE,90
12/4/2020 7:00,21,62,FALSE,83
12/4/2020 8:00,18,64,FALSE,82
12/4/2020 9:00,17,60,FALSE,77
12/4/2020 10:00,16,62,FALSE,78
12/4/2020 11:00,16,56,FALSE,72
12/4/2020 12:00,20,63,FALSE,83
12/4/2020 13:00,22,66,FALSE,88
12/4/2020 14:00,22,78,FALSE,100
12/4/2020 15:00,21,75,FALSE,96
12/4/2020 16:00,21,75,FALSE,96
12/4/2020 17:00,24,82,FALSE,106
12/4/2020 18:00,26,83,FALSE,109
12/4/2020 19:00,24,86,FALSE,110
12/4/2020 20:00,23,78,FALSE,101
12/4/2020 21:00,23,81,FALSE,104
12/4/2020 22:00,26,76,FALSE,102
12/4/2020 23:00,32,87,FALSE,119
12/5/2020 0:00,26,99,FALSE,125
12/5/2020 1:00,30,95,FALSE,125
12/5/2020 2:00,26,93,FALSE,119
12/5/2020 3:00,27,99,FALSE,126
12/5/2020 4:00,28,94,FALSE,122
12/5/2020 5:00,29,92,FALSE,121
12/5/2020 6:00,26,73,FALSE,99
12/5/2020 7:00,20,68,FALSE,88
12/5/2020 8:00,22,65,FALSE,87
12/5/2020 9:00,22,65,FALSE,87
12/5/2020 10:00,19,65,FALSE,84
12/5/2020 11:00,19,63,FALSE,82
12/5/2020 12:00,19,69,FALSE,88
12/5/2020 13:00,18,68,FALSE,86
12/5/2020 14:00,21,68,FALSE,89
12/5/2020 15:00,19,75,FALSE,94
12/5/2020 16:00,22,77,FALSE,99
12/5/2020 17:00,19,78,FALSE,97
12/5/2020 18:00,22,78,FALSE,100
12/5/2020 19:00,21,85,FALSE,106
12/5/2020 20:00,22,77,FALSE,99
12/5/2020 21:00,24,80,FALSE,104
12/5/2020 22:00,21,81,FALSE,102
12/5/2020 23:00,24,89,FALSE,113
12/6/2020 0:00,27,82,FALSE,109
12/6/2020 1:00,28,100,FALSE,128
12/6/2020 2:00,29,98,FALSE,127
12/6/2020 3:00,27,95,FALSE,122
12/6/2020 4:00,32,99,FALSE,131
12/6/2020 5:00,31,92,FALSE,123
12/6/2020 6:00,30,80,FALSE,110
12/6/2020 7:00,21,71,FALSE,92
12/6/2020 8:00,21,68,FALSE,89
12/6/2020 9:00,19,63,FALSE,82
12/6/2020 10:00,17,59,FALSE,76
12/6/2020 11:00,19,59,FALSE,78
12/6/2020 12:00,19,59,FALSE,78
12/6/2020 13:00,18,67,FALSE,85
12/6/2020 14:00,20,66,FALSE,86
12/6/2020 15:00,19,66,FALSE,85
12/6/2020 16:00,22,79,FALSE,101
12/6/2020 17:00,20,80,FALSE,100
12/6/2020 18:00,19,78,FALSE,97
12/6/2020 19:00,21,76,FALSE,97
12/6/2020 20:00,22,84,FALSE,106
12/6/2020 21:00,23,70,FALSE,93
12/6/2020 22:00,18,79,FALSE,97
12/6/2020 23:00,25,77,FALSE,102
12/7/2020 0:00,24,84,FALSE,108
12/7/2020 1:00,23,79,FALSE,102
12/7/2020 2:00,23,87,FALSE,110
12/7/2020 3:00,24,84,FALSE,108
12/7/2020 4:00,29,83,FALSE,112
12/7/2020 5:00,23,76,FALSE,99
12/7/2020 6:00,22,70,FALSE,92
12/7/2020 7:00,23,64,FALSE,87
12/7/2020 8:00,18,60,FALSE,78
12/7/2020 9:00,16,60,FALSE,76
12/7/2020 10:00,16,58,FALSE,74
12/7/2020 11:00,19,60,FALSE,79
12/7/2020 12:00,19,58,FALSE,77
12/7/2020 13:00,18,63,FALSE,81
12/7/2020 14:00,20,66,FALSE,86
12/7/2020 15:00,18,76,FALSE,94
12/7/2020 16:00,22,75,FALSE,97
12/7/2020 17:00,22,82,FALSE,104
12/7/2020 18:00,22,77,FALSE,99
12/7/2020 19:00,21,84,FALSE,105
12/7/2020 20:00,23,79,FALSE,102
12/7/2020 21:00,23,84,FALSE,107
12/7/2020 22:00,26,82,FALSE,108
12/7/2020 23:00,26,86,FALSE,112
12/8/2020 0:00,26,88,FALSE,114
12/8/2020 1:00,25,85,FALSE,110
12/8/2020 2:00,24,81,FALSE,105
12/8/2020 3:00,28,90,FALSE,118
12/8/2020 4:00,29,82,FALSE,111
12/8/2020 5:00,27,75,FALSE,102
12/8/2020 6:00,22,64,FALSE,86
12/8/2020 7:00,16,65,FALSE,81
12/8/2020 8:00,18,58,FALSE,76
12/8/2020 9:00,16,58,FALSE,74
12/8/2020 10:00,16,53,FALSE,69
12/8/2020 11:00,19,59,FALSE,78
12/8/2020 12:00,19,64,FALSE,83
12/8/2020 13:00,20,66,FALSE,86
12/8/2020 14:00,17,70,FALSE,87
12/8/2020 15:00,18,77,FALSE,95
12/8/2020 16:00,20,73,FALSE,93
12/8/2020 17:00,22,73,FALSE,95
12/8/2020 18:00,21,79,FALSE,100
12/8/2020 19:00,21,80,FALSE,101
12/8/2020 20:00,22,69,FALSE,91
12/8/2020 21:00,22,73,FALSE,95
12/8/2020 22:00,24,82,FALSE,106
12/8/2020 23:00,26,83,FALSE,109
12/9/2020 0:00,22,84,FALSE,106
12/9/2020 0:00,22,84,FALSE,106
12/9/2020 1:00,26,82,FALSE,108
12/9/2020 2:00,24,85,FALSE,109
12/9/2020 3:00,27,91,FALSE,118
12/9/2020 4:00,34,80,FALSE,114
12/9/2020 5:00,24,71,FALSE,95
12/9/2020 6:00,22,72,FALSE,94
12/9/2020 7:00,15,61,FALSE,76
12/9/2020 8:00,19,62,FALSE,81
12/9/2020 9:00,14,59,FALSE,73
12/9/2020 10:00,16,53,FALSE,69
12/9/2020 11:00,16,54,FALSE,70
12/9/2020 12:00,15,62,FALSE,77
12/9/2020 13:00,18,58,FALSE,76
12/9/2020 14:00,19,66,FALSE,85
12/9/2020 15:00,21,75,FALSE,96
12/9/2020 16:00,19,76,FALSE,95
12/9/2020 17:00,19,75,FALSE,94
12/9/2020 18:00,19,81,FALSE,100
12/9/2020 19:00,21,77,FALSE,98
12/9/2020 20:00,16,70,FALSE,86
12/9/2020 21:00,19,73,FALSE,92
12/9/2020 22:00,24,82,FALSE,106
12/9/2020 23:00,22,79,FALSE,101
12/10/2020 0:00,22,86,FALSE,108
12/10/2020 1:00,23,86,FALSE,109
12/10/2020 2:00,24,89,FALSE,113
12/10/2020 3:00,22,83,FALSE,105
12/10/2020 4:00,28,81,FALSE,109
12/10/2020 5:00,25,77,FALSE,102
12/10/2020 6:00,17,63,FALSE,80
12/10/2020 7:00,18,62,FALSE,80
12/10/2020 8:00,17,57,FALSE,74
12/10/2020 9:00,12,62,FALSE,74
12/10/2020 10:00,15,56,FALSE,71
12/10/2020 11:00,16,54,FALSE,70
12/10/2020 12:00,18,55,FALSE,73
12/10/2020 13:00,17,60,FALSE,77
12/10/2020 14:00,15,73,FALSE,88
12/10/2020 15:00,20,70,FALSE,90
12/10/2020 16:00,18,76,FALSE,94
12/10/2020 17:00,18,84,FALSE,102
12/10/2020 18:00,18,78,FALSE,96
12/10/2020 19:00,19,72,FALSE,91
12/10/2020 20:00,19,80,FALSE,99
12/10/2020 21:00,20,71,FALSE,91
12/10/2020 22:00,22,70,FALSE,92
12/10/2020 23:00,20,80,FALSE,100
12/11/2020 0:00,23,84,FALSE,107
12/11/2020 1:00,22,80,FALSE,102
12/11/2020 2:00,22,78,FALSE,100
12/11/2020 3:00,20,77,FALSE,97
12/11/2020 4:00,28,81,FALSE,109
12/11/2020 5:00,21,72,FALSE,93
12/11/2020 6:00,17,69,FALSE,86
12/11/2020 7:00,17,60,FALSE,77
12/11/2020 8:00,13,62,FALSE,75
12/11/2020 9:00,13,56,FALSE,69
12/11/2020 10:00,13,58,FALSE,71
12/11/2020 11:00,21,60,FALSE,81
12/11/2020 12:00,14,61,FALSE,75
12/11/2020 13:00,19,65,FALSE,84
12/11/2020 14:00,17,74,FALSE,91
12/11/2020 15:00,19,76,FALSE,95
12/11/2020 16:00,19,75,FALSE,94
12/11/2020 17:00,17,77,FALSE,94
12/11/2020 18:00,18,80,FALSE,98
12/11/2020 19:00,20,77,FALSE,97
12/11/2020 20:00,21,80,FALSE,101
12/11/2020 21:00,19,75,FALSE,94
12/11/2020 22:00,20,82,FALSE,102
12/11/2020 23:00,21,83,FALSE,104
12/12/2020 0:00,20,78,FALSE,98
12/12/2020 1:00,26,93,FALSE,119
12/12/2020 2:00,20,100,FALSE,120
12/12/2020 3:00,24,97,FALSE,121
12/12/2020 4:00,26,93,FALSE,119
12/12/2020 5:00,26,82,FALSE,108
12/12/2020 6:00,21,76,FALSE,97
12/12/2020 7:00,21,65,FALSE,86
12/12/2020 8:00,16,64,FALSE,80
12/12/2020 9:00,18,61,FALSE,79
12/12/2020 10:00,13,54,FALSE,67
12/12/2020 11:00,16,67,FALSE,83
12/12/2020 12:00,17,63,FALSE,80
12/12/2020 13:00,16,62,FALSE,78
12/12/2020 14:00,14,67,FALSE,81
12/12/2020 15:00,19,75,FALSE,94
12/12/2020 16:00,18,77,FALSE,95
12/12/2020 17:00,18,78,FALSE,96
12/12/2020 18:00,20,73,FALSE,93
12/12/2020 19:00,18,77,FALSE,95
12/12/2020 20:00,17,72,FALSE,89
12/12/2020 21:00,20,75,FALSE,95
12/12/2020 22:00,23,77,FALSE,100
12/12/2020 23:00,22,80,FALSE,102
12/13/2020 0:00,22,86,FALSE,108
12/13/2020 1:00,22,92,FALSE,114
12/13/2020 2:00,21,88,FALSE,109
12/13/2020 3:00,23,94,FALSE,117
12/13/2020 4:00,23,91,FALSE,114
12/13/2020 5:00,26,84,FALSE,110
12/13/2020 6:00,18,78,FALSE,96
12/13/2020 7:00,19,66,FALSE,85
12/13/2020 8:00,20,65,FALSE,85
12/13/2020 9:00,19,61,FALSE,80
12/13/2020 10:00,19,57,FALSE,76
12/13/2020 11:00,16,57,FALSE,73
12/13/2020 12:00,18,61,FALSE,79
12/13/2020 13:00,19,63,FALSE,82
12/13/2020 14:00,20,63,FALSE,83
12/13/2020 15:00,19,74,FALSE,93
12/13/2020 16:00,21,74,FALSE,95
12/13/2020 17:00,21,71,FALSE,92
12/13/2020 18:00,19,73,FALSE,92
12/13/2020 19:00,20,72,FALSE,92
12/13/2020 20:00,22,71,FALSE,93
12/13/2020 21:00,25,67,FALSE,92
12/13/2020 22:00,20,76,FALSE,96
12/13/2020 23:00,24,77,FALSE,101
12/14/2020 0:00,28,75,FALSE,103
12/14/2020 1:00,23,74,FALSE,97
12/14/2020 2:00,21,75,FALSE,96
12/14/2020 3:00,23,83,FALSE,106
12/14/2020 4:00,27,71,FALSE,98
12/14/2020 5:00,22,69,FALSE,91
12/14/2020 6:00,19,63,FALSE,82
12/14/2020 7:00,18,58,FALSE,76
12/14/2020 8:00,14,57,FALSE,71
12/14/2020 9:00,13,59,FALSE,72
12/14/2020 10:00,14,53,FALSE,67
12/14/2020 11:00,16,59,FALSE,75
12/14/2020 12:00,15,52,FALSE,67
12/14/2020 13:00,15,59,FALSE,74
12/14/2020 14:00,17,65,FALSE,82
12/14/2020 15:00,17,74,FALSE,91
12/14/2020 16:00,18,77,FALSE,95
12/14/2020 17:00,17,74,FALSE,91
12/14/2020 18:00,20,77,FALSE,97
12/14/2020 19:00,20,76,FALSE,96
12/14/2020 20:00,18,77,FALSE,95
12/14/2020 21:00,18,73,FALSE,91
12/14/2020 22:00,18,75,FALSE,93
12/14/2020 23:00,24,77,FALSE,101
12/15/2020 0:00,22,86,FALSE,108
12/15/2020 1:00,23,81,FALSE,104
12/15/2020 2:00,23,83,FALSE,106
12/15/2020 3:00,22,81,FALSE,103
12/15/2020 4:00,26,79,FALSE,105
12/15/2020 5:00,21,69,FALSE,90
12/15/2020 6:00,17,66,FALSE,83
12/15/2020 7:00,14,65,FALSE,79
12/15/2020 8:00,14,68,FALSE,82
12/15/2020 9:00,14,60,FALSE,74
12/15/2020 10:00,13,57,FALSE,70
12/15/2020 11:00,15,60,FALSE,75
12/15/2020 12:00,14,60,FALSE,74
12/15/2020 13:00,18,62,FALSE,80
12/15/2020 14:00,18,71,FALSE,89
12/15/2020 15:00,17,72,FALSE,89
12/15/2020 16:00,17,75,FALSE,92
12/15/2020 17:00,20,79,FALSE,99
12/15/2020 18:00,22,80,FALSE,102
12/15/2020 19:00,21,79,FALSE,100
12/15/2020 20:00,19,72,FALSE,91
12/15/2020 21:00,19,69,FALSE,88
12/15/2020 22:00,20,86,FALSE,106
12/15/2020 23:00,24,75,FALSE,99
12/16/2020 0:00,21,85,FALSE,106
12/16/2020 0:00,4,16,FALSE,20
12/16/2020 1:00,3,16,FALSE,19
12/16/2020 2:00,4,15,FALSE,19
12/16/2020 3:00,4,16,FALSE,20
12/16/2020 4:00,5,13,FALSE,18
12/16/2020 5:00,5,13,FALSE,18
12/16/2020 6:00,3,12,FALSE,15
12/16/2020 7:00,3,11,FALSE,14
12/16/2020 8:00,3,11,FALSE,14
12/16/2020 9:00,2,10,FALSE,12
12/16/2020 10:00,3,12,FALSE,15
12/16/2020 11:00,3,11,FALSE,14
12/16/2020 12:00,3,10,FALSE,13
12/16/2020 13:00,4,11,FALSE,15
12/16/2020 14:00,6,14,FALSE,20
12/16/2020 15:00,5,14,FALSE,19
12/16/2020 16:00,6,15,FALSE,21
12/16/2020 17:00,5,14,FALSE,19
12/16/2020 18:00,6,13,FALSE,19
12/16/2020 19:00,5,13,FALSE,18
12/16/2020 20:00,5,14,FALSE,19
12/16/2020 21:00,6,16,FALSE,22
12/16/2020 22:00,9,17,FALSE,26
12/16/2020 23:00,9,16,FALSE,25
12/17/2020 0:00,9,16,FALSE,25
12/17/2020 1:00,9,16,FALSE,25
12/17/2020 2:00,9,16,FALSE,25
12/17/2020 3:00,10,15,FALSE,25
12/17/2020 4:00,10,16,FALSE,26
12/17/2020 5:00,9,14,FALSE,23
12/17/2020 6:00,7,13,FALSE,20
12/17/2020 7:00,6,13,FALSE,19
12/17/2020 8:00,5,13,FALSE,18
12/17/2020 9:00,6,11,FALSE,17
12/17/2020 10:00,5,11,FALSE,16
12/17/2020 11:00,6,12,FALSE,18
12/17/2020 12:00,6,13,FALSE,19
12/17/2020 13:00,7,13,FALSE,20
12/17/2020 14:00,9,15,FALSE,24
12/17/2020 15:00,17,18,FALSE,35
12/17/2020 16:00,11,17,FALSE,28
12/17/2020 17:00,12,17,FALSE,29
12/17/2020 18:00,11,17,FALSE,28
12/17/2020 19:00,12,17,FALSE,29
12/17/2020 20:00,10,16,FALSE,26
12/17/2020 21:00,9,15,FALSE,24
12/17/2020 22:00,8,15,FALSE,23
12/17/2020 23:00,11,16,FALSE,27
12/18/2020 0:00,9,18,FALSE,27
12/18/2020 1:00,9,17,FALSE,26
12/18/2020 2:00,11,16,FALSE,27
12/18/2020 3:00,10,17,FALSE,27
12/18/2020 4:00,11,16,FALSE,27
12/18/2020 5:00,9,14,FALSE,23
12/18/2020 6:00,8,13,FALSE,21
12/18/2020 7:00,6,13,FALSE,19
12/18/2020 8:00,5,11,FALSE,16
12/18/2020 9:00,5,12,FALSE,17
12/18/2020 10:00,4,12,FALSE,16
12/18/2020 11:00,5,11,FALSE,16
12/18/2020 12:00,5,12,FALSE,17
12/18/2020 13:00,6,15,FALSE,21
12/18/2020 14:00,6,15,FALSE,21
12/18/2020 15:00,6,15,FALSE,21
12/18/2020 16:00,6,16,FALSE,22
12/18/2020 17:00,6,17,FALSE,23
12/18/2020 18:00,6,17,FALSE,23
12/18/2020 19:00,6,16,FALSE,22
12/18/2020 20:00,7,15,FALSE,22
12/18/2020 21:00,7,16,FALSE,23
12/18/2020 22:00,7,16,FALSE,23
12/18/2020 23:00,8,16,FALSE,24
12/19/2020 0:00,8,18,FALSE,26
12/19/2020 1:00,7,18,FALSE,25
12/19/2020 2:00,8,18,FALSE,26
12/19/2020 3:00,8,18,FALSE,26
12/19/2020 4:00,9,18,FALSE,27
12/19/2020 5:00,8,17,FALSE,25
12/19/2020 6:00,7,14,FALSE,21
12/19/2020 7:00,6,13,FALSE,19
12/19/2020 8:00,5,14,FALSE,19
12/19/2020 9:00,5,12,FALSE,17
12/19/2020 10:00,5,11,FALSE,16
12/19/2020 11:00,5,12,FALSE,17
12/19/2020 12:00,5,12,FALSE,17
12/19/2020 13:00,6,13,FALSE,19
12/19/2020 14:00,5,13,FALSE,18
12/19/2020 15:00,6,15,FALSE,21
12/19/2020 16:00,7,15,FALSE,22
12/19/2020 17:00,7,16,FALSE,23
12/19/2020 18:00,6,16,FALSE,22
12/19/2020 19:00,6,16,FALSE,22
12/19/2020 20:00,8,15,FALSE,23
12/19/2020 21:00,7,15,FALSE,22
12/19/2020 22:00,9,17,FALSE,26
12/19/2020 23:00,8,15,FALSE,23
12/20/2020 0:00,8,17,FALSE,25
12/20/2020 1:00,6,17,FALSE,23
12/20/2020 2:00,6,16,FALSE,22
12/20/2020 3:00,8,15,FALSE,23
12/20/2020 4:00,7,18,FALSE,25
12/20/2020 5:00,7,15,FALSE,22
12/20/2020 6:00,7,15,FALSE,22
12/20/2020 7:00,6,13,FALSE,19
12/20/2020 8:00,6,13,FALSE,19
12/20/2020 9:00,31,32,FALSE,63
12/20/2020 10:00,44,34,FALSE,78
12/20/2020 11:00,32,27,FALSE,59
12/20/2020 12:00,30,28,FALSE,58
12/20/2020 13:00,27,22,FALSE,49
12/20/2020 14:00,29,25,FALSE,54
12/20/2020 15:00,39,28,FALSE,67
12/20/2020 16:00,39,29,FALSE,68
12/20/2020 17:00,46,31,FALSE,77
12/20/2020 18:00,48,31,FALSE,79
12/20/2020 19:00,49,29,FALSE,78
12/20/2020 20:00,49,28,FALSE,77
12/20/2020 21:00,47,29,FALSE,76
12/20/2020 22:00,45,27,FALSE,72
12/20/2020 23:00,57,30,FALSE,87
12/21/2020 0:00,68,35,FALSE,103
12/21/2020 1:00,68,35,FALSE,103
12/21/2020 2:00,76,36,FALSE,112
12/21/2020 3:00,100,44,FALSE,144
12/21/2020 4:00,76,37,FALSE,113
12/21/2020 5:00,62,29,FALSE,91
12/21/2020 6:00,49,26,FALSE,75
12/21/2020 7:00,38,21,FALSE,59
12/21/2020 8:00,38,22,FALSE,60
12/21/2020 9:00,40,23,FALSE,63
12/21/2020 10:00,29,18,FALSE,47
12/21/2020 11:00,32,17,FALSE,49
12/21/2020 12:00,38,20,FALSE,58
12/21/2020 13:00,37,21,FALSE,58
12/21/2020 14:00,38,21,FALSE,59
12/21/2020 15:00,48,24,FALSE,72
12/21/2020 16:00,43,25,FALSE,68
12/21/2020 17:00,40,24,FALSE,64
12/21/2020 18:00,40,22,FALSE,62
12/21/2020 19:00,41,23,FALSE,64
12/21/2020 20:00,38,21,FALSE,59
12/21/2020 21:00,37,22,FALSE,59
12/21/2020 22:00,39,23,FALSE,62
12/21/2020 23:00,39,24,FALSE,63
12/22/2020 0:00,34,21,FALSE,55
12/22/2020 1:00,32,22,FALSE,54
12/22/2020 2:00,33,22,FALSE,55
12/22/2020 3:00,37,23,FALSE,60
12/22/2020 4:00,38,22,FALSE,60
12/22/2020 5:00,35,19,FALSE,54
12/22/2020 6:00,29,17,FALSE,46
12/22/2020 7:00,19,15,FALSE,34
12/22/2020 8:00,17,14,FALSE,31
12/22/2020 9:00,16,13,FALSE,29
12/22/2020 10:00,14,13,FALSE,27
12/22/2020 11:00,15,15,FALSE,30
12/22/2020 12:00,16,13,FALSE,29
12/22/2020 13:00,17,14,FALSE,31
12/22/2020 14:00,19,17,FALSE,36
12/22/2020 15:00,18,17,FALSE,35
12/22/2020 16:00,18,17,FALSE,35
12/22/2020 17:00,17,18,FALSE,35
12/22/2020 18:00,16,17,FALSE,33
12/22/2020 19:00,18,17,FALSE,35
12/22/2020 20:00,17,17,FALSE,34
12/22/2020 21:00,19,17,FALSE,36
12/22/2020 22:00,19,18,FALSE,37
12/22/2020 23:00,21,19,FALSE,40
12/23/2020 0:00,23,17,FALSE,40
12/23/2020 0:00,100,75,FALSE,175
12/23/2020 1:00,98,83,FALSE,181
12/23/2020 2:00,84,78,FALSE,162
12/23/2020 3:00,87,81,FALSE,168
12/23/2020 4:00,78,75,FALSE,153
12/23/2020 5:00,79,78,FALSE,157
12/23/2020 6:00,68,67,FALSE,135
12/23/2020 7:00,54,57,FALSE,111
12/23/2020 8:00,50,57,FALSE,107
12/23/2020 9:00,41,59,FALSE,100
12/23/2020 10:00,44,52,FALSE,96
12/23/2020 11:00,47,58,FALSE,105
12/23/2020 12:00,47,50,FALSE,97
12/23/2020 13:00,48,58,FALSE,106
12/23/2020 14:00,51,63,FALSE,114
12/23/2020 15:00,56,67,FALSE,123
12/23/2020 16:00,54,68,FALSE,122
12/23/2020 17:00,53,72,FALSE,125
12/23/2020 18:00,54,69,FALSE,123
12/23/2020 19:00,55,70,FALSE,125
12/23/2020 20:00,56,72,FALSE,128
12/23/2020 21:00,62,69,FALSE,131
12/23/2020 22:00,64,79,FALSE,143
12/23/2020 23:00,59,75,FALSE,134
12/24/2020 0:00,58,76,FALSE,134
12/24/2020 1:00,57,73,FALSE,130
12/24/2020 2:00,50,83,FALSE,133
12/24/2020 3:00,56,75,FALSE,131
12/24/2020 4:00,53,74,FALSE,127
12/24/2020 5:00,47,73,FALSE,120
12/24/2020 6:00,43,65,FALSE,108
12/24/2020 7:00,36,58,FALSE,94
12/24/2020 8:00,34,55,FALSE,89
12/24/2020 9:00,27,59,FALSE,86
12/24/2020 10:00,31,59,FALSE,90
12/24/2020 11:00,34,56,FALSE,90
12/24/2020 12:00,39,58,FALSE,97
12/24/2020 13:00,37,59,FALSE,96
12/24/2020 14:00,40,66,FALSE,106
12/24/2020 15:00,45,69,FALSE,114
12/24/2020 16:00,44,75,FALSE,119
12/24/2020 17:00,56,79,FALSE,135
12/24/2020 18:00,61,81,FALSE,142
12/24/2020 19:00,56,84,FALSE,140
12/24/2020 20:00,53,80,FALSE,133
12/24/2020 21:00,52,77,FALSE,129
12/24/2020 22:00,59,85,FALSE,144
12/24/2020 23:00,65,86,FALSE,151
12/25/2020 0:00,63,86,FALSE,149
12/25/2020 1:00,58,88,FALSE,146
12/25/2020 2:00,51,95,FALSE,146
12/25/2020 3:00,52,87,FALSE,139
12/25/2020 4:00,58,82,FALSE,140
12/25/2020 5:00,40,76,FALSE,116
12/25/2020 6:00,42,74,FALSE,116
12/25/2020 7:00,39,60,FALSE,99
12/25/2020 8:00,37,64,FALSE,101
12/25/2020 9:00,30,55,FALSE,85
12/25/2020 10:00,30,60,FALSE,90
12/25/2020 11:00,37,61,FALSE,98
12/25/2020 12:00,38,64,FALSE,102
12/25/2020 13:00,38,60,FALSE,98
12/25/2020 14:00,36,65,FALSE,101
12/25/2020 15:00,36,74,FALSE,110
12/25/2020 16:00,46,78,FALSE,124
12/25/2020 17:00,57,87,FALSE,144
12/25/2020 18:00,53,76,FALSE,129
12/25/2020 19:00,50,76,FALSE,126
12/25/2020 20:00,55,76,FALSE,131
12/25/2020 21:00,55,76,FALSE,131
12/25/2020 22:00,54,80,FALSE,134
12/25/2020 23:00,55,77,FALSE,132
12/26/2020 0:00,63,84,FALSE,147
12/26/2020 1:00,55,81,FALSE,136
12/26/2020 2:00,59,84,FALSE,143
12/26/2020 3:00,63,88,FALSE,151
12/26/2020 4:00,60,81,FALSE,141
12/26/2020 5:00,48,64,FALSE,112
12/26/2020 6:00,47,64,FALSE,111
12/26/2020 7:00,42,61,FALSE,103
12/26/2020 8:00,40,57,FALSE,97
12/26/2020 9:00,34,55,FALSE,89
12/26/2020 10:00,33,54,FALSE,87
12/26/2020 11:00,31,50,FALSE,81
12/26/2020 12:00,40,58,FALSE,98
12/26/2020 13:00,35,61,FALSE,96
12/26/2020 14:00,40,62,FALSE,102
12/26/2020 15:00,43,66,FALSE,109
12/26/2020 16:00,51,66,FALSE,117
12/26/2020 17:00,49,80,FALSE,129
12/26/2020 18:00,48,72,FALSE,120
12/26/2020 19:00,46,73,FALSE,119
12/26/2020 20:00,51,73,FALSE,124
12/26/2020 21:00,57,70,FALSE,127
12/26/2020 22:00,60,74,FALSE,134
12/26/2020 23:00,55,72,FALSE,127
12/27/2020 0:00,58,74,FALSE,132
12/27/2020 1:00,67,86,FALSE,153
12/27/2020 2:00,72,79,FALSE,151
12/27/2020 3:00,60,78,FALSE,138
12/27/2020 4:00,64,86,FALSE,150
12/27/2020 5:00,58,79,FALSE,137
12/27/2020 6:00,62,70,FALSE,132
12/27/2020 7:00,52,58,FALSE,110
12/27/2020 8:00,50,59,FALSE,109
12/27/2020 9:00,37,58,FALSE,95
12/27/2020 10:00,41,56,FALSE,97
12/27/2020 11:00,40,56,FALSE,96
12/27/2020 12:00,38,53,FALSE,91
12/27/2020 13:00,44,58,FALSE,102
12/27/2020 14:00,63,67,FALSE,130
12/27/2020 15:00,62,70,FALSE,132
12/27/2020 16:00,51,69,FALSE,120
12/27/2020 17:00,56,70,FALSE,126
12/27/2020 18:00,57,67,FALSE,124
12/27/2020 19:00,59,67,FALSE,126
12/27/2020 20:00,56,67,FALSE,123
12/27/2020 21:00,49,66,FALSE,115
12/27/2020 22:00,56,65,FALSE,121
12/27/2020 23:00,57,69,FALSE,126
12/28/2020 0:00,53,73,FALSE,126
12/28/2020 1:00,56,80,FALSE,136
12/28/2020 2:00,61,76,FALSE,137
12/28/2020 3:00,60,80,FALSE,140
12/28/2020 4:00,62,74,FALSE,136
12/28/2020 5:00,51,67,FALSE,118
12/28/2020 6:00,46,60,FALSE,106
12/28/2020 7:00,38,55,FALSE,93
12/28/2020 8:00,42,54,FALSE,96
12/28/2020 9:00,35,54,FALSE,89
12/28/2020 10:00,32,50,FALSE,82
12/28/2020 11:00,35,49,FALSE,84
12/28/2020 12:00,37,49,FALSE,86
12/28/2020 13:00,42,54,FALSE,96
12/28/2020 14:00,43,57,FALSE,100
12/28/2020 15:00,48,61,FALSE,109
12/28/2020 16:00,52,67,FALSE,119
12/28/2020 17:00,53,69,FALSE,122
12/28/2020 18:00,52,63,FALSE,115
12/28/2020 19:00,52,70,FALSE,122
12/28/2020 20:00,53,74,FALSE,127
12/28/2020 21:00,52,66,FALSE,118
12/28/2020 22:00,52,70,FALSE,122
12/28/2020 23:00,57,71,FALSE,128
12/29/2020 0:00,62,75,FALSE,137
12/29/2020 1:00,51,75,FALSE,126
12/29/2020 2:00,50,79,FALSE,129
12/29/2020 3:00,53,76,FALSE,129
12/29/2020 4:00,56,78,FALSE,134
12/29/2020 5:00,51,70,FALSE,121
12/29/2020 6:00,40,57,FALSE,97
12/29/2020 7:00,38,57,FALSE,95
12/29/2020 8:00,33,49,FALSE,82
12/29/2020 9:00,37,51,FALSE,88
12/29/2020 10:00,31,46,FALSE,77
12/29/2020 11:00,34,52,FALSE,86
12/29/2020 12:00,34,49,FALSE,83
12/29/2020 13:00,34,52,FALSE,86
12/29/2020 14:00,40,57,FALSE,97
12/29/2020 15:00,46,57,FALSE,103
12/29/2020 16:00,45,68,FALSE,113
12/29/2020 17:00,46,66,FALSE,112
12/29/2020 18:00,41,66,FALSE,107
12/29/2020 19:00,40,63,FALSE,103
12/29/2020 20:00,45,62,FALSE,107
12/29/2020 21:00,48,70,FALSE,118
12/29/2020 22:00,49,70,FALSE,119
12/29/2020 23:00,51,75,FALSE,126
12/30/2020 0:00,51,78,FALSE,129
12/30/2020 0:00,3,4,FALSE,7
12/30/2020 1:00,3,4,FALSE,7
12/30/2020 2:00,3,4,FALSE,7
12/30/2020 3:00,3,4,FALSE,7
12/30/2020 4:00,3,4,FALSE,7
12/30/2020 5:00,3,4,FALSE,7
12/30/2020 6:00,2,3,FALSE,5
12/30/2020 7:00,2,3,FALSE,5
12/30/2020 8:00,2,3,FALSE,5
12/30/2020 9:00,2,2,FALSE,4
12/30/2020 10:00,2,3,FALSE,5
12/30/2020 11:00,2,3,FALSE,5
12/30/2020 12:00,2,3,FALSE,5
12/30/2020 13:00,2,3,FALSE,5
12/30/2020 14:00,2,3,FALSE,5
12/30/2020 15:00,2,3,FALSE,5
12/30/2020 16:00,3,4,FALSE,7
12/30/2020 17:00,3,3,FALSE,6
12/30/2020 18:00,3,4,FALSE,7
12/30/2020 19:00,3,4,FALSE,7
12/30/2020 20:00,3,3,FALSE,6
12/30/2020 21:00,3,4,FALSE,7
12/30/2020 22:00,3,4,FALSE,7
12/30/2020 23:00,3,4,FALSE,7
12/31/2020 0:00,3,4,FALSE,7
12/31/2020 1:00,3,4,FALSE,7
12/31/2020 2:00,3,4,FALSE,7
12/31/2020 3:00,3,4,FALSE,7
12/31/2020 4:00,4,5,FALSE,9
12/31/2020 5:00,3,4,FALSE,7
12/31/2020 6:00,3,4,FALSE,7
12/31/2020 7:00,2,3,FALSE,5
12/31/2020 8:00,2,3,FALSE,5
12/31/2020 9:00,2,3,FALSE,5
12/31/2020 10:00,2,3,FALSE,5
12/31/2020 11:00,2,3,FALSE,5
12/31/2020 12:00,2,3,FALSE,5
12/31/2020 13:00,2,3,FALSE,5
12/31/2020 14:00,2,3,FALSE,5
12/31/2020 15:00,2,3,FALSE,5
12/31/2020 16:00,2,4,FALSE,6
12/31/2020 17:00,2,4,FALSE,6
12/31/2020 18:00,2,4,FALSE,6
12/31/2020 19:00,2,4,FALSE,6
12/31/2020 20:00,3,4,FALSE,7
12/31/2020 21:00,3,4,FALSE,7
12/31/2020 22:00,3,4,FALSE,7
12/31/2020 23:00,2,4,FALSE,6
