date,DogeCoin,DOGE,isPartial,frequency_dogecoin
2020-01-01 00:00:00,14,80,False,94
2020-01-01 01:00:00,12,97,False,109
2020-01-01 02:00:00,15,100,False,115
2020-01-01 03:00:00,0,0,False,0
2020-01-01 04:00:00,0,0,False,0
2020-01-01 05:00:00,0,0,False,0
2020-01-01 06:00:00,0,0,False,0
2020-01-01 07:00:00,0,0,False,0
2020-01-01 08:00:00,0,0,False,0
2020-01-01 09:00:00,0,0,False,0
2020-01-01 10:00:00,0,0,False,0
2020-01-01 11:00:00,14,64,False,78
2020-01-01 12:00:00,12,68,False,80
2020-01-01 13:00:00,11,60,False,71
2020-01-01 14:00:00,11,68,False,79
2020-01-01 15:00:00,12,75,False,87
2020-01-01 16:00:00,12,69,False,81
2020-01-01 17:00:00,14,69,False,83
2020-01-01 18:00:00,11,73,False,84
2020-01-01 19:00:00,14,70,False,84
2020-01-01 20:00:00,12,70,False,82
2020-01-01 21:00:00,13,72,False,85
2020-01-01 22:00:00,15,71,False,86
2020-01-01 23:00:00,15,79,False,94
2020-01-02 00:00:00,18,82,False,100
2020-01-02 01:00:00,15,93,False,108
2020-01-02 02:00:00,15,90,False,105
2020-01-02 03:00:00,16,86,False,102
2020-01-02 04:00:00,15,90,False,105
2020-01-02 05:00:00,16,77,False,93
2020-01-02 06:00:00,15,79,False,94
2020-01-02 07:00:00,12,65,False,77
2020-01-02 08:00:00,13,62,False,75
2020-01-02 09:00:00,11,54,False,65
2020-01-02 10:00:00,10,57,False,67
2020-01-02 11:00:00,12,54,False,66
2020-01-02 12:00:00,11,52,False,63
2020-01-02 13:00:00,13,64,False,77
2020-01-02 14:00:00,13,66,False,79
2020-01-02 15:00:00,15,68,False,83
2020-01-02 16:00:00,14,68,False,82
2020-01-02 17:00:00,17,72,False,89
2020-01-02 18:00:00,15,73,False,88
2020-01-02 19:00:00,15,75,False,90
2020-01-02 20:00:00,14,65,False,79
2020-01-02 21:00:00,16,69,False,85
2020-01-02 22:00:00,15,76,False,91
2020-01-02 23:00:00,19,74,False,93
2020-01-03 00:00:00,17,72,False,89
2020-01-03 01:00:00,15,73,False,88
2020-01-03 02:00:00,18,82,False,100
2020-01-03 03:00:00,17,79,False,96
2020-01-03 04:00:00,18,81,False,99
2020-01-03 05:00:00,15,83,False,98
2020-01-03 06:00:00,14,69,False,83
2020-01-03 07:00:00,13,56,False,69
2020-01-03 08:00:00,12,50,False,62
2020-01-03 09:00:00,11,56,False,67
2020-01-03 10:00:00,10,51,False,61
2020-01-03 11:00:00,12,52,False,64
2020-01-03 12:00:00,15,54,False,69
2020-01-03 13:00:00,12,63,False,75
2020-01-03 14:00:00,15,60,False,75
2020-01-03 15:00:00,14,74,False,88
2020-01-03 16:00:00,16,71,False,87
2020-01-03 17:00:00,14,73,False,87
2020-01-03 18:00:00,16,69,False,85
2020-01-03 19:00:00,16,74,False,90
2020-01-03 20:00:00,13,70,False,83
2020-01-03 21:00:00,15,74,False,89
2020-01-03 22:00:00,14,73,False,87
2020-01-03 23:00:00,18,71,False,89
2020-01-04 00:00:00,18,78,False,96
2020-01-04 01:00:00,17,83,False,100
2020-01-04 02:00:00,17,87,False,104
2020-01-04 03:00:00,18,88,False,106
2020-01-04 04:00:00,18,78,False,96
2020-01-04 05:00:00,19,77,False,96
2020-01-04 06:00:00,16,78,False,94
2020-01-04 07:00:00,11,62,False,73
2020-01-04 08:00:00,15,61,False,76
2020-01-04 09:00:00,10,59,False,69
2020-01-04 10:00:00,12,54,False,66
2020-01-04 11:00:00,17,58,False,75
2020-01-04 12:00:00,13,52,False,65
2020-01-04 13:00:00,11,60,False,71
2020-01-04 14:00:00,14,65,False,79
2020-01-04 15:00:00,13,63,False,76
2020-01-04 16:00:00,15,64,False,79
2020-01-04 17:00:00,14,71,False,85
2020-01-04 18:00:00,14,69,False,83
2020-01-04 19:00:00,16,67,False,83
2020-01-04 20:00:00,15,70,False,85
2020-01-04 21:00:00,14,66,False,80
2020-01-04 22:00:00,16,73,False,89
2020-01-04 23:00:00,22,71,False,93
2020-01-05 00:00:00,17,79,False,96
2020-01-05 01:00:00,19,80,False,99
2020-01-05 02:00:00,18,88,False,106
2020-01-05 03:00:00,19,88,False,107
2020-01-05 04:00:00,19,84,False,103
2020-01-05 05:00:00,16,84,False,100
2020-01-05 06:00:00,18,70,False,88
2020-01-05 07:00:00,17,69,False,86
2020-01-05 08:00:00,11,64,False,75
2020-01-05 09:00:00,11,58,False,69
2020-01-05 10:00:00,12,57,False,69
2020-01-05 11:00:00,12,61,False,73
2020-01-05 12:00:00,13,58,False,71
2020-01-05 13:00:00,15,59,False,74
2020-01-05 14:00:00,17,62,False,79
2020-01-05 15:00:00,15,68,False,83
2020-01-05 16:00:00,16,68,False,84
2020-01-05 17:00:00,16,66,False,82
2020-01-05 18:00:00,16,68,False,84
2020-01-05 19:00:00,15,75,False,90
2020-01-05 20:00:00,15,71,False,86
2020-01-05 21:00:00,20,71,False,91
2020-01-05 22:00:00,17,73,False,90
2020-01-05 23:00:00,15,79,False,94
2020-01-06 00:00:00,19,72,False,91
2020-01-06 01:00:00,19,76,False,95
2020-01-06 02:00:00,22,76,False,98
2020-01-06 03:00:00,20,76,False,96
2020-01-06 04:00:00,22,79,False,101
2020-01-06 05:00:00,20,71,False,91
2020-01-06 06:00:00,17,69,False,86
2020-01-06 07:00:00,12,57,False,69
2020-01-06 08:00:00,11,59,False,70
2020-01-06 09:00:00,13,54,False,67
2020-01-06 10:00:00,13,55,False,68
2020-01-06 11:00:00,12,54,False,66
2020-01-06 12:00:00,13,61,False,74
2020-01-06 13:00:00,15,65,False,80
2020-01-06 14:00:00,13,70,False,83
2020-01-06 15:00:00,15,71,False,86
2020-01-06 16:00:00,16,76,False,92
2020-01-06 17:00:00,15,80,False,95
2020-01-06 18:00:00,14,74,False,88
2020-01-06 19:00:00,12,83,False,95
2020-01-06 20:00:00,17,75,False,92
2020-01-06 21:00:00,16,71,False,87
2020-01-06 22:00:00,17,75,False,92
2020-01-06 23:00:00,24,71,False,95
2020-01-07 00:00:00,24,76,False,100
2020-01-07 01:00:00,25,70,False,95
2020-01-07 02:00:00,21,82,False,103
2020-01-07 03:00:00,22,79,False,101
2020-01-07 04:00:00,21,77,False,98
2020-01-07 05:00:00,28,77,False,105
2020-01-07 06:00:00,18,66,False,84
2020-01-07 07:00:00,12,61,False,73
2020-01-07 08:00:00,11,58,False,69
2020-01-07 09:00:00,11,64,False,75
2020-01-07 10:00:00,12,62,False,74
2020-01-07 11:00:00,15,55,False,70
2020-01-07 12:00:00,15,60,False,75
2020-01-07 13:00:00,11,69,False,80
2020-01-07 14:00:00,15,74,False,89
2020-01-07 15:00:00,14,80,False,94
2020-01-07 16:00:00,16,81,False,97
2020-01-07 17:00:00,15,81,False,96
2020-01-07 18:00:00,16,84,False,100
2020-01-07 19:00:00,17,90,False,107
2020-01-07 20:00:00,15,85,False,100
2020-01-07 21:00:00,17,79,False,96
2020-01-07 22:00:00,17,82,False,99
2020-01-07 23:00:00,20,74,False,94
2020-01-08 00:00:00,21,78,False,99
2020-01-08 00:00:00,17,63,False,80
2020-01-08 01:00:00,16,64,False,80
2020-01-08 02:00:00,14,64,False,78
2020-01-08 03:00:00,18,66,False,84
2020-01-08 04:00:00,20,66,False,86
2020-01-08 05:00:00,13,58,False,71
2020-01-08 06:00:00,14,54,False,68
2020-01-08 07:00:00,11,48,False,59
2020-01-08 08:00:00,9,50,False,59
2020-01-08 09:00:00,10,49,False,59
2020-01-08 10:00:00,11,48,False,59
2020-01-08 11:00:00,11,44,False,55
2020-01-08 12:00:00,10,52,False,62
2020-01-08 13:00:00,13,59,False,72
2020-01-08 14:00:00,11,60,False,71
2020-01-08 15:00:00,12,70,False,82
2020-01-08 16:00:00,12,75,False,87
2020-01-08 17:00:00,12,72,False,84
2020-01-08 18:00:00,12,75,False,87
2020-01-08 19:00:00,11,72,False,83
2020-01-08 20:00:00,12,63,False,75
2020-01-08 21:00:00,15,68,False,83
2020-01-08 22:00:00,11,61,False,72
2020-01-08 23:00:00,14,57,False,71
2020-01-09 00:00:00,16,66,False,82
2020-01-09 01:00:00,13,62,False,75
2020-01-09 02:00:00,17,67,False,84
2020-01-09 03:00:00,14,63,False,77
2020-01-09 04:00:00,13,67,False,80
2020-01-09 05:00:00,14,56,False,70
2020-01-09 06:00:00,13,53,False,66
2020-01-09 07:00:00,9,44,False,53
2020-01-09 08:00:00,8,48,False,56
2020-01-09 09:00:00,8,52,False,60
2020-01-09 10:00:00,9,50,False,59
2020-01-09 11:00:00,9,48,False,57
2020-01-09 12:00:00,11,51,False,62
2020-01-09 13:00:00,9,63,False,72
2020-01-09 14:00:00,12,67,False,79
2020-01-09 15:00:00,12,71,False,83
2020-01-09 16:00:00,13,79,False,92
2020-01-09 17:00:00,12,78,False,90
2020-01-09 18:00:00,12,75,False,87
2020-01-09 19:00:00,11,74,False,85
2020-01-09 20:00:00,11,73,False,84
2020-01-09 21:00:00,13,64,False,77
2020-01-09 22:00:00,13,66,False,79
2020-01-09 23:00:00,15,68,False,83
2020-01-10 00:00:00,14,67,False,81
2020-01-10 01:00:00,14,71,False,85
2020-01-10 02:00:00,12,69,False,81
2020-01-10 03:00:00,16,75,False,91
2020-01-10 04:00:00,15,67,False,82
2020-01-10 05:00:00,14,56,False,70
2020-01-10 06:00:00,9,56,False,65
2020-01-10 07:00:00,8,52,False,60
2020-01-10 08:00:00,9,48,False,57
2020-01-10 09:00:00,10,52,False,62
2020-01-10 10:00:00,23,50,False,73
2020-01-10 11:00:00,12,54,False,66
2020-01-10 12:00:00,11,55,False,66
2020-01-10 13:00:00,11,64,False,75
2020-01-10 14:00:00,10,73,False,83
2020-01-10 15:00:00,13,77,False,90
2020-01-10 16:00:00,14,82,False,96
2020-01-10 17:00:00,14,88,False,102
2020-01-10 18:00:00,13,88,False,101
2020-01-10 19:00:00,15,93,False,108
2020-01-10 20:00:00,14,80,False,94
2020-01-10 21:00:00,15,76,False,91
2020-01-10 22:00:00,16,69,False,85
2020-01-10 23:00:00,14,63,False,77
2020-01-11 00:00:00,19,67,False,86
2020-01-11 01:00:00,18,66,False,84
2020-01-11 02:00:00,15,72,False,87
2020-01-11 03:00:00,17,73,False,90
2020-01-11 04:00:00,16,70,False,86
2020-01-11 05:00:00,15,70,False,85
2020-01-11 06:00:00,13,60,False,73
2020-01-11 07:00:00,10,49,False,59
2020-01-11 08:00:00,10,53,False,63
2020-01-11 09:00:00,9,49,False,58
2020-01-11 10:00:00,10,52,False,62
2020-01-11 11:00:00,9,53,False,62
2020-01-11 12:00:00,12,51,False,63
2020-01-11 13:00:00,10,50,False,60
2020-01-11 14:00:00,11,55,False,66
2020-01-11 15:00:00,12,58,False,70
2020-01-11 16:00:00,11,59,False,70
2020-01-11 17:00:00,13,58,False,71
2020-01-11 18:00:00,11,60,False,71
2020-01-11 19:00:00,12,58,False,70
2020-01-11 20:00:00,12,74,False,86
2020-01-11 21:00:00,11,100,False,111
2020-01-11 22:00:00,15,65,False,80
2020-01-11 23:00:00,14,66,False,80
2020-01-12 00:00:00,16,61,False,77
2020-01-12 01:00:00,15,72,False,87
2020-01-12 02:00:00,13,77,False,90
2020-01-12 03:00:00,13,73,False,86
2020-01-12 04:00:00,15,70,False,85
2020-01-12 05:00:00,14,66,False,80
2020-01-12 06:00:00,12,60,False,72
2020-01-12 07:00:00,14,61,False,75
2020-01-12 08:00:00,9,54,False,63
2020-01-12 09:00:00,10,54,False,64
2020-01-12 10:00:00,10,50,False,60
2020-01-12 11:00:00,10,47,False,57
2020-01-12 12:00:00,9,48,False,57
2020-01-12 13:00:00,11,50,False,61
2020-01-12 14:00:00,10,52,False,62
2020-01-12 15:00:00,10,55,False,65
2020-01-12 16:00:00,13,56,False,69
2020-01-12 17:00:00,12,56,False,68
2020-01-12 18:00:00,13,54,False,67
2020-01-12 19:00:00,12,52,False,64
2020-01-12 20:00:00,10,53,False,63
2020-01-12 21:00:00,10,55,False,65
2020-01-12 22:00:00,13,56,False,69
2020-01-12 23:00:00,13,58,False,71
2020-01-13 00:00:00,16,61,False,77
2020-01-13 01:00:00,13,62,False,75
2020-01-13 02:00:00,14,62,False,76
2020-01-13 03:00:00,15,64,False,79
2020-01-13 04:00:00,16,61,False,77
2020-01-13 05:00:00,12,54,False,66
2020-01-13 06:00:00,11,51,False,62
2020-01-13 07:00:00,10,47,False,57
2020-01-13 08:00:00,10,45,False,55
2020-01-13 09:00:00,7,49,False,56
2020-01-13 10:00:00,9,44,False,53
2020-01-13 11:00:00,12,44,False,56
2020-01-13 12:00:00,10,47,False,57
2020-01-13 13:00:00,11,54,False,65
2020-01-13 14:00:00,10,56,False,66
2020-01-13 15:00:00,12,61,False,73
2020-01-13 16:00:00,13,70,False,83
2020-01-13 17:00:00,11,71,False,82
2020-01-13 18:00:00,11,68,False,79
2020-01-13 19:00:00,13,71,False,84
2020-01-13 20:00:00,14,67,False,81
2020-01-13 21:00:00,12,63,False,75
2020-01-13 22:00:00,13,62,False,75
2020-01-13 23:00:00,16,64,False,80
2020-01-14 00:00:00,16,61,False,77
2020-01-14 01:00:00,17,63,False,80
2020-01-14 02:00:00,15,62,False,77
2020-01-14 03:00:00,14,64,False,78
2020-01-14 04:00:00,17,64,False,81
2020-01-14 05:00:00,22,63,False,85
2020-01-14 06:00:00,12,43,False,55
2020-01-14 07:00:00,12,42,False,54
2020-01-14 08:00:00,10,46,False,56
2020-01-14 09:00:00,8,43,False,51
2020-01-14 10:00:00,10,43,False,53
2020-01-14 11:00:00,12,44,False,56
2020-01-14 12:00:00,10,51,False,61
2020-01-14 13:00:00,11,56,False,67
2020-01-14 14:00:00,12,63,False,75
2020-01-14 15:00:00,13,68,False,81
2020-01-14 16:00:00,14,71,False,85
2020-01-14 17:00:00,17,74,False,91
2020-01-14 18:00:00,21,75,False,96
2020-01-14 19:00:00,16,74,False,90
2020-01-14 20:00:00,20,79,False,99
2020-01-14 21:00:00,21,68,False,89
2020-01-14 22:00:00,22,63,False,85
2020-01-14 23:00:00,24,67,False,91
2020-01-15 00:00:00,26,68,False,94
2020-01-15 00:00:00,28,74,False,102
2020-01-15 01:00:00,24,71,False,95
2020-01-15 02:00:00,29,72,False,101
2020-01-15 03:00:00,25,72,False,97
2020-01-15 04:00:00,24,68,False,92
2020-01-15 05:00:00,21,60,False,81
2020-01-15 06:00:00,19,55,False,74
2020-01-15 07:00:00,16,57,False,73
2020-01-15 08:00:00,11,55,False,66
2020-01-15 09:00:00,11,57,False,68
2020-01-15 10:00:00,11,55,False,66
2020-01-15 11:00:00,14,48,False,62
2020-01-15 12:00:00,11,55,False,66
2020-01-15 13:00:00,18,67,False,85
2020-01-15 14:00:00,19,75,False,94
2020-01-15 15:00:00,20,80,False,100
2020-01-15 16:00:00,18,81,False,99
2020-01-15 17:00:00,17,89,False,106
2020-01-15 18:00:00,17,86,False,103
2020-01-15 19:00:00,17,92,False,109
2020-01-15 20:00:00,16,85,False,101
2020-01-15 21:00:00,17,78,False,95
2020-01-15 22:00:00,15,78,False,93
2020-01-15 23:00:00,20,68,False,88
2020-01-16 00:00:00,21,73,False,94
2020-01-16 01:00:00,18,77,False,95
2020-01-16 02:00:00,18,72,False,90
2020-01-16 03:00:00,19,71,False,90
2020-01-16 04:00:00,18,70,False,88
2020-01-16 05:00:00,14,61,False,75
2020-01-16 06:00:00,12,52,False,64
2020-01-16 07:00:00,13,56,False,69
2020-01-16 08:00:00,11,51,False,62
2020-01-16 09:00:00,10,55,False,65
2020-01-16 10:00:00,10,51,False,61
2020-01-16 11:00:00,11,54,False,65
2020-01-16 12:00:00,10,59,False,69
2020-01-16 13:00:00,10,69,False,79
2020-01-16 14:00:00,13,79,False,92
2020-01-16 15:00:00,15,88,False,103
2020-01-16 16:00:00,14,91,False,105
2020-01-16 17:00:00,12,94,False,106
2020-01-16 18:00:00,13,95,False,108
2020-01-16 19:00:00,13,92,False,105
2020-01-16 20:00:00,15,87,False,102
2020-01-16 21:00:00,16,82,False,98
2020-01-16 22:00:00,16,79,False,95
2020-01-16 23:00:00,18,77,False,95
2020-01-17 00:00:00,16,77,False,93
2020-01-17 01:00:00,16,76,False,92
2020-01-17 02:00:00,18,75,False,93
2020-01-17 03:00:00,19,76,False,95
2020-01-17 04:00:00,20,79,False,99
2020-01-17 05:00:00,23,77,False,100
2020-01-17 06:00:00,16,52,False,68
2020-01-17 07:00:00,14,54,False,68
2020-01-17 08:00:00,12,51,False,63
2020-01-17 09:00:00,10,50,False,60
2020-01-17 10:00:00,11,55,False,66
2020-01-17 11:00:00,12,55,False,67
2020-01-17 12:00:00,14,63,False,77
2020-01-17 13:00:00,13,68,False,81
2020-01-17 14:00:00,15,78,False,93
2020-01-17 15:00:00,14,87,False,101
2020-01-17 16:00:00,16,97,False,113
2020-01-17 17:00:00,16,96,False,112
2020-01-17 18:00:00,16,100,False,116
2020-01-17 19:00:00,18,97,False,115
2020-01-17 20:00:00,19,88,False,107
2020-01-17 21:00:00,19,85,False,104
2020-01-17 22:00:00,19,78,False,97
2020-01-17 23:00:00,21,76,False,97
2020-01-18 00:00:00,20,77,False,97
2020-01-18 01:00:00,19,80,False,99
2020-01-18 02:00:00,18,81,False,99
2020-01-18 03:00:00,23,81,False,104
2020-01-18 04:00:00,20,83,False,103
2020-01-18 05:00:00,16,71,False,87
2020-01-18 06:00:00,12,62,False,74
2020-01-18 07:00:00,13,55,False,68
2020-01-18 08:00:00,12,55,False,67
2020-01-18 09:00:00,12,53,False,65
2020-01-18 10:00:00,11,54,False,65
2020-01-18 11:00:00,12,48,False,60
2020-01-18 12:00:00,14,54,False,68
2020-01-18 13:00:00,13,56,False,69
2020-01-18 14:00:00,15,53,False,68
2020-01-18 15:00:00,13,60,False,73
2020-01-18 16:00:00,15,64,False,79
2020-01-18 17:00:00,15,69,False,84
2020-01-18 18:00:00,16,66,False,82
2020-01-18 19:00:00,15,61,False,76
2020-01-18 20:00:00,14,68,False,82
2020-01-18 21:00:00,18,66,False,84
2020-01-18 22:00:00,17,68,False,85
2020-01-18 23:00:00,21,67,False,88
2020-01-19 00:00:00,26,72,False,98
2020-01-19 01:00:00,24,81,False,105
2020-01-19 02:00:00,22,82,False,104
2020-01-19 03:00:00,23,80,False,103
2020-01-19 04:00:00,22,81,False,103
2020-01-19 05:00:00,20,72,False,92
2020-01-19 06:00:00,22,66,False,88
2020-01-19 07:00:00,14,62,False,76
2020-01-19 08:00:00,12,52,False,64
2020-01-19 09:00:00,12,52,False,64
2020-01-19 10:00:00,10,51,False,61
2020-01-19 11:00:00,12,53,False,65
2020-01-19 12:00:00,12,49,False,61
2020-01-19 13:00:00,13,49,False,62
2020-01-19 14:00:00,11,54,False,65
2020-01-19 15:00:00,12,63,False,75
2020-01-19 16:00:00,14,62,False,76
2020-01-19 17:00:00,14,65,False,79
2020-01-19 18:00:00,13,57,False,70
2020-01-19 19:00:00,13,57,False,70
2020-01-19 20:00:00,13,56,False,69
2020-01-19 21:00:00,14,61,False,75
2020-01-19 22:00:00,16,64,False,80
2020-01-19 23:00:00,19,66,False,85
2020-01-20 00:00:00,17,71,False,88
2020-01-20 01:00:00,15,66,False,81
2020-01-20 02:00:00,14,69,False,83
2020-01-20 03:00:00,15,64,False,79
2020-01-20 04:00:00,19,74,False,93
2020-01-20 05:00:00,15,64,False,79
2020-01-20 06:00:00,14,54,False,68
2020-01-20 07:00:00,12,50,False,62
2020-01-20 08:00:00,10,54,False,64
2020-01-20 09:00:00,12,50,False,62
2020-01-20 10:00:00,10,47,False,57
2020-01-20 11:00:00,11,50,False,61
2020-01-20 12:00:00,10,49,False,59
2020-01-20 13:00:00,12,52,False,64
2020-01-20 14:00:00,11,54,False,65
2020-01-20 15:00:00,11,54,False,65
2020-01-20 16:00:00,13,60,False,73
2020-01-20 17:00:00,13,62,False,75
2020-01-20 18:00:00,12,60,False,72
2020-01-20 19:00:00,14,59,False,73
2020-01-20 20:00:00,15,65,False,80
2020-01-20 21:00:00,14,62,False,76
2020-01-20 22:00:00,15,57,False,72
2020-01-20 23:00:00,17,67,False,84
2020-01-21 00:00:00,16,64,False,80
2020-01-21 01:00:00,15,69,False,84
2020-01-21 02:00:00,13,67,False,80
2020-01-21 03:00:00,17,68,False,85
2020-01-21 04:00:00,16,68,False,84
2020-01-21 05:00:00,19,62,False,81
2020-01-21 06:00:00,14,50,False,64
2020-01-21 07:00:00,14,51,False,65
2020-01-21 08:00:00,11,53,False,64
2020-01-21 09:00:00,9,53,False,62
2020-01-21 10:00:00,10,50,False,60
2020-01-21 11:00:00,12,49,False,61
2020-01-21 12:00:00,11,53,False,64
2020-01-21 13:00:00,12,65,False,77
2020-01-21 14:00:00,12,70,False,82
2020-01-21 15:00:00,14,78,False,92
2020-01-21 16:00:00,13,82,False,95
2020-01-21 17:00:00,15,79,False,94
2020-01-21 18:00:00,13,83,False,96
2020-01-21 19:00:00,12,85,False,97
2020-01-21 20:00:00,13,78,False,91
2020-01-21 21:00:00,16,72,False,88
2020-01-21 22:00:00,14,72,False,86
2020-01-21 23:00:00,17,71,False,88
2020-01-22 00:00:00,16,71,False,87
2020-01-22 00:00:00,16,71,False,87
2020-01-22 01:00:00,17,72,False,89
2020-01-22 02:00:00,16,70,False,86
2020-01-22 03:00:00,15,70,False,85
2020-01-22 04:00:00,16,70,False,86
2020-01-22 05:00:00,15,57,False,72
2020-01-22 06:00:00,14,58,False,72
2020-01-22 07:00:00,12,53,False,65
2020-01-22 08:00:00,10,53,False,63
2020-01-22 09:00:00,9,54,False,63
2020-01-22 10:00:00,10,53,False,63
2020-01-22 11:00:00,11,51,False,62
2020-01-22 12:00:00,13,55,False,68
2020-01-22 13:00:00,11,66,False,77
2020-01-22 14:00:00,13,75,False,88
2020-01-22 15:00:00,12,79,False,91
2020-01-22 16:00:00,13,86,False,99
2020-01-22 17:00:00,12,87,False,99
2020-01-22 18:00:00,13,92,False,105
2020-01-22 19:00:00,11,89,False,100
2020-01-22 20:00:00,13,81,False,94
2020-01-22 21:00:00,12,75,False,87
2020-01-22 22:00:00,13,69,False,82
2020-01-22 23:00:00,15,68,False,83
2020-01-23 00:00:00,13,69,False,82
2020-01-23 01:00:00,14,67,False,81
2020-01-23 02:00:00,17,74,False,91
2020-01-23 03:00:00,17,75,False,92
2020-01-23 04:00:00,15,67,False,82
2020-01-23 05:00:00,17,62,False,79
2020-01-23 06:00:00,12,50,False,62
2020-01-23 07:00:00,13,50,False,63
2020-01-23 08:00:00,11,50,False,61
2020-01-23 09:00:00,10,57,False,67
2020-01-23 10:00:00,11,57,False,68
2020-01-23 11:00:00,11,51,False,62
2020-01-23 12:00:00,10,57,False,67
2020-01-23 13:00:00,11,70,False,81
2020-01-23 14:00:00,11,76,False,87
2020-01-23 15:00:00,12,85,False,97
2020-01-23 16:00:00,12,82,False,94
2020-01-23 17:00:00,14,90,False,104
2020-01-23 18:00:00,15,88,False,103
2020-01-23 19:00:00,11,95,False,106
2020-01-23 20:00:00,13,85,False,98
2020-01-23 21:00:00,12,77,False,89
2020-01-23 22:00:00,12,77,False,89
2020-01-23 23:00:00,16,77,False,93
2020-01-24 00:00:00,15,77,False,92
2020-01-24 01:00:00,13,70,False,83
2020-01-24 02:00:00,14,74,False,88
2020-01-24 03:00:00,14,74,False,88
2020-01-24 04:00:00,16,74,False,90
2020-01-24 05:00:00,16,59,False,75
2020-01-24 06:00:00,10,52,False,62
2020-01-24 07:00:00,12,53,False,65
2020-01-24 08:00:00,10,53,False,63
2020-01-24 09:00:00,10,50,False,60
2020-01-24 10:00:00,10,52,False,62
2020-01-24 11:00:00,11,54,False,65
2020-01-24 12:00:00,12,63,False,75
2020-01-24 13:00:00,9,73,False,82
2020-01-24 14:00:00,13,86,False,99
2020-01-24 15:00:00,11,92,False,103
2020-01-24 16:00:00,11,93,False,104
2020-01-24 17:00:00,12,100,False,112
2020-01-24 18:00:00,12,98,False,110
2020-01-24 19:00:00,11,99,False,110
2020-01-24 20:00:00,14,84,False,98
2020-01-24 21:00:00,13,83,False,96
2020-01-24 22:00:00,14,76,False,90
2020-01-24 23:00:00,14,71,False,85
2020-01-25 00:00:00,13,77,False,90
2020-01-25 01:00:00,13,79,False,92
2020-01-25 02:00:00,14,79,False,93
2020-01-25 03:00:00,15,90,False,105
2020-01-25 04:00:00,14,75,False,89
2020-01-25 05:00:00,13,72,False,85
2020-01-25 06:00:00,14,64,False,78
2020-01-25 07:00:00,11,56,False,67
2020-01-25 08:00:00,11,54,False,65
2020-01-25 09:00:00,11,54,False,65
2020-01-25 10:00:00,11,53,False,64
2020-01-25 11:00:00,11,56,False,67
2020-01-25 12:00:00,11,53,False,64
2020-01-25 13:00:00,12,58,False,70
2020-01-25 14:00:00,10,56,False,66
2020-01-25 15:00:00,12,63,False,75
2020-01-25 16:00:00,13,65,False,78
2020-01-25 17:00:00,11,64,False,75
2020-01-25 18:00:00,11,67,False,78
2020-01-25 19:00:00,11,64,False,75
2020-01-25 20:00:00,11,73,False,84
2020-01-25 21:00:00,25,77,False,102
2020-01-25 22:00:00,13,72,False,85
2020-01-25 23:00:00,15,74,False,89
2020-01-26 00:00:00,13,73,False,86
2020-01-26 01:00:00,11,72,False,83
2020-01-26 02:00:00,13,75,False,88
2020-01-26 03:00:00,15,76,False,91
2020-01-26 04:00:00,16,72,False,88
2020-01-26 05:00:00,15,71,False,86
2020-01-26 06:00:00,11,70,False,81
2020-01-26 07:00:00,13,58,False,71
2020-01-26 08:00:00,10,53,False,63
2020-01-26 09:00:00,9,54,False,63
2020-01-26 10:00:00,10,57,False,67
2020-01-26 11:00:00,11,59,False,70
2020-01-26 12:00:00,11,57,False,68
2020-01-26 13:00:00,11,52,False,63
2020-01-26 14:00:00,12,54,False,66
2020-01-26 15:00:00,10,59,False,69
2020-01-26 16:00:00,11,63,False,74
2020-01-26 17:00:00,11,63,False,74
2020-01-26 18:00:00,12,64,False,76
2020-01-26 19:00:00,8,55,False,63
2020-01-26 20:00:00,10,51,False,61
2020-01-26 21:00:00,11,53,False,64
2020-01-26 22:00:00,12,63,False,75
2020-01-26 23:00:00,14,62,False,76
2020-01-27 00:00:00,17,65,False,82
2020-01-27 01:00:00,11,70,False,81
2020-01-27 02:00:00,15,65,False,80
2020-01-27 03:00:00,13,66,False,79
2020-01-27 04:00:00,16,62,False,78
2020-01-27 05:00:00,11,62,False,73
2020-01-27 06:00:00,12,52,False,64
2020-01-27 07:00:00,9,52,False,61
2020-01-27 08:00:00,10,51,False,61
2020-01-27 09:00:00,9,49,False,58
2020-01-27 10:00:00,10,46,False,56
2020-01-27 11:00:00,9,51,False,60
2020-01-27 12:00:00,11,52,False,63
2020-01-27 13:00:00,12,59,False,71
2020-01-27 14:00:00,12,72,False,84
2020-01-27 15:00:00,11,78,False,89
2020-01-27 16:00:00,11,76,False,87
2020-01-27 17:00:00,13,77,False,90
2020-01-27 18:00:00,11,81,False,92
2020-01-27 19:00:00,12,84,False,96
2020-01-27 20:00:00,15,77,False,92
2020-01-27 21:00:00,14,70,False,84
2020-01-27 22:00:00,14,71,False,85
2020-01-27 23:00:00,17,69,False,86
2020-01-28 00:00:00,17,63,False,80
2020-01-28 01:00:00,17,73,False,90
2020-01-28 02:00:00,19,72,False,91
2020-01-28 03:00:00,21,71,False,92
2020-01-28 04:00:00,18,60,False,78
2020-01-28 05:00:00,18,66,False,84
2020-01-28 06:00:00,13,53,False,66
2020-01-28 07:00:00,13,53,False,66
2020-01-28 08:00:00,10,54,False,64
2020-01-28 09:00:00,10,52,False,62
2020-01-28 10:00:00,11,54,False,65
2020-01-28 11:00:00,10,55,False,65
2020-01-28 12:00:00,12,57,False,69
2020-01-28 13:00:00,10,69,False,79
2020-01-28 14:00:00,13,77,False,90
2020-01-28 15:00:00,11,81,False,92
2020-01-28 16:00:00,12,90,False,102
2020-01-28 17:00:00,12,89,False,101
2020-01-28 18:00:00,13,89,False,102
2020-01-28 19:00:00,11,92,False,103
2020-01-28 20:00:00,14,88,False,102
2020-01-28 21:00:00,13,80,False,93
2020-01-28 22:00:00,14,73,False,87
2020-01-28 23:00:00,20,71,False,91
2020-01-29 00:00:00,19,69,False,88
2020-01-29 00:00:00,18,65,False,83
2020-01-29 01:00:00,16,71,False,87
2020-01-29 02:00:00,15,71,False,86
2020-01-29 03:00:00,16,69,False,85
2020-01-29 04:00:00,14,61,False,75
2020-01-29 05:00:00,15,56,False,71
2020-01-29 06:00:00,14,46,False,60
2020-01-29 07:00:00,10,49,False,59
2020-01-29 08:00:00,11,53,False,64
2020-01-29 09:00:00,10,49,False,59
2020-01-29 10:00:00,9,46,False,55
2020-01-29 11:00:00,12,47,False,59
2020-01-29 12:00:00,9,52,False,61
2020-01-29 13:00:00,10,63,False,73
2020-01-29 14:00:00,12,74,False,86
2020-01-29 15:00:00,12,80,False,92
2020-01-29 16:00:00,11,85,False,96
2020-01-29 17:00:00,12,83,False,95
2020-01-29 18:00:00,13,86,False,99
2020-01-29 19:00:00,11,83,False,94
2020-01-29 20:00:00,12,81,False,93
2020-01-29 21:00:00,13,74,False,87
2020-01-29 22:00:00,14,70,False,84
2020-01-29 23:00:00,16,69,False,85
2020-01-30 00:00:00,16,69,False,85
2020-01-30 01:00:00,14,76,False,90
2020-01-30 02:00:00,13,68,False,81
2020-01-30 03:00:00,13,69,False,82
2020-01-30 04:00:00,16,68,False,84
2020-01-30 05:00:00,13,52,False,65
2020-01-30 06:00:00,11,48,False,59
2020-01-30 07:00:00,11,53,False,64
2020-01-30 08:00:00,9,50,False,59
2020-01-30 09:00:00,8,49,False,57
2020-01-30 10:00:00,11,47,False,58
2020-01-30 11:00:00,10,43,False,53
2020-01-30 12:00:00,11,54,False,65
2020-01-30 13:00:00,10,64,False,74
2020-01-30 14:00:00,13,74,False,87
2020-01-30 15:00:00,11,82,False,93
2020-01-30 16:00:00,12,85,False,97
2020-01-30 17:00:00,16,86,False,102
2020-01-30 18:00:00,13,95,False,108
2020-01-30 19:00:00,12,88,False,100
2020-01-30 20:00:00,13,86,False,99
2020-01-30 21:00:00,16,78,False,94
2020-01-30 22:00:00,17,68,False,85
2020-01-30 23:00:00,20,70,False,90
2020-01-31 00:00:00,18,72,False,90
2020-01-31 01:00:00,17,73,False,90
2020-01-31 02:00:00,16,72,False,88
2020-01-31 03:00:00,16,70,False,86
2020-01-31 04:00:00,18,64,False,82
2020-01-31 05:00:00,17,62,False,79
2020-01-31 06:00:00,13,50,False,63
2020-01-31 07:00:00,10,48,False,58
2020-01-31 08:00:00,9,48,False,57
2020-01-31 09:00:00,10,50,False,60
2020-01-31 10:00:00,9,44,False,53
2020-01-31 11:00:00,9,46,False,55
2020-01-31 12:00:00,11,62,False,73
2020-01-31 13:00:00,10,71,False,81
2020-01-31 14:00:00,12,80,False,92
2020-01-31 15:00:00,12,83,False,95
2020-01-31 16:00:00,10,87,False,97
2020-01-31 17:00:00,12,91,False,103
2020-01-31 18:00:00,12,90,False,102
2020-01-31 19:00:00,13,100,False,113
2020-01-31 20:00:00,12,88,False,100
2020-01-31 21:00:00,10,80,False,90
2020-01-31 22:00:00,14,72,False,86
2020-01-31 23:00:00,14,67,False,81
2020-02-01 00:00:00,17,69,False,86
2020-02-01 01:00:00,15,70,False,85
2020-02-01 02:00:00,15,74,False,89
2020-02-01 03:00:00,15,71,False,86
2020-02-01 04:00:00,13,72,False,85
2020-02-01 05:00:00,16,67,False,83
2020-02-01 06:00:00,10,53,False,63
2020-02-01 07:00:00,14,51,False,65
2020-02-01 08:00:00,10,49,False,59
2020-02-01 09:00:00,9,49,False,58
2020-02-01 10:00:00,9,47,False,56
2020-02-01 11:00:00,10,49,False,59
2020-02-01 12:00:00,9,50,False,59
2020-02-01 13:00:00,9,51,False,60
2020-02-01 14:00:00,11,55,False,66
2020-02-01 15:00:00,10,57,False,67
2020-02-01 16:00:00,9,59,False,68
2020-02-01 17:00:00,12,60,False,72
2020-02-01 18:00:00,12,62,False,74
2020-02-01 19:00:00,10,62,False,72
2020-02-01 20:00:00,11,64,False,75
2020-02-01 21:00:00,17,64,False,81
2020-02-01 22:00:00,13,64,False,77
2020-02-01 23:00:00,15,63,False,78
2020-02-02 00:00:00,14,66,False,80
2020-02-02 01:00:00,15,76,False,91
2020-02-02 02:00:00,14,68,False,82
2020-02-02 03:00:00,16,75,False,91
2020-02-02 04:00:00,16,73,False,89
2020-02-02 05:00:00,17,64,False,81
2020-02-02 06:00:00,13,63,False,76
2020-02-02 07:00:00,12,49,False,61
2020-02-02 08:00:00,12,51,False,63
2020-02-02 09:00:00,11,48,False,59
2020-02-02 10:00:00,9,55,False,64
2020-02-02 11:00:00,9,49,False,58
2020-02-02 12:00:00,11,48,False,59
2020-02-02 13:00:00,11,49,False,60
2020-02-02 14:00:00,10,50,False,60
2020-02-02 15:00:00,13,59,False,72
2020-02-02 16:00:00,14,58,False,72
2020-02-02 17:00:00,13,58,False,71
2020-02-02 18:00:00,12,57,False,69
2020-02-02 19:00:00,12,58,False,70
2020-02-02 20:00:00,13,56,False,69
2020-02-02 21:00:00,10,55,False,65
2020-02-02 22:00:00,14,60,False,74
2020-02-02 23:00:00,14,50,False,64
2020-02-03 00:00:00,15,64,False,79
2020-02-03 01:00:00,14,60,False,74
2020-02-03 02:00:00,13,66,False,79
2020-02-03 03:00:00,13,54,False,67
2020-02-03 04:00:00,14,54,False,68
2020-02-03 05:00:00,13,53,False,66
2020-02-03 06:00:00,12,50,False,62
2020-02-03 07:00:00,12,46,False,58
2020-02-03 08:00:00,10,49,False,59
2020-02-03 09:00:00,8,42,False,50
2020-02-03 10:00:00,10,46,False,56
2020-02-03 11:00:00,10,43,False,53
2020-02-03 12:00:00,9,48,False,57
2020-02-03 13:00:00,10,60,False,70
2020-02-03 14:00:00,11,64,False,75
2020-02-03 15:00:00,11,70,False,81
2020-02-03 16:00:00,11,69,False,80
2020-02-03 17:00:00,11,70,False,81
2020-02-03 18:00:00,12,75,False,87
2020-02-03 19:00:00,12,75,False,87
2020-02-03 20:00:00,13,71,False,84
2020-02-03 21:00:00,12,64,False,76
2020-02-03 22:00:00,14,65,False,79
2020-02-03 23:00:00,15,68,False,83
2020-02-04 00:00:00,13,69,False,82
2020-02-04 01:00:00,13,66,False,79
2020-02-04 02:00:00,14,66,False,80
2020-02-04 03:00:00,14,63,False,77
2020-02-04 04:00:00,12,60,False,72
2020-02-04 05:00:00,19,58,False,77
2020-02-04 06:00:00,14,47,False,61
2020-02-04 07:00:00,10,49,False,59
2020-02-04 08:00:00,10,46,False,56
2020-02-04 09:00:00,11,48,False,59
2020-02-04 10:00:00,11,46,False,57
2020-02-04 11:00:00,11,47,False,58
2020-02-04 12:00:00,10,52,False,62
2020-02-04 13:00:00,9,61,False,70
2020-02-04 14:00:00,12,72,False,84
2020-02-04 15:00:00,15,78,False,93
2020-02-04 16:00:00,14,77,False,91
2020-02-04 17:00:00,15,85,False,100
2020-02-04 18:00:00,13,87,False,100
2020-02-04 19:00:00,15,86,False,101
2020-02-04 20:00:00,16,78,False,94
2020-02-04 21:00:00,21,76,False,97
2020-02-04 22:00:00,17,70,False,87
2020-02-04 23:00:00,20,68,False,88
2020-02-05 00:00:00,28,73,False,101
2020-02-05 00:00:00,29,75,False,104
2020-02-05 01:00:00,25,75,False,100
2020-02-05 02:00:00,23,63,False,86
2020-02-05 03:00:00,27,63,False,90
2020-02-05 04:00:00,27,61,False,88
2020-02-05 05:00:00,23,55,False,78
2020-02-05 06:00:00,18,51,False,69
2020-02-05 07:00:00,14,50,False,64
2020-02-05 08:00:00,11,51,False,62
2020-02-05 09:00:00,10,44,False,54
2020-02-05 10:00:00,11,46,False,57
2020-02-05 11:00:00,12,50,False,62
2020-02-05 12:00:00,14,59,False,73
2020-02-05 13:00:00,13,63,False,76
2020-02-05 14:00:00,16,74,False,90
2020-02-05 15:00:00,16,80,False,96
2020-02-05 16:00:00,16,86,False,102
2020-02-05 17:00:00,22,87,False,109
2020-02-05 18:00:00,17,89,False,106
2020-02-05 19:00:00,20,84,False,104
2020-02-05 20:00:00,20,77,False,97
2020-02-05 21:00:00,21,77,False,98
2020-02-05 22:00:00,16,71,False,87
2020-02-05 23:00:00,22,73,False,95
2020-02-06 00:00:00,20,64,False,84
2020-02-06 01:00:00,18,67,False,85
2020-02-06 02:00:00,16,72,False,88
2020-02-06 03:00:00,22,72,False,94
2020-02-06 04:00:00,22,60,False,82
2020-02-06 05:00:00,20,63,False,83
2020-02-06 06:00:00,16,53,False,69
2020-02-06 07:00:00,14,48,False,62
2020-02-06 08:00:00,14,48,False,62
2020-02-06 09:00:00,11,53,False,64
2020-02-06 10:00:00,11,47,False,58
2020-02-06 11:00:00,14,52,False,66
2020-02-06 12:00:00,16,58,False,74
2020-02-06 13:00:00,15,64,False,79
2020-02-06 14:00:00,16,79,False,95
2020-02-06 15:00:00,16,79,False,95
2020-02-06 16:00:00,16,87,False,103
2020-02-06 17:00:00,17,88,False,105
2020-02-06 18:00:00,16,89,False,105
2020-02-06 19:00:00,16,91,False,107
2020-02-06 20:00:00,18,85,False,103
2020-02-06 21:00:00,17,77,False,94
2020-02-06 22:00:00,19,71,False,90
2020-02-06 23:00:00,22,78,False,100
2020-02-07 00:00:00,19,73,False,92
2020-02-07 01:00:00,20,72,False,92
2020-02-07 02:00:00,19,71,False,90
2020-02-07 03:00:00,20,75,False,95
2020-02-07 04:00:00,19,59,False,78
2020-02-07 05:00:00,20,56,False,76
2020-02-07 06:00:00,15,53,False,68
2020-02-07 07:00:00,12,53,False,65
2020-02-07 08:00:00,11,53,False,64
2020-02-07 09:00:00,13,50,False,63
2020-02-07 10:00:00,11,49,False,60
2020-02-07 11:00:00,12,50,False,62
2020-02-07 12:00:00,17,58,False,75
2020-02-07 13:00:00,13,69,False,82
2020-02-07 14:00:00,18,79,False,97
2020-02-07 15:00:00,17,81,False,98
2020-02-07 16:00:00,19,86,False,105
2020-02-07 17:00:00,22,89,False,111
2020-02-07 18:00:00,22,97,False,119
2020-02-07 19:00:00,23,100,False,123
2020-02-07 20:00:00,22,98,False,120
2020-02-07 21:00:00,21,84,False,105
2020-02-07 22:00:00,21,77,False,98
2020-02-07 23:00:00,20,72,False,92
2020-02-08 00:00:00,39,79,False,118
2020-02-08 01:00:00,27,82,False,109
2020-02-08 02:00:00,25,80,False,105
2020-02-08 03:00:00,22,82,False,104
2020-02-08 04:00:00,21,74,False,95
2020-02-08 05:00:00,23,61,False,84
2020-02-08 06:00:00,24,57,False,81
2020-02-08 07:00:00,23,55,False,78
2020-02-08 08:00:00,21,48,False,69
2020-02-08 09:00:00,21,50,False,71
2020-02-08 10:00:00,22,52,False,74
2020-02-08 11:00:00,17,51,False,68
2020-02-08 12:00:00,24,54,False,78
2020-02-08 13:00:00,25,54,False,79
2020-02-08 14:00:00,45,70,False,115
2020-02-08 15:00:00,47,68,False,115
2020-02-08 16:00:00,44,71,False,115
2020-02-08 17:00:00,33,70,False,103
2020-02-08 18:00:00,30,66,False,96
2020-02-08 19:00:00,32,64,False,96
2020-02-08 20:00:00,32,66,False,98
2020-02-08 21:00:00,49,75,False,124
2020-02-08 22:00:00,32,65,False,97
2020-02-08 23:00:00,34,70,False,104
2020-02-09 00:00:00,39,69,False,108
2020-02-09 01:00:00,47,71,False,118
2020-02-09 02:00:00,39,82,False,121
2020-02-09 03:00:00,61,88,False,149
2020-02-09 04:00:00,89,84,False,173
2020-02-09 05:00:00,65,81,False,146
2020-02-09 06:00:00,49,76,False,125
2020-02-09 07:00:00,32,55,False,87
2020-02-09 08:00:00,26,54,False,80
2020-02-09 09:00:00,22,53,False,75
2020-02-09 10:00:00,20,56,False,76
2020-02-09 11:00:00,21,54,False,75
2020-02-09 12:00:00,20,46,False,66
2020-02-09 13:00:00,22,54,False,76
2020-02-09 14:00:00,25,53,False,78
2020-02-09 15:00:00,21,57,False,78
2020-02-09 16:00:00,24,58,False,82
2020-02-09 17:00:00,22,57,False,79
2020-02-09 18:00:00,22,58,False,80
2020-02-09 19:00:00,24,59,False,83
2020-02-09 20:00:00,20,57,False,77
2020-02-09 21:00:00,23,59,False,82
2020-02-09 22:00:00,23,64,False,87
2020-02-09 23:00:00,26,71,False,97
2020-02-10 00:00:00,25,71,False,96
2020-02-10 01:00:00,24,67,False,91
2020-02-10 02:00:00,23,66,False,89
2020-02-10 03:00:00,25,58,False,83
2020-02-10 04:00:00,25,64,False,89
2020-02-10 05:00:00,25,60,False,85
2020-02-10 06:00:00,20,52,False,72
2020-02-10 07:00:00,16,47,False,63
2020-02-10 08:00:00,14,49,False,63
2020-02-10 09:00:00,12,50,False,62
2020-02-10 10:00:00,12,49,False,61
2020-02-10 11:00:00,14,46,False,60
2020-02-10 12:00:00,14,53,False,67
2020-02-10 13:00:00,13,57,False,70
2020-02-10 14:00:00,14,64,False,78
2020-02-10 15:00:00,18,74,False,92
2020-02-10 16:00:00,18,74,False,92
2020-02-10 17:00:00,18,82,False,100
2020-02-10 18:00:00,18,79,False,97
2020-02-10 19:00:00,19,82,False,101
2020-02-10 20:00:00,20,75,False,95
2020-02-10 21:00:00,18,74,False,92
2020-02-10 22:00:00,18,72,False,90
2020-02-10 23:00:00,21,70,False,91
2020-02-11 00:00:00,21,71,False,92
2020-02-11 01:00:00,21,72,False,93
2020-02-11 02:00:00,19,74,False,93
2020-02-11 03:00:00,20,71,False,91
2020-02-11 04:00:00,17,64,False,81
2020-02-11 05:00:00,23,65,False,88
2020-02-11 06:00:00,12,49,False,61
2020-02-11 07:00:00,12,47,False,59
2020-02-11 08:00:00,10,51,False,61
2020-02-11 09:00:00,13,48,False,61
2020-02-11 10:00:00,10,46,False,56
2020-02-11 11:00:00,12,48,False,60
2020-02-11 12:00:00,13,58,False,71
2020-02-11 13:00:00,14,66,False,80
2020-02-11 14:00:00,16,76,False,92
2020-02-11 15:00:00,17,80,False,97
2020-02-11 16:00:00,22,89,False,111
2020-02-11 17:00:00,22,91,False,113
2020-02-11 18:00:00,20,86,False,106
2020-02-11 19:00:00,18,87,False,105
2020-02-11 20:00:00,18,77,False,95
2020-02-11 21:00:00,20,77,False,97
2020-02-11 22:00:00,22,77,False,99
2020-02-11 23:00:00,23,75,False,98
2020-02-12 00:00:00,23,76,False,99
2020-02-12 00:00:00,20,67,False,87
2020-02-12 01:00:00,20,63,False,83
2020-02-12 02:00:00,20,67,False,87
2020-02-12 03:00:00,22,63,False,85
2020-02-12 04:00:00,22,57,False,79
2020-02-12 05:00:00,21,51,False,72
2020-02-12 06:00:00,17,46,False,63
2020-02-12 07:00:00,12,48,False,60
2020-02-12 08:00:00,12,43,False,55
2020-02-12 09:00:00,10,43,False,53
2020-02-12 10:00:00,11,42,False,53
2020-02-12 11:00:00,13,43,False,56
2020-02-12 12:00:00,13,48,False,61
2020-02-12 13:00:00,14,62,False,76
2020-02-12 14:00:00,16,66,False,82
2020-02-12 15:00:00,16,70,False,86
2020-02-12 16:00:00,14,74,False,88
2020-02-12 17:00:00,17,78,False,95
2020-02-12 18:00:00,16,81,False,97
2020-02-12 19:00:00,17,79,False,96
2020-02-12 20:00:00,19,75,False,94
2020-02-12 21:00:00,17,65,False,82
2020-02-12 22:00:00,15,69,False,84
2020-02-12 23:00:00,18,64,False,82
2020-02-13 00:00:00,18,67,False,85
2020-02-13 01:00:00,19,64,False,83
2020-02-13 02:00:00,19,66,False,85
2020-02-13 03:00:00,21,65,False,86
2020-02-13 04:00:00,21,58,False,79
2020-02-13 05:00:00,18,53,False,71
2020-02-13 06:00:00,18,50,False,68
2020-02-13 07:00:00,14,47,False,61
2020-02-13 08:00:00,10,46,False,56
2020-02-13 09:00:00,9,46,False,55
2020-02-13 10:00:00,10,47,False,57
2020-02-13 11:00:00,12,48,False,60
2020-02-13 12:00:00,11,51,False,62
2020-02-13 13:00:00,13,59,False,72
2020-02-13 14:00:00,13,70,False,83
2020-02-13 15:00:00,14,76,False,90
2020-02-13 16:00:00,13,78,False,91
2020-02-13 17:00:00,14,78,False,92
2020-02-13 18:00:00,14,80,False,94
2020-02-13 19:00:00,13,83,False,96
2020-02-13 20:00:00,13,74,False,87
2020-02-13 21:00:00,15,69,False,84
2020-02-13 22:00:00,15,68,False,83
2020-02-13 23:00:00,17,67,False,84
2020-02-14 00:00:00,18,60,False,78
2020-02-14 01:00:00,14,65,False,79
2020-02-14 02:00:00,15,64,False,79
2020-02-14 03:00:00,15,67,False,82
2020-02-14 04:00:00,15,63,False,78
2020-02-14 05:00:00,13,53,False,66
2020-02-14 06:00:00,11,46,False,57
2020-02-14 07:00:00,12,41,False,53
2020-02-14 08:00:00,9,49,False,58
2020-02-14 09:00:00,10,41,False,51
2020-02-14 10:00:00,10,46,False,56
2020-02-14 11:00:00,9,42,False,51
2020-02-14 12:00:00,10,51,False,61
2020-02-14 13:00:00,12,60,False,72
2020-02-14 14:00:00,14,74,False,88
2020-02-14 15:00:00,12,72,False,84
2020-02-14 16:00:00,16,76,False,92
2020-02-14 17:00:00,17,82,False,99
2020-02-14 18:00:00,16,100,False,116
2020-02-14 19:00:00,17,75,False,92
2020-02-14 20:00:00,18,73,False,91
2020-02-14 21:00:00,18,66,False,84
2020-02-14 22:00:00,16,65,False,81
2020-02-14 23:00:00,20,66,False,86
2020-02-15 00:00:00,15,60,False,75
2020-02-15 01:00:00,20,64,False,84
2020-02-15 02:00:00,18,76,False,94
2020-02-15 03:00:00,16,67,False,83
2020-02-15 04:00:00,15,62,False,77
2020-02-15 05:00:00,16,58,False,74
2020-02-15 06:00:00,16,53,False,69
2020-02-15 07:00:00,14,41,False,55
2020-02-15 08:00:00,11,47,False,58
2020-02-15 09:00:00,12,46,False,58
2020-02-15 10:00:00,10,43,False,53
2020-02-15 11:00:00,10,45,False,55
2020-02-15 12:00:00,11,44,False,55
2020-02-15 13:00:00,12,48,False,60
2020-02-15 14:00:00,11,48,False,59
2020-02-15 15:00:00,12,51,False,63
2020-02-15 16:00:00,12,54,False,66
2020-02-15 17:00:00,14,58,False,72
2020-02-15 18:00:00,13,56,False,69
2020-02-15 19:00:00,12,52,False,64
2020-02-15 20:00:00,13,58,False,71
2020-02-15 21:00:00,33,64,False,97
2020-02-15 22:00:00,17,58,False,75
2020-02-15 23:00:00,16,61,False,77
2020-02-16 00:00:00,16,60,False,76
2020-02-16 01:00:00,13,68,False,81
2020-02-16 02:00:00,14,69,False,83
2020-02-16 03:00:00,17,71,False,88
2020-02-16 04:00:00,16,65,False,81
2020-02-16 05:00:00,13,60,False,73
2020-02-16 06:00:00,12,52,False,64
2020-02-16 07:00:00,12,45,False,57
2020-02-16 08:00:00,12,45,False,57
2020-02-16 09:00:00,10,44,False,54
2020-02-16 10:00:00,9,43,False,52
2020-02-16 11:00:00,10,46,False,56
2020-02-16 12:00:00,9,45,False,54
2020-02-16 13:00:00,10,42,False,52
2020-02-16 14:00:00,12,44,False,56
2020-02-16 15:00:00,12,50,False,62
2020-02-16 16:00:00,12,58,False,70
2020-02-16 17:00:00,13,53,False,66
2020-02-16 18:00:00,13,52,False,65
2020-02-16 19:00:00,11,54,False,65
2020-02-16 20:00:00,13,52,False,65
2020-02-16 21:00:00,12,49,False,61
2020-02-16 22:00:00,11,56,False,67
2020-02-16 23:00:00,14,60,False,74
2020-02-17 00:00:00,14,55,False,69
2020-02-17 01:00:00,13,57,False,70
2020-02-17 02:00:00,14,64,False,78
2020-02-17 03:00:00,12,58,False,70
2020-02-17 04:00:00,13,59,False,72
2020-02-17 05:00:00,13,50,False,63
2020-02-17 06:00:00,12,47,False,59
2020-02-17 07:00:00,11,43,False,54
2020-02-17 08:00:00,8,40,False,48
2020-02-17 09:00:00,8,40,False,48
2020-02-17 10:00:00,8,39,False,47
2020-02-17 11:00:00,9,40,False,49
2020-02-17 12:00:00,10,40,False,50
2020-02-17 13:00:00,10,44,False,54
2020-02-17 14:00:00,9,45,False,54
2020-02-17 15:00:00,10,48,False,58
2020-02-17 16:00:00,13,55,False,68
2020-02-17 17:00:00,11,53,False,64
2020-02-17 18:00:00,11,49,False,60
2020-02-17 19:00:00,9,54,False,63
2020-02-17 20:00:00,11,52,False,63
2020-02-17 21:00:00,11,51,False,62
2020-02-17 22:00:00,11,53,False,64
2020-02-17 23:00:00,14,56,False,70
2020-02-18 00:00:00,14,57,False,71
2020-02-18 01:00:00,16,55,False,71
2020-02-18 02:00:00,14,55,False,69
2020-02-18 03:00:00,12,57,False,69
2020-02-18 04:00:00,14,59,False,73
2020-02-18 05:00:00,30,57,False,87
2020-02-18 06:00:00,13,44,False,57
2020-02-18 07:00:00,10,45,False,55
2020-02-18 08:00:00,9,45,False,54
2020-02-18 09:00:00,9,41,False,50
2020-02-18 10:00:00,8,43,False,51
2020-02-18 11:00:00,9,41,False,50
2020-02-18 12:00:00,10,42,False,52
2020-02-18 13:00:00,9,51,False,60
2020-02-18 14:00:00,13,56,False,69
2020-02-18 15:00:00,13,63,False,76
2020-02-18 16:00:00,14,65,False,79
2020-02-18 17:00:00,13,71,False,84
2020-02-18 18:00:00,14,67,False,81
2020-02-18 19:00:00,15,69,False,84
2020-02-18 20:00:00,14,62,False,76
2020-02-18 21:00:00,15,62,False,77
2020-02-18 22:00:00,16,60,False,76
2020-02-18 23:00:00,16,56,False,72
2020-02-19 00:00:00,16,56,False,72
2020-02-19 00:00:00,19,66,False,85
2020-02-19 01:00:00,18,74,False,92
2020-02-19 02:00:00,17,73,False,90
2020-02-19 03:00:00,20,76,False,96
2020-02-19 04:00:00,17,66,False,83
2020-02-19 05:00:00,17,58,False,75
2020-02-19 06:00:00,16,56,False,72
2020-02-19 07:00:00,11,49,False,60
2020-02-19 08:00:00,10,47,False,57
2020-02-19 09:00:00,12,47,False,59
2020-02-19 10:00:00,13,46,False,59
2020-02-19 11:00:00,11,49,False,60
2020-02-19 12:00:00,12,51,False,63
2020-02-19 13:00:00,13,70,False,83
2020-02-19 14:00:00,14,72,False,86
2020-02-19 15:00:00,14,81,False,95
2020-02-19 16:00:00,16,84,False,100
2020-02-19 17:00:00,14,85,False,99
2020-02-19 18:00:00,15,84,False,99
2020-02-19 19:00:00,15,91,False,106
2020-02-19 20:00:00,16,83,False,99
2020-02-19 21:00:00,15,70,False,85
2020-02-19 22:00:00,20,78,False,98
2020-02-19 23:00:00,17,75,False,92
2020-02-20 00:00:00,17,74,False,91
2020-02-20 01:00:00,17,74,False,91
2020-02-20 02:00:00,16,75,False,91
2020-02-20 03:00:00,15,72,False,87
2020-02-20 04:00:00,18,70,False,88
2020-02-20 05:00:00,16,59,False,75
2020-02-20 06:00:00,14,53,False,67
2020-02-20 07:00:00,12,53,False,65
2020-02-20 08:00:00,11,55,False,66
2020-02-20 09:00:00,10,50,False,60
2020-02-20 10:00:00,11,49,False,60
2020-02-20 11:00:00,11,46,False,57
2020-02-20 12:00:00,13,52,False,65
2020-02-20 13:00:00,11,67,False,78
2020-02-20 14:00:00,12,74,False,86
2020-02-20 15:00:00,14,82,False,96
2020-02-20 16:00:00,15,90,False,105
2020-02-20 17:00:00,14,88,False,102
2020-02-20 18:00:00,13,90,False,103
2020-02-20 19:00:00,13,92,False,105
2020-02-20 20:00:00,16,89,False,105
2020-02-20 21:00:00,14,81,False,95
2020-02-20 22:00:00,14,76,False,90
2020-02-20 23:00:00,16,76,False,92
2020-02-21 00:00:00,17,72,False,89
2020-02-21 01:00:00,17,75,False,92
2020-02-21 02:00:00,15,71,False,86
2020-02-21 03:00:00,16,79,False,95
2020-02-21 04:00:00,19,67,False,86
2020-02-21 05:00:00,16,66,False,82
2020-02-21 06:00:00,13,57,False,70
2020-02-21 07:00:00,12,53,False,65
2020-02-21 08:00:00,10,54,False,64
2020-02-21 09:00:00,10,49,False,59
2020-02-21 10:00:00,10,50,False,60
2020-02-21 11:00:00,10,53,False,63
2020-02-21 12:00:00,13,60,False,73
2020-02-21 13:00:00,12,73,False,85
2020-02-21 14:00:00,14,81,False,95
2020-02-21 15:00:00,13,91,False,104
2020-02-21 16:00:00,12,100,False,112
2020-02-21 17:00:00,14,99,False,113
2020-02-21 18:00:00,14,95,False,109
2020-02-21 19:00:00,14,99,False,113
2020-02-21 20:00:00,13,92,False,105
2020-02-21 21:00:00,16,84,False,100
2020-02-21 22:00:00,15,86,False,101
2020-02-21 23:00:00,17,74,False,91
2020-02-22 00:00:00,16,77,False,93
2020-02-22 01:00:00,15,86,False,101
2020-02-22 02:00:00,16,83,False,99
2020-02-22 03:00:00,16,81,False,97
2020-02-22 04:00:00,13,81,False,94
2020-02-22 05:00:00,17,71,False,88
2020-02-22 06:00:00,12,60,False,72
2020-02-22 07:00:00,13,57,False,70
2020-02-22 08:00:00,11,52,False,63
2020-02-22 09:00:00,8,51,False,59
2020-02-22 10:00:00,9,53,False,62
2020-02-22 11:00:00,11,56,False,67
2020-02-22 12:00:00,11,55,False,66
2020-02-22 13:00:00,11,55,False,66
2020-02-22 14:00:00,11,62,False,73
2020-02-22 15:00:00,12,61,False,73
2020-02-22 16:00:00,11,66,False,77
2020-02-22 17:00:00,11,67,False,78
2020-02-22 18:00:00,12,64,False,76
2020-02-22 19:00:00,12,63,False,75
2020-02-22 20:00:00,12,66,False,78
2020-02-22 21:00:00,14,67,False,81
2020-02-22 22:00:00,12,64,False,76
2020-02-22 23:00:00,16,70,False,86
2020-02-23 00:00:00,15,68,False,83
2020-02-23 01:00:00,14,73,False,87
2020-02-23 02:00:00,13,76,False,89
2020-02-23 03:00:00,15,79,False,94
2020-02-23 04:00:00,16,72,False,88
2020-02-23 05:00:00,15,70,False,85
2020-02-23 06:00:00,13,68,False,81
2020-02-23 07:00:00,12,59,False,71
2020-02-23 08:00:00,11,59,False,70
2020-02-23 09:00:00,9,53,False,62
2020-02-23 10:00:00,9,53,False,62
2020-02-23 11:00:00,10,56,False,66
2020-02-23 12:00:00,10,56,False,66
2020-02-23 13:00:00,12,56,False,68
2020-02-23 14:00:00,10,61,False,71
2020-02-23 15:00:00,11,64,False,75
2020-02-23 16:00:00,11,58,False,69
2020-02-23 17:00:00,11,60,False,71
2020-02-23 18:00:00,14,65,False,79
2020-02-23 19:00:00,11,62,False,73
2020-02-23 20:00:00,12,61,False,73
2020-02-23 21:00:00,11,64,False,75
2020-02-23 22:00:00,11,65,False,76
2020-02-23 23:00:00,17,70,False,87
2020-02-24 00:00:00,18,72,False,90
2020-02-24 01:00:00,16,71,False,87
2020-02-24 02:00:00,14,72,False,86
2020-02-24 03:00:00,12,68,False,80
2020-02-24 04:00:00,15,61,False,76
2020-02-24 05:00:00,16,65,False,81
2020-02-24 06:00:00,12,54,False,66
2020-02-24 07:00:00,12,49,False,61
2020-02-24 08:00:00,12,49,False,61
2020-02-24 09:00:00,10,50,False,60
2020-02-24 10:00:00,12,48,False,60
2020-02-24 11:00:00,15,50,False,65
2020-02-24 12:00:00,11,55,False,66
2020-02-24 13:00:00,11,66,False,77
2020-02-24 14:00:00,13,73,False,86
2020-02-24 15:00:00,12,76,False,88
2020-02-24 16:00:00,11,81,False,92
2020-02-24 17:00:00,13,78,False,91
2020-02-24 18:00:00,13,84,False,97
2020-02-24 19:00:00,14,85,False,99
2020-02-24 20:00:00,14,82,False,96
2020-02-24 21:00:00,13,72,False,85
2020-02-24 22:00:00,13,74,False,87
2020-02-24 23:00:00,16,69,False,85
2020-02-25 00:00:00,14,76,False,90
2020-02-25 01:00:00,17,75,False,92
2020-02-25 02:00:00,17,77,False,94
2020-02-25 03:00:00,18,72,False,90
2020-02-25 04:00:00,18,74,False,92
2020-02-25 05:00:00,20,64,False,84
2020-02-25 06:00:00,13,49,False,62
2020-02-25 07:00:00,12,50,False,62
2020-02-25 08:00:00,13,47,False,60
2020-02-25 09:00:00,12,53,False,65
2020-02-25 10:00:00,10,46,False,56
2020-02-25 11:00:00,11,48,False,59
2020-02-25 12:00:00,11,55,False,66
2020-02-25 13:00:00,11,67,False,78
2020-02-25 14:00:00,13,76,False,89
2020-02-25 15:00:00,14,84,False,98
2020-02-25 16:00:00,13,89,False,102
2020-02-25 17:00:00,12,84,False,96
2020-02-25 18:00:00,12,90,False,102
2020-02-25 19:00:00,11,89,False,100
2020-02-25 20:00:00,12,79,False,91
2020-02-25 21:00:00,13,73,False,86
2020-02-25 22:00:00,14,78,False,92
2020-02-25 23:00:00,17,77,False,94
2020-02-26 00:00:00,17,74,False,91
2020-02-26 00:00:00,16,72,False,88
2020-02-26 01:00:00,12,77,False,89
2020-02-26 02:00:00,15,75,False,90
2020-02-26 03:00:00,14,73,False,87
2020-02-26 04:00:00,17,68,False,85
2020-02-26 05:00:00,14,54,False,68
2020-02-26 06:00:00,16,49,False,65
2020-02-26 07:00:00,10,48,False,58
2020-02-26 08:00:00,10,44,False,54
2020-02-26 09:00:00,11,46,False,57
2020-02-26 10:00:00,10,48,False,58
2020-02-26 11:00:00,12,48,False,60
2020-02-26 12:00:00,9,55,False,64
2020-02-26 13:00:00,12,68,False,80
2020-02-26 14:00:00,12,75,False,87
2020-02-26 15:00:00,14,79,False,93
2020-02-26 16:00:00,13,82,False,95
2020-02-26 17:00:00,15,86,False,101
2020-02-26 18:00:00,12,86,False,98
2020-02-26 19:00:00,14,87,False,101
2020-02-26 20:00:00,13,76,False,89
2020-02-26 21:00:00,10,69,False,79
2020-02-26 22:00:00,13,73,False,86
2020-02-26 23:00:00,15,71,False,86
2020-02-27 00:00:00,12,69,False,81
2020-02-27 01:00:00,15,76,False,91
2020-02-27 02:00:00,14,72,False,86
2020-02-27 03:00:00,14,70,False,84
2020-02-27 04:00:00,16,69,False,85
2020-02-27 05:00:00,13,60,False,73
2020-02-27 06:00:00,13,53,False,66
2020-02-27 07:00:00,10,49,False,59
2020-02-27 08:00:00,9,47,False,56
2020-02-27 09:00:00,9,50,False,59
2020-02-27 10:00:00,9,50,False,59
2020-02-27 11:00:00,9,45,False,54
2020-02-27 12:00:00,11,52,False,63
2020-02-27 13:00:00,11,64,False,75
2020-02-27 14:00:00,13,79,False,92
2020-02-27 15:00:00,13,80,False,93
2020-02-27 16:00:00,12,87,False,99
2020-02-27 17:00:00,13,85,False,98
2020-02-27 18:00:00,12,88,False,100
2020-02-27 19:00:00,13,91,False,104
2020-02-27 20:00:00,13,81,False,94
2020-02-27 21:00:00,13,80,False,93
2020-02-27 22:00:00,15,77,False,92
2020-02-27 23:00:00,16,76,False,92
2020-02-28 00:00:00,13,77,False,90
2020-02-28 01:00:00,11,73,False,84
2020-02-28 02:00:00,17,73,False,90
2020-02-28 03:00:00,16,70,False,86
2020-02-28 04:00:00,13,66,False,79
2020-02-28 05:00:00,14,62,False,76
2020-02-28 06:00:00,13,53,False,66
2020-02-28 07:00:00,10,47,False,57
2020-02-28 08:00:00,10,49,False,59
2020-02-28 09:00:00,8,50,False,58
2020-02-28 10:00:00,10,53,False,63
2020-02-28 11:00:00,10,50,False,60
2020-02-28 12:00:00,11,60,False,71
2020-02-28 13:00:00,11,73,False,84
2020-02-28 14:00:00,13,83,False,96
2020-02-28 15:00:00,11,83,False,94
2020-02-28 16:00:00,13,96,False,109
2020-02-28 17:00:00,12,90,False,102
2020-02-28 18:00:00,13,97,False,110
2020-02-28 19:00:00,14,100,False,114
2020-02-28 20:00:00,12,92,False,104
2020-02-28 21:00:00,15,86,False,101
2020-02-28 22:00:00,13,77,False,90
2020-02-28 23:00:00,14,72,False,86
2020-02-29 00:00:00,16,73,False,89
2020-02-29 01:00:00,15,79,False,94
2020-02-29 02:00:00,11,81,False,92
2020-02-29 03:00:00,15,77,False,92
2020-02-29 04:00:00,15,75,False,90
2020-02-29 05:00:00,17,65,False,82
2020-02-29 06:00:00,14,57,False,71
2020-02-29 07:00:00,13,53,False,66
2020-02-29 08:00:00,11,53,False,64
2020-02-29 09:00:00,9,48,False,57
2020-02-29 10:00:00,10,51,False,61
2020-02-29 11:00:00,10,45,False,55
2020-02-29 12:00:00,10,50,False,60
2020-02-29 13:00:00,11,54,False,65
2020-02-29 14:00:00,13,58,False,71
2020-02-29 15:00:00,12,60,False,72
2020-02-29 16:00:00,10,57,False,67
2020-02-29 17:00:00,11,57,False,68
2020-02-29 18:00:00,9,59,False,68
2020-02-29 19:00:00,10,62,False,72
2020-02-29 20:00:00,9,63,False,72
2020-02-29 21:00:00,11,59,False,70
2020-02-29 22:00:00,11,60,False,71
2020-02-29 23:00:00,14,71,False,85
2020-03-01 00:00:00,14,69,False,83
2020-03-01 01:00:00,15,72,False,87
2020-03-01 02:00:00,12,74,False,86
2020-03-01 03:00:00,14,71,False,85
2020-03-01 04:00:00,15,75,False,90
2020-03-01 05:00:00,16,75,False,91
2020-03-01 06:00:00,15,65,False,80
2020-03-01 07:00:00,11,50,False,61
2020-03-01 08:00:00,9,48,False,57
2020-03-01 09:00:00,8,47,False,55
2020-03-01 10:00:00,11,50,False,61
2020-03-01 11:00:00,10,50,False,60
2020-03-01 12:00:00,11,48,False,59
2020-03-01 13:00:00,11,50,False,61
2020-03-01 14:00:00,9,53,False,62
2020-03-01 15:00:00,11,56,False,67
2020-03-01 16:00:00,11,60,False,71
2020-03-01 17:00:00,11,56,False,67
2020-03-01 18:00:00,10,59,False,69
2020-03-01 19:00:00,11,55,False,66
2020-03-01 20:00:00,12,55,False,67
2020-03-01 21:00:00,11,57,False,68
2020-03-01 22:00:00,13,63,False,76
2020-03-01 23:00:00,14,62,False,76
2020-03-02 00:00:00,15,66,False,81
2020-03-02 01:00:00,14,68,False,82
2020-03-02 02:00:00,10,63,False,73
2020-03-02 03:00:00,13,63,False,76
2020-03-02 04:00:00,14,63,False,77
2020-03-02 05:00:00,11,54,False,65
2020-03-02 06:00:00,14,52,False,66
2020-03-02 07:00:00,9,48,False,57
2020-03-02 08:00:00,8,49,False,57
2020-03-02 09:00:00,8,49,False,57
2020-03-02 10:00:00,12,46,False,58
2020-03-02 11:00:00,13,45,False,58
2020-03-02 12:00:00,11,50,False,61
2020-03-02 13:00:00,11,58,False,69
2020-03-02 14:00:00,11,64,False,75
2020-03-02 15:00:00,12,75,False,87
2020-03-02 16:00:00,11,83,False,94
2020-03-02 17:00:00,13,76,False,89
2020-03-02 18:00:00,14,78,False,92
2020-03-02 19:00:00,12,81,False,93
2020-03-02 20:00:00,14,76,False,90
2020-03-02 21:00:00,15,74,False,89
2020-03-02 22:00:00,15,68,False,83
2020-03-02 23:00:00,18,70,False,88
2020-03-03 00:00:00,18,72,False,90
2020-03-03 01:00:00,14,73,False,87
2020-03-03 02:00:00,17,69,False,86
2020-03-03 03:00:00,13,68,False,81
2020-03-03 04:00:00,16,61,False,77
2020-03-03 05:00:00,22,62,False,84
2020-03-03 06:00:00,11,50,False,61
2020-03-03 07:00:00,10,48,False,58
2020-03-03 08:00:00,11,49,False,60
2020-03-03 09:00:00,14,48,False,62
2020-03-03 10:00:00,15,47,False,62
2020-03-03 11:00:00,18,47,False,65
2020-03-03 12:00:00,19,53,False,72
2020-03-03 13:00:00,23,63,False,86
2020-03-03 14:00:00,23,72,False,95
2020-03-03 15:00:00,27,77,False,104
2020-03-03 16:00:00,27,81,False,108
2020-03-03 17:00:00,28,80,False,108
2020-03-03 18:00:00,27,88,False,115
2020-03-03 19:00:00,30,82,False,112
2020-03-03 20:00:00,35,79,False,114
2020-03-03 21:00:00,40,80,False,120
2020-03-03 22:00:00,41,73,False,114
2020-03-03 23:00:00,41,71,False,112
2020-03-04 00:00:00,36,75,False,111
2020-03-04 00:00:00,36,75,False,111
2020-03-04 01:00:00,27,70,False,97
2020-03-04 02:00:00,28,76,False,104
2020-03-04 03:00:00,34,65,False,99
2020-03-04 04:00:00,29,64,False,93
2020-03-04 05:00:00,33,56,False,89
2020-03-04 06:00:00,32,55,False,87
2020-03-04 07:00:00,26,53,False,79
2020-03-04 08:00:00,23,52,False,75
2020-03-04 09:00:00,24,49,False,73
2020-03-04 10:00:00,25,45,False,70
2020-03-04 11:00:00,26,49,False,75
2020-03-04 12:00:00,24,56,False,80
2020-03-04 13:00:00,23,68,False,91
2020-03-04 14:00:00,26,74,False,100
2020-03-04 15:00:00,26,78,False,104
2020-03-04 16:00:00,26,86,False,112
2020-03-04 17:00:00,25,85,False,110
2020-03-04 18:00:00,24,88,False,112
2020-03-04 19:00:00,24,89,False,113
2020-03-04 20:00:00,25,74,False,99
2020-03-04 21:00:00,24,70,False,94
2020-03-04 22:00:00,24,75,False,99
2020-03-04 23:00:00,25,72,False,97
2020-03-05 00:00:00,26,74,False,100
2020-03-05 01:00:00,26,78,False,104
2020-03-05 02:00:00,27,77,False,104
2020-03-05 03:00:00,27,73,False,100
2020-03-05 04:00:00,26,65,False,91
2020-03-05 05:00:00,23,57,False,80
2020-03-05 06:00:00,21,53,False,74
2020-03-05 07:00:00,18,49,False,67
2020-03-05 08:00:00,15,47,False,62
2020-03-05 09:00:00,13,49,False,62
2020-03-05 10:00:00,15,45,False,60
2020-03-05 11:00:00,16,49,False,65
2020-03-05 12:00:00,17,56,False,73
2020-03-05 13:00:00,14,66,False,80
2020-03-05 14:00:00,16,79,False,95
2020-03-05 15:00:00,18,85,False,103
2020-03-05 16:00:00,19,81,False,100
2020-03-05 17:00:00,18,85,False,103
2020-03-05 18:00:00,19,84,False,103
2020-03-05 19:00:00,18,88,False,106
2020-03-05 20:00:00,19,85,False,104
2020-03-05 21:00:00,17,75,False,92
2020-03-05 22:00:00,18,76,False,94
2020-03-05 23:00:00,22,75,False,97
2020-03-06 00:00:00,21,71,False,92
2020-03-06 01:00:00,17,75,False,92
2020-03-06 02:00:00,18,78,False,96
2020-03-06 03:00:00,21,79,False,100
2020-03-06 04:00:00,17,64,False,81
2020-03-06 05:00:00,16,55,False,71
2020-03-06 06:00:00,15,50,False,65
2020-03-06 07:00:00,13,46,False,59
2020-03-06 08:00:00,10,51,False,61
2020-03-06 09:00:00,11,49,False,60
2020-03-06 10:00:00,11,50,False,61
2020-03-06 11:00:00,13,50,False,63
2020-03-06 12:00:00,14,54,False,68
2020-03-06 13:00:00,13,70,False,83
2020-03-06 14:00:00,13,81,False,94
2020-03-06 15:00:00,14,82,False,96
2020-03-06 16:00:00,12,91,False,103
2020-03-06 17:00:00,17,89,False,106
2020-03-06 18:00:00,14,96,False,110
2020-03-06 19:00:00,14,100,False,114
2020-03-06 20:00:00,14,88,False,102
2020-03-06 21:00:00,14,79,False,93
2020-03-06 22:00:00,16,74,False,90
2020-03-06 23:00:00,19,77,False,96
2020-03-07 00:00:00,17,69,False,86
2020-03-07 01:00:00,15,82,False,97
2020-03-07 02:00:00,18,78,False,96
2020-03-07 03:00:00,16,75,False,91
2020-03-07 04:00:00,15,73,False,88
2020-03-07 05:00:00,16,66,False,82
2020-03-07 06:00:00,14,60,False,74
2020-03-07 07:00:00,18,52,False,70
2020-03-07 08:00:00,10,47,False,57
2020-03-07 09:00:00,11,50,False,61
2020-03-07 10:00:00,9,47,False,56
2020-03-07 11:00:00,12,49,False,61
2020-03-07 12:00:00,11,48,False,59
2020-03-07 13:00:00,11,49,False,60
2020-03-07 14:00:00,14,52,False,66
2020-03-07 15:00:00,12,56,False,68
2020-03-07 16:00:00,14,58,False,72
2020-03-07 17:00:00,13,61,False,74
2020-03-07 18:00:00,13,62,False,75
2020-03-07 19:00:00,14,65,False,79
2020-03-07 20:00:00,12,63,False,75
2020-03-07 21:00:00,15,60,False,75
2020-03-07 22:00:00,16,59,False,75
2020-03-07 23:00:00,17,68,False,85
2020-03-08 00:00:00,16,71,False,87
2020-03-08 01:00:00,16,71,False,87
2020-03-08 02:00:00,16,80,False,96
2020-03-08 03:00:00,15,73,False,88
2020-03-08 04:00:00,17,70,False,87
2020-03-08 05:00:00,16,64,False,80
2020-03-08 06:00:00,15,55,False,70
2020-03-08 07:00:00,14,51,False,65
2020-03-08 08:00:00,13,45,False,58
2020-03-08 09:00:00,12,48,False,60
2020-03-08 10:00:00,12,49,False,61
2020-03-08 11:00:00,12,47,False,59
2020-03-08 12:00:00,12,50,False,62
2020-03-08 13:00:00,10,48,False,58
2020-03-08 14:00:00,11,52,False,63
2020-03-08 15:00:00,12,57,False,69
2020-03-08 16:00:00,12,57,False,69
2020-03-08 17:00:00,11,58,False,69
2020-03-08 18:00:00,12,55,False,67
2020-03-08 19:00:00,14,59,False,73
2020-03-08 20:00:00,12,53,False,65
2020-03-08 21:00:00,11,53,False,64
2020-03-08 22:00:00,14,55,False,69
2020-03-08 23:00:00,18,71,False,89
2020-03-09 00:00:00,16,70,False,86
2020-03-09 01:00:00,13,70,False,83
2020-03-09 02:00:00,17,65,False,82
2020-03-09 03:00:00,19,66,False,85
2020-03-09 04:00:00,17,62,False,79
2020-03-09 05:00:00,20,63,False,83
2020-03-09 06:00:00,17,50,False,67
2020-03-09 07:00:00,15,49,False,64
2020-03-09 08:00:00,14,48,False,62
2020-03-09 09:00:00,13,47,False,60
2020-03-09 10:00:00,12,46,False,58
2020-03-09 11:00:00,13,51,False,64
2020-03-09 12:00:00,14,56,False,70
2020-03-09 13:00:00,13,63,False,76
2020-03-09 14:00:00,16,69,False,85
2020-03-09 15:00:00,15,73,False,88
2020-03-09 16:00:00,15,75,False,90
2020-03-09 17:00:00,15,84,False,99
2020-03-09 18:00:00,14,80,False,94
2020-03-09 19:00:00,15,67,False,82
2020-03-09 20:00:00,15,62,False,77
2020-03-09 21:00:00,14,62,False,76
2020-03-09 22:00:00,16,63,False,79
2020-03-09 23:00:00,21,65,False,86
2020-03-10 00:00:00,17,64,False,81
2020-03-10 01:00:00,20,64,False,84
2020-03-10 02:00:00,17,66,False,83
2020-03-10 03:00:00,16,66,False,82
2020-03-10 04:00:00,18,57,False,75
2020-03-10 05:00:00,23,55,False,78
2020-03-10 06:00:00,16,47,False,63
2020-03-10 07:00:00,15,47,False,62
2020-03-10 08:00:00,11,45,False,56
2020-03-10 09:00:00,13,50,False,63
2020-03-10 10:00:00,17,47,False,64
2020-03-10 11:00:00,19,53,False,72
2020-03-10 12:00:00,20,63,False,83
2020-03-10 13:00:00,14,67,False,81
2020-03-10 14:00:00,17,72,False,89
2020-03-10 15:00:00,14,81,False,95
2020-03-10 16:00:00,17,73,False,90
2020-03-10 17:00:00,15,84,False,99
2020-03-10 18:00:00,18,87,False,105
2020-03-10 19:00:00,18,75,False,93
2020-03-10 20:00:00,17,72,False,89
2020-03-10 21:00:00,19,66,False,85
2020-03-10 22:00:00,18,68,False,86
2020-03-10 23:00:00,19,70,False,89
2020-03-11 00:00:00,19,67,False,86
2020-03-11 00:00:00,21,74,False,95
2020-03-11 01:00:00,18,78,False,96
2020-03-11 02:00:00,20,74,False,94
2020-03-11 03:00:00,17,78,False,95
2020-03-11 04:00:00,20,78,False,98
2020-03-11 05:00:00,20,61,False,81
2020-03-11 06:00:00,18,54,False,72
2020-03-11 07:00:00,14,57,False,71
2020-03-11 08:00:00,13,53,False,66
2020-03-11 09:00:00,14,47,False,61
2020-03-11 10:00:00,13,50,False,63
2020-03-11 11:00:00,12,62,False,74
2020-03-11 12:00:00,15,69,False,84
2020-03-11 13:00:00,14,79,False,93
2020-03-11 14:00:00,14,81,False,95
2020-03-11 15:00:00,14,82,False,96
2020-03-11 16:00:00,16,84,False,100
2020-03-11 17:00:00,16,100,False,116
2020-03-11 18:00:00,17,92,False,109
2020-03-11 19:00:00,14,79,False,93
2020-03-11 20:00:00,14,74,False,88
2020-03-11 21:00:00,16,72,False,88
2020-03-11 22:00:00,18,69,False,87
2020-03-11 23:00:00,19,76,False,95
2020-03-12 00:00:00,17,71,False,88
2020-03-12 01:00:00,17,73,False,90
2020-03-12 02:00:00,15,67,False,82
2020-03-12 03:00:00,16,70,False,86
2020-03-12 04:00:00,20,65,False,85
2020-03-12 05:00:00,17,55,False,72
2020-03-12 06:00:00,15,53,False,68
2020-03-12 07:00:00,12,49,False,61
2020-03-12 08:00:00,15,49,False,64
2020-03-12 09:00:00,11,47,False,58
2020-03-12 10:00:00,14,52,False,66
2020-03-12 11:00:00,18,59,False,77
2020-03-12 12:00:00,18,72,False,90
2020-03-12 13:00:00,21,79,False,100
2020-03-12 14:00:00,22,83,False,105
2020-03-12 15:00:00,21,89,False,110
2020-03-12 16:00:00,22,93,False,115
2020-03-12 17:00:00,21,99,False,120
2020-03-12 18:00:00,20,95,False,115
2020-03-12 19:00:00,20,89,False,109
2020-03-12 20:00:00,21,81,False,102
2020-03-12 21:00:00,21,81,False,102
2020-03-12 22:00:00,22,68,False,90
2020-03-12 23:00:00,33,76,False,109
2020-03-13 00:00:00,31,80,False,111
2020-03-13 01:00:00,32,82,False,114
2020-03-13 02:00:00,38,88,False,126
2020-03-13 03:00:00,30,78,False,108
2020-03-13 04:00:00,30,73,False,103
2020-03-13 05:00:00,24,62,False,86
2020-03-13 06:00:00,24,58,False,82
2020-03-13 07:00:00,19,49,False,68
2020-03-13 08:00:00,15,53,False,68
2020-03-13 09:00:00,15,52,False,67
2020-03-13 10:00:00,17,54,False,71
2020-03-13 11:00:00,16,62,False,78
2020-03-13 12:00:00,18,73,False,91
2020-03-13 13:00:00,20,83,False,103
2020-03-13 14:00:00,20,89,False,109
2020-03-13 15:00:00,20,86,False,106
2020-03-13 16:00:00,18,90,False,108
2020-03-13 17:00:00,19,94,False,113
2020-03-13 18:00:00,18,92,False,110
2020-03-13 19:00:00,19,81,False,100
2020-03-13 20:00:00,22,83,False,105
2020-03-13 21:00:00,22,82,False,104
2020-03-13 22:00:00,21,77,False,98
2020-03-13 23:00:00,29,79,False,108
2020-03-14 00:00:00,21,86,False,107
2020-03-14 01:00:00,23,81,False,104
2020-03-14 02:00:00,20,81,False,101
2020-03-14 03:00:00,24,89,False,113
2020-03-14 04:00:00,21,79,False,100
2020-03-14 05:00:00,19,71,False,90
2020-03-14 06:00:00,19,59,False,78
2020-03-14 07:00:00,18,48,False,66
2020-03-14 08:00:00,15,52,False,67
2020-03-14 09:00:00,14,51,False,65
2020-03-14 10:00:00,12,52,False,64
2020-03-14 11:00:00,14,49,False,63
2020-03-14 12:00:00,13,58,False,71
2020-03-14 13:00:00,17,56,False,73
2020-03-14 14:00:00,17,72,False,89
2020-03-14 15:00:00,17,67,False,84
2020-03-14 16:00:00,15,70,False,85
2020-03-14 17:00:00,16,65,False,81
2020-03-14 18:00:00,18,63,False,81
2020-03-14 19:00:00,16,66,False,82
2020-03-14 20:00:00,15,70,False,85
2020-03-14 21:00:00,16,66,False,82
2020-03-14 22:00:00,14,69,False,83
2020-03-14 23:00:00,22,71,False,93
2020-03-15 00:00:00,17,79,False,96
2020-03-15 01:00:00,17,80,False,97
2020-03-15 02:00:00,17,76,False,93
2020-03-15 03:00:00,19,80,False,99
2020-03-15 04:00:00,22,84,False,106
2020-03-15 05:00:00,17,73,False,90
2020-03-15 06:00:00,20,66,False,86
2020-03-15 07:00:00,14,55,False,69
2020-03-15 08:00:00,14,54,False,68
2020-03-15 09:00:00,13,52,False,65
2020-03-15 10:00:00,13,54,False,67
2020-03-15 11:00:00,14,55,False,69
2020-03-15 12:00:00,14,52,False,66
2020-03-15 13:00:00,14,54,False,68
2020-03-15 14:00:00,14,56,False,70
2020-03-15 15:00:00,14,65,False,79
2020-03-15 16:00:00,14,61,False,75
2020-03-15 17:00:00,13,66,False,79
2020-03-15 18:00:00,15,59,False,74
2020-03-15 19:00:00,17,54,False,71
2020-03-15 20:00:00,15,61,False,76
2020-03-15 21:00:00,16,62,False,78
2020-03-15 22:00:00,17,68,False,85
2020-03-15 23:00:00,19,70,False,89
2020-03-16 00:00:00,18,71,False,89
2020-03-16 01:00:00,18,78,False,96
2020-03-16 02:00:00,18,80,False,98
2020-03-16 03:00:00,18,71,False,89
2020-03-16 04:00:00,17,74,False,91
2020-03-16 05:00:00,16,59,False,75
2020-03-16 06:00:00,15,51,False,66
2020-03-16 07:00:00,12,53,False,65
2020-03-16 08:00:00,13,46,False,59
2020-03-16 09:00:00,12,46,False,58
2020-03-16 10:00:00,13,44,False,57
2020-03-16 11:00:00,15,48,False,63
2020-03-16 12:00:00,11,49,False,60
2020-03-16 13:00:00,15,56,False,71
2020-03-16 14:00:00,16,57,False,73
2020-03-16 15:00:00,17,58,False,75
2020-03-16 16:00:00,16,61,False,77
2020-03-16 17:00:00,17,63,False,80
2020-03-16 18:00:00,16,64,False,80
2020-03-16 19:00:00,16,59,False,75
2020-03-16 20:00:00,18,57,False,75
2020-03-16 21:00:00,16,57,False,73
2020-03-16 22:00:00,17,70,False,87
2020-03-16 23:00:00,20,69,False,89
2020-03-17 00:00:00,21,68,False,89
2020-03-17 01:00:00,19,73,False,92
2020-03-17 02:00:00,21,77,False,98
2020-03-17 03:00:00,21,70,False,91
2020-03-17 04:00:00,22,77,False,99
2020-03-17 05:00:00,27,65,False,92
2020-03-17 06:00:00,15,57,False,72
2020-03-17 07:00:00,14,49,False,63
2020-03-17 08:00:00,10,47,False,57
2020-03-17 09:00:00,11,49,False,60
2020-03-17 10:00:00,13,46,False,59
2020-03-17 11:00:00,13,47,False,60
2020-03-17 12:00:00,13,47,False,60
2020-03-17 13:00:00,11,53,False,64
2020-03-17 14:00:00,14,58,False,72
2020-03-17 15:00:00,14,62,False,76
2020-03-17 16:00:00,14,62,False,76
2020-03-17 17:00:00,16,62,False,78
2020-03-17 18:00:00,13,60,False,73
2020-03-17 19:00:00,15,60,False,75
2020-03-17 20:00:00,14,54,False,68
2020-03-17 21:00:00,14,62,False,76
2020-03-17 22:00:00,14,66,False,80
2020-03-17 23:00:00,20,66,False,86
2020-03-18 00:00:00,19,69,False,88
2020-03-18 00:00:00,12,47,False,59
2020-03-18 01:00:00,11,51,False,62
2020-03-18 02:00:00,12,49,False,61
2020-03-18 03:00:00,14,53,False,67
2020-03-18 04:00:00,14,51,False,65
2020-03-18 05:00:00,12,40,False,52
2020-03-18 06:00:00,9,39,False,48
2020-03-18 07:00:00,6,34,False,40
2020-03-18 08:00:00,8,33,False,41
2020-03-18 09:00:00,6,35,False,41
2020-03-18 10:00:00,6,35,False,41
2020-03-18 11:00:00,8,32,False,40
2020-03-18 12:00:00,9,32,False,41
2020-03-18 13:00:00,10,37,False,47
2020-03-18 14:00:00,9,39,False,48
2020-03-18 15:00:00,9,41,False,50
2020-03-18 16:00:00,9,39,False,48
2020-03-18 17:00:00,8,41,False,49
2020-03-18 18:00:00,11,40,False,51
2020-03-18 19:00:00,11,42,False,53
2020-03-18 20:00:00,11,42,False,53
2020-03-18 21:00:00,10,42,False,52
2020-03-18 22:00:00,10,48,False,58
2020-03-18 23:00:00,11,48,False,59
2020-03-19 00:00:00,13,53,False,66
2020-03-19 01:00:00,11,54,False,65
2020-03-19 02:00:00,13,52,False,65
2020-03-19 03:00:00,13,53,False,66
2020-03-19 04:00:00,13,52,False,65
2020-03-19 05:00:00,11,40,False,51
2020-03-19 06:00:00,10,39,False,49
2020-03-19 07:00:00,9,34,False,43
2020-03-19 08:00:00,8,36,False,44
2020-03-19 09:00:00,8,34,False,42
2020-03-19 10:00:00,9,34,False,43
2020-03-19 11:00:00,9,34,False,43
2020-03-19 12:00:00,10,31,False,41
2020-03-19 13:00:00,10,38,False,48
2020-03-19 14:00:00,9,40,False,49
2020-03-19 15:00:00,9,45,False,54
2020-03-19 16:00:00,13,42,False,55
2020-03-19 17:00:00,14,43,False,57
2020-03-19 18:00:00,13,43,False,56
2020-03-19 19:00:00,12,44,False,56
2020-03-19 20:00:00,11,42,False,53
2020-03-19 21:00:00,12,44,False,56
2020-03-19 22:00:00,13,44,False,57
2020-03-19 23:00:00,15,50,False,65
2020-03-20 00:00:00,13,50,False,63
2020-03-20 01:00:00,13,49,False,62
2020-03-20 02:00:00,15,50,False,65
2020-03-20 03:00:00,14,52,False,66
2020-03-20 04:00:00,13,51,False,64
2020-03-20 05:00:00,12,49,False,61
2020-03-20 06:00:00,10,39,False,49
2020-03-20 07:00:00,9,36,False,45
2020-03-20 08:00:00,10,38,False,48
2020-03-20 09:00:00,9,36,False,45
2020-03-20 10:00:00,9,34,False,43
2020-03-20 11:00:00,9,39,False,48
2020-03-20 12:00:00,9,35,False,44
2020-03-20 13:00:00,10,39,False,49
2020-03-20 14:00:00,12,40,False,52
2020-03-20 15:00:00,11,39,False,50
2020-03-20 16:00:00,10,41,False,51
2020-03-20 17:00:00,11,39,False,50
2020-03-20 18:00:00,9,39,False,48
2020-03-20 19:00:00,11,38,False,49
2020-03-20 20:00:00,10,39,False,49
2020-03-20 21:00:00,11,41,False,52
2020-03-20 22:00:00,10,45,False,55
2020-03-20 23:00:00,12,44,False,56
2020-03-21 00:00:00,11,48,False,59
2020-03-21 01:00:00,13,51,False,64
2020-03-21 02:00:00,13,52,False,65
2020-03-21 03:00:00,13,57,False,70
2020-03-21 04:00:00,11,51,False,62
2020-03-21 05:00:00,9,49,False,58
2020-03-21 06:00:00,10,42,False,52
2020-03-21 07:00:00,10,36,False,46
2020-03-21 08:00:00,7,37,False,44
2020-03-21 09:00:00,8,35,False,43
2020-03-21 10:00:00,9,35,False,44
2020-03-21 11:00:00,8,100,False,108
2020-03-21 12:00:00,7,40,False,47
2020-03-21 13:00:00,8,34,False,42
2020-03-21 14:00:00,10,39,False,49
2020-03-21 15:00:00,11,40,False,51
2020-03-21 16:00:00,9,41,False,50
2020-03-21 17:00:00,9,43,False,52
2020-03-21 18:00:00,8,45,False,53
2020-03-21 19:00:00,8,43,False,51
2020-03-21 20:00:00,10,39,False,49
2020-03-21 21:00:00,8,42,False,50
2020-03-21 22:00:00,9,42,False,51
2020-03-21 23:00:00,12,46,False,58
2020-03-22 00:00:00,12,56,False,68
2020-03-22 01:00:00,11,59,False,70
2020-03-22 02:00:00,11,53,False,64
2020-03-22 03:00:00,11,51,False,62
2020-03-22 04:00:00,10,52,False,62
2020-03-22 05:00:00,14,48,False,62
2020-03-22 06:00:00,10,46,False,56
2020-03-22 07:00:00,9,42,False,51
2020-03-22 08:00:00,8,35,False,43
2020-03-22 09:00:00,8,35,False,43
2020-03-22 10:00:00,7,37,False,44
2020-03-22 11:00:00,8,36,False,44
2020-03-22 12:00:00,8,35,False,43
2020-03-22 13:00:00,10,34,False,44
2020-03-22 14:00:00,8,37,False,45
2020-03-22 15:00:00,9,40,False,49
2020-03-22 16:00:00,9,41,False,50
2020-03-22 17:00:00,8,37,False,45
2020-03-22 18:00:00,8,39,False,47
2020-03-22 19:00:00,8,40,False,48
2020-03-22 20:00:00,8,41,False,49
2020-03-22 21:00:00,9,41,False,50
2020-03-22 22:00:00,8,44,False,52
2020-03-22 23:00:00,11,48,False,59
2020-03-23 00:00:00,10,47,False,57
2020-03-23 01:00:00,10,51,False,61
2020-03-23 02:00:00,11,53,False,64
2020-03-23 03:00:00,10,53,False,63
2020-03-23 04:00:00,11,54,False,65
2020-03-23 05:00:00,10,43,False,53
2020-03-23 06:00:00,9,41,False,50
2020-03-23 07:00:00,8,36,False,44
2020-03-23 08:00:00,7,36,False,43
2020-03-23 09:00:00,6,33,False,39
2020-03-23 10:00:00,6,31,False,37
2020-03-23 11:00:00,7,30,False,37
2020-03-23 12:00:00,7,33,False,40
2020-03-23 13:00:00,8,33,False,41
2020-03-23 14:00:00,9,38,False,47
2020-03-23 15:00:00,10,41,False,51
2020-03-23 16:00:00,10,40,False,50
2020-03-23 17:00:00,10,40,False,50
2020-03-23 18:00:00,9,40,False,49
2020-03-23 19:00:00,9,38,False,47
2020-03-23 20:00:00,10,37,False,47
2020-03-23 21:00:00,10,41,False,51
2020-03-23 22:00:00,11,45,False,56
2020-03-23 23:00:00,12,47,False,59
2020-03-24 00:00:00,13,48,False,61
2020-03-24 01:00:00,13,46,False,59
2020-03-24 02:00:00,13,50,False,63
2020-03-24 03:00:00,12,50,False,62
2020-03-24 04:00:00,12,53,False,65
2020-03-24 05:00:00,15,51,False,66
2020-03-24 06:00:00,10,40,False,50
2020-03-24 07:00:00,8,36,False,44
2020-03-24 08:00:00,7,34,False,41
2020-03-24 09:00:00,8,38,False,46
2020-03-24 10:00:00,7,32,False,39
2020-03-24 11:00:00,9,31,False,40
2020-03-24 12:00:00,7,31,False,38
2020-03-24 13:00:00,9,34,False,43
2020-03-24 14:00:00,11,37,False,48
2020-03-24 15:00:00,12,42,False,54
2020-03-24 16:00:00,9,39,False,48
2020-03-24 17:00:00,10,45,False,55
2020-03-24 18:00:00,11,43,False,54
2020-03-24 19:00:00,10,39,False,49
2020-03-24 20:00:00,12,43,False,55
2020-03-24 21:00:00,10,44,False,54
2020-03-24 22:00:00,12,45,False,57
2020-03-24 23:00:00,14,49,False,63
2020-03-25 00:00:00,12,50,False,62
2020-03-25 00:00:00,9,37,False,46
2020-03-25 01:00:00,9,36,False,45
2020-03-25 02:00:00,8,38,False,46
2020-03-25 03:00:00,10,37,False,47
2020-03-25 04:00:00,9,38,False,47
2020-03-25 05:00:00,9,34,False,43
2020-03-25 06:00:00,8,30,False,38
2020-03-25 07:00:00,7,27,False,34
2020-03-25 08:00:00,6,26,False,32
2020-03-25 09:00:00,6,27,False,33
2020-03-25 10:00:00,6,25,False,31
2020-03-25 11:00:00,6,25,False,31
2020-03-25 12:00:00,6,24,False,30
2020-03-25 13:00:00,6,25,False,31
2020-03-25 14:00:00,6,27,False,33
2020-03-25 15:00:00,7,28,False,35
2020-03-25 16:00:00,7,30,False,37
2020-03-25 17:00:00,7,30,False,37
2020-03-25 18:00:00,8,29,False,37
2020-03-25 19:00:00,8,29,False,37
2020-03-25 20:00:00,7,37,False,44
2020-03-25 21:00:00,6,100,False,106
2020-03-25 22:00:00,8,40,False,48
2020-03-25 23:00:00,7,36,False,43
2020-03-26 00:00:00,8,35,False,43
2020-03-26 01:00:00,10,34,False,44
2020-03-26 02:00:00,9,39,False,48
2020-03-26 03:00:00,9,37,False,46
2020-03-26 04:00:00,10,34,False,44
2020-03-26 05:00:00,10,32,False,42
2020-03-26 06:00:00,8,25,False,33
2020-03-26 07:00:00,6,25,False,31
2020-03-26 08:00:00,6,26,False,32
2020-03-26 09:00:00,5,26,False,31
2020-03-26 10:00:00,6,24,False,30
2020-03-26 11:00:00,6,23,False,29
2020-03-26 12:00:00,6,25,False,31
2020-03-26 13:00:00,7,27,False,34
2020-03-26 14:00:00,7,29,False,36
2020-03-26 15:00:00,7,29,False,36
2020-03-26 16:00:00,8,29,False,37
2020-03-26 17:00:00,8,33,False,41
2020-03-26 18:00:00,8,30,False,38
2020-03-26 19:00:00,8,29,False,37
2020-03-26 20:00:00,8,29,False,37
2020-03-26 21:00:00,8,32,False,40
2020-03-26 22:00:00,9,31,False,40
2020-03-26 23:00:00,10,33,False,43
2020-03-27 00:00:00,10,37,False,47
2020-03-27 01:00:00,10,34,False,44
2020-03-27 02:00:00,11,37,False,48
2020-03-27 03:00:00,8,37,False,45
2020-03-27 04:00:00,9,36,False,45
2020-03-27 05:00:00,8,33,False,41
2020-03-27 06:00:00,7,28,False,35
2020-03-27 07:00:00,5,27,False,32
2020-03-27 08:00:00,6,26,False,32
2020-03-27 09:00:00,5,24,False,29
2020-03-27 10:00:00,6,25,False,31
2020-03-27 11:00:00,5,26,False,31
2020-03-27 12:00:00,5,25,False,30
2020-03-27 13:00:00,7,26,False,33
2020-03-27 14:00:00,7,28,False,35
2020-03-27 15:00:00,7,30,False,37
2020-03-27 16:00:00,6,31,False,37
2020-03-27 17:00:00,7,29,False,36
2020-03-27 18:00:00,6,31,False,37
2020-03-27 19:00:00,7,31,False,38
2020-03-27 20:00:00,7,30,False,37
2020-03-27 21:00:00,7,26,False,33
2020-03-27 22:00:00,7,34,False,41
2020-03-27 23:00:00,8,34,False,42
2020-03-28 00:00:00,11,30,False,41
2020-03-28 01:00:00,9,38,False,47
2020-03-28 02:00:00,9,35,False,44
2020-03-28 03:00:00,9,35,False,44
2020-03-28 04:00:00,9,37,False,46
2020-03-28 05:00:00,8,34,False,42
2020-03-28 06:00:00,7,31,False,38
2020-03-28 07:00:00,7,27,False,34
2020-03-28 08:00:00,6,27,False,33
2020-03-28 09:00:00,7,23,False,30
2020-03-28 10:00:00,6,25,False,31
2020-03-28 11:00:00,7,24,False,31
2020-03-28 12:00:00,6,25,False,31
2020-03-28 13:00:00,6,24,False,30
2020-03-28 14:00:00,7,26,False,33
2020-03-28 15:00:00,7,26,False,33
2020-03-28 16:00:00,7,32,False,39
2020-03-28 17:00:00,7,29,False,36
2020-03-28 18:00:00,6,30,False,36
2020-03-28 19:00:00,7,30,False,37
2020-03-28 20:00:00,7,31,False,38
2020-03-28 21:00:00,7,32,False,39
2020-03-28 22:00:00,7,35,False,42
2020-03-28 23:00:00,9,35,False,44
2020-03-29 00:00:00,8,32,False,40
2020-03-29 01:00:00,9,36,False,45
2020-03-29 02:00:00,8,41,False,49
2020-03-29 03:00:00,9,44,False,53
2020-03-29 04:00:00,8,39,False,47
2020-03-29 05:00:00,9,35,False,44
2020-03-29 06:00:00,7,27,False,34
2020-03-29 07:00:00,6,28,False,34
2020-03-29 08:00:00,7,29,False,36
2020-03-29 09:00:00,5,25,False,30
2020-03-29 10:00:00,7,24,False,31
2020-03-29 11:00:00,6,23,False,29
2020-03-29 12:00:00,6,25,False,31
2020-03-29 13:00:00,7,26,False,33
2020-03-29 14:00:00,6,26,False,32
2020-03-29 15:00:00,7,28,False,35
2020-03-29 16:00:00,6,27,False,33
2020-03-29 17:00:00,5,28,False,33
2020-03-29 18:00:00,5,29,False,34
2020-03-29 19:00:00,6,31,False,37
2020-03-29 20:00:00,6,30,False,36
2020-03-29 21:00:00,7,29,False,36
2020-03-29 22:00:00,7,31,False,38
2020-03-29 23:00:00,9,34,False,43
2020-03-30 00:00:00,8,33,False,41
2020-03-30 01:00:00,7,35,False,42
2020-03-30 02:00:00,8,36,False,44
2020-03-30 03:00:00,9,33,False,42
2020-03-30 04:00:00,7,33,False,40
2020-03-30 05:00:00,8,32,False,40
2020-03-30 06:00:00,6,28,False,34
2020-03-30 07:00:00,6,25,False,31
2020-03-30 08:00:00,6,25,False,31
2020-03-30 09:00:00,5,25,False,30
2020-03-30 10:00:00,6,24,False,30
2020-03-30 11:00:00,6,23,False,29
2020-03-30 12:00:00,6,24,False,30
2020-03-30 13:00:00,6,25,False,31
2020-03-30 14:00:00,5,27,False,32
2020-03-30 15:00:00,7,28,False,35
2020-03-30 16:00:00,7,29,False,36
2020-03-30 17:00:00,7,30,False,37
2020-03-30 18:00:00,6,31,False,37
2020-03-30 19:00:00,7,30,False,37
2020-03-30 20:00:00,7,28,False,35
2020-03-30 21:00:00,8,30,False,38
2020-03-30 22:00:00,11,32,False,43
2020-03-30 23:00:00,7,33,False,40
2020-03-31 00:00:00,9,33,False,42
2020-03-31 01:00:00,8,35,False,43
2020-03-31 02:00:00,9,34,False,43
2020-03-31 03:00:00,9,36,False,45
2020-03-31 04:00:00,8,35,False,43
2020-03-31 05:00:00,14,34,False,48
2020-03-31 06:00:00,6,28,False,34
2020-03-31 07:00:00,6,27,False,33
2020-03-31 08:00:00,5,26,False,31
2020-03-31 09:00:00,5,25,False,30
2020-03-31 10:00:00,6,26,False,32
2020-03-31 11:00:00,6,25,False,31
2020-03-31 12:00:00,6,23,False,29
2020-03-31 13:00:00,7,25,False,32
2020-03-31 14:00:00,7,27,False,34
2020-03-31 15:00:00,7,29,False,36
2020-03-31 16:00:00,7,30,False,37
2020-03-31 17:00:00,6,30,False,36
2020-03-31 18:00:00,7,29,False,36
2020-03-31 19:00:00,7,28,False,35
2020-03-31 20:00:00,7,32,False,39
2020-03-31 21:00:00,6,31,False,37
2020-03-31 22:00:00,9,33,False,42
2020-03-31 23:00:00,7,33,False,40
2020-04-01 00:00:00,8,32,False,40
2020-04-01 00:00:00,20,82,False,102
2020-04-01 01:00:00,22,88,False,110
2020-04-01 02:00:00,22,89,False,111
2020-04-01 03:00:00,18,89,False,107
2020-04-01 04:00:00,27,89,False,116
2020-04-01 05:00:00,21,80,False,101
2020-04-01 06:00:00,18,75,False,93
2020-04-01 07:00:00,14,68,False,82
2020-04-01 08:00:00,16,67,False,83
2020-04-01 09:00:00,15,66,False,81
2020-04-01 10:00:00,17,62,False,79
2020-04-01 11:00:00,15,59,False,74
2020-04-01 12:00:00,14,58,False,72
2020-04-01 13:00:00,15,61,False,76
2020-04-01 14:00:00,17,69,False,86
2020-04-01 15:00:00,16,71,False,87
2020-04-01 16:00:00,19,75,False,94
2020-04-01 17:00:00,16,74,False,90
2020-04-01 18:00:00,13,77,False,90
2020-04-01 19:00:00,16,70,False,86
2020-04-01 20:00:00,16,75,False,91
2020-04-01 21:00:00,18,81,False,99
2020-04-01 22:00:00,23,81,False,104
2020-04-01 23:00:00,22,83,False,105
2020-04-02 00:00:00,25,91,False,116
2020-04-02 01:00:00,24,90,False,114
2020-04-02 02:00:00,24,92,False,116
2020-04-02 03:00:00,22,92,False,114
2020-04-02 04:00:00,23,80,False,103
2020-04-02 05:00:00,17,79,False,96
2020-04-02 06:00:00,18,69,False,87
2020-04-02 07:00:00,17,66,False,83
2020-04-02 08:00:00,16,66,False,82
2020-04-02 09:00:00,14,61,False,75
2020-04-02 10:00:00,14,61,False,75
2020-04-02 11:00:00,14,59,False,73
2020-04-02 12:00:00,16,61,False,77
2020-04-02 13:00:00,15,66,False,81
2020-04-02 14:00:00,18,68,False,86
2020-04-02 15:00:00,19,73,False,92
2020-04-02 16:00:00,20,75,False,95
2020-04-02 17:00:00,20,81,False,101
2020-04-02 18:00:00,16,73,False,89
2020-04-02 19:00:00,18,76,False,94
2020-04-02 20:00:00,18,68,False,86
2020-04-02 21:00:00,18,75,False,93
2020-04-02 22:00:00,23,86,False,109
2020-04-02 23:00:00,24,90,False,114
2020-04-03 00:00:00,25,84,False,109
2020-04-03 01:00:00,20,83,False,103
2020-04-03 02:00:00,21,91,False,112
2020-04-03 03:00:00,22,90,False,112
2020-04-03 04:00:00,22,82,False,104
2020-04-03 05:00:00,23,76,False,99
2020-04-03 06:00:00,17,72,False,89
2020-04-03 07:00:00,15,64,False,79
2020-04-03 08:00:00,14,63,False,77
2020-04-03 09:00:00,13,62,False,75
2020-04-03 10:00:00,17,56,False,73
2020-04-03 11:00:00,17,60,False,77
2020-04-03 12:00:00,14,60,False,74
2020-04-03 13:00:00,18,68,False,86
2020-04-03 14:00:00,15,70,False,85
2020-04-03 15:00:00,18,75,False,93
2020-04-03 16:00:00,15,78,False,93
2020-04-03 17:00:00,15,77,False,92
2020-04-03 18:00:00,17,81,False,98
2020-04-03 19:00:00,18,81,False,99
2020-04-03 20:00:00,15,76,False,91
2020-04-03 21:00:00,15,75,False,90
2020-04-03 22:00:00,23,82,False,105
2020-04-03 23:00:00,21,76,False,97
2020-04-04 00:00:00,20,91,False,111
2020-04-04 01:00:00,20,89,False,109
2020-04-04 02:00:00,19,90,False,109
2020-04-04 03:00:00,20,95,False,115
2020-04-04 04:00:00,20,84,False,104
2020-04-04 05:00:00,21,86,False,107
2020-04-04 06:00:00,22,81,False,103
2020-04-04 07:00:00,16,67,False,83
2020-04-04 08:00:00,18,69,False,87
2020-04-04 09:00:00,17,64,False,81
2020-04-04 10:00:00,16,63,False,79
2020-04-04 11:00:00,17,59,False,76
2020-04-04 12:00:00,16,63,False,79
2020-04-04 13:00:00,17,65,False,82
2020-04-04 14:00:00,17,72,False,89
2020-04-04 15:00:00,16,73,False,89
2020-04-04 16:00:00,15,75,False,90
2020-04-04 17:00:00,19,74,False,93
2020-04-04 18:00:00,18,76,False,94
2020-04-04 19:00:00,13,76,False,89
2020-04-04 20:00:00,18,79,False,97
2020-04-04 21:00:00,19,81,False,100
2020-04-04 22:00:00,23,86,False,109
2020-04-04 23:00:00,21,81,False,102
2020-04-05 00:00:00,18,87,False,105
2020-04-05 01:00:00,23,100,False,123
2020-04-05 02:00:00,21,93,False,114
2020-04-05 03:00:00,20,93,False,113
2020-04-05 04:00:00,18,87,False,105
2020-04-05 05:00:00,16,83,False,99
2020-04-05 06:00:00,15,76,False,91
2020-04-05 07:00:00,14,72,False,86
2020-04-05 08:00:00,16,67,False,83
2020-04-05 09:00:00,15,78,False,93
2020-04-05 10:00:00,14,72,False,86
2020-04-05 11:00:00,17,55,False,72
2020-04-05 12:00:00,15,64,False,79
2020-04-05 13:00:00,16,65,False,81
2020-04-05 14:00:00,17,61,False,78
2020-04-05 15:00:00,19,69,False,88
2020-04-05 16:00:00,15,71,False,86
2020-04-05 17:00:00,14,77,False,91
2020-04-05 18:00:00,16,71,False,87
2020-04-05 19:00:00,13,77,False,90
2020-04-05 20:00:00,15,66,False,81
2020-04-05 21:00:00,19,75,False,94
2020-04-05 22:00:00,21,81,False,102
2020-04-05 23:00:00,19,80,False,99
2020-04-06 00:00:00,18,79,False,97
2020-04-06 01:00:00,19,87,False,106
2020-04-06 02:00:00,20,91,False,111
2020-04-06 03:00:00,15,84,False,99
2020-04-06 04:00:00,20,75,False,95
2020-04-06 05:00:00,19,72,False,91
2020-04-06 06:00:00,17,64,False,81
2020-04-06 07:00:00,13,61,False,74
2020-04-06 08:00:00,16,63,False,79
2020-04-06 09:00:00,14,56,False,70
2020-04-06 10:00:00,15,55,False,70
2020-04-06 11:00:00,14,61,False,75
2020-04-06 12:00:00,17,54,False,71
2020-04-06 13:00:00,19,61,False,80
2020-04-06 14:00:00,19,65,False,84
2020-04-06 15:00:00,18,71,False,89
2020-04-06 16:00:00,19,80,False,99
2020-04-06 17:00:00,24,77,False,101
2020-04-06 18:00:00,22,75,False,97
2020-04-06 19:00:00,23,80,False,103
2020-04-06 20:00:00,24,76,False,100
2020-04-06 21:00:00,23,76,False,99
2020-04-06 22:00:00,28,76,False,104
2020-04-06 23:00:00,28,77,False,105
2020-04-07 00:00:00,32,87,False,119
2020-04-07 01:00:00,31,87,False,118
2020-04-07 02:00:00,26,88,False,114
2020-04-07 03:00:00,26,93,False,119
2020-04-07 04:00:00,22,74,False,96
2020-04-07 05:00:00,33,80,False,113
2020-04-07 06:00:00,17,71,False,88
2020-04-07 07:00:00,16,66,False,82
2020-04-07 08:00:00,16,62,False,78
2020-04-07 09:00:00,17,58,False,75
2020-04-07 10:00:00,17,57,False,74
2020-04-07 11:00:00,19,54,False,73
2020-04-07 12:00:00,19,59,False,78
2020-04-07 13:00:00,19,65,False,84
2020-04-07 14:00:00,18,67,False,85
2020-04-07 15:00:00,21,69,False,90
2020-04-07 16:00:00,22,74,False,96
2020-04-07 17:00:00,21,79,False,100
2020-04-07 18:00:00,19,78,False,97
2020-04-07 19:00:00,21,71,False,92
2020-04-07 20:00:00,21,84,False,105
2020-04-07 21:00:00,20,77,False,97
2020-04-07 22:00:00,21,78,False,99
2020-04-07 23:00:00,27,80,False,107
2020-04-08 00:00:00,23,78,False,101
2020-04-08 00:00:00,24,79,False,103
2020-04-08 01:00:00,21,86,False,107
2020-04-08 02:00:00,25,89,False,114
2020-04-08 03:00:00,29,89,False,118
2020-04-08 04:00:00,26,86,False,112
2020-04-08 05:00:00,25,74,False,99
2020-04-08 06:00:00,20,67,False,87
2020-04-08 07:00:00,16,61,False,77
2020-04-08 08:00:00,15,60,False,75
2020-04-08 09:00:00,11,61,False,72
2020-04-08 10:00:00,14,59,False,73
2020-04-08 11:00:00,18,55,False,73
2020-04-08 12:00:00,15,54,False,69
2020-04-08 13:00:00,18,65,False,83
2020-04-08 14:00:00,17,72,False,89
2020-04-08 15:00:00,16,71,False,87
2020-04-08 16:00:00,17,72,False,89
2020-04-08 17:00:00,19,79,False,98
2020-04-08 18:00:00,21,74,False,95
2020-04-08 19:00:00,21,73,False,94
2020-04-08 20:00:00,20,78,False,98
2020-04-08 21:00:00,22,80,False,102
2020-04-08 22:00:00,24,81,False,105
2020-04-08 23:00:00,22,87,False,109
2020-04-09 00:00:00,23,96,False,119
2020-04-09 01:00:00,24,94,False,118
2020-04-09 02:00:00,22,100,False,122
2020-04-09 03:00:00,25,98,False,123
2020-04-09 04:00:00,26,95,False,121
2020-04-09 05:00:00,20,87,False,107
2020-04-09 06:00:00,20,71,False,91
2020-04-09 07:00:00,16,64,False,80
2020-04-09 08:00:00,16,59,False,75
2020-04-09 09:00:00,13,56,False,69
2020-04-09 10:00:00,13,58,False,71
2020-04-09 11:00:00,15,57,False,72
2020-04-09 12:00:00,17,61,False,78
2020-04-09 13:00:00,21,61,False,82
2020-04-09 14:00:00,19,71,False,90
2020-04-09 15:00:00,18,74,False,92
2020-04-09 16:00:00,19,84,False,103
2020-04-09 17:00:00,22,76,False,98
2020-04-09 18:00:00,20,79,False,99
2020-04-09 19:00:00,19,75,False,94
2020-04-09 20:00:00,20,78,False,98
2020-04-09 21:00:00,24,83,False,107
2020-04-09 22:00:00,27,79,False,106
2020-04-09 23:00:00,30,84,False,114
2020-04-10 00:00:00,21,89,False,110
2020-04-10 01:00:00,29,91,False,120
2020-04-10 02:00:00,23,93,False,116
2020-04-10 03:00:00,26,86,False,112
2020-04-10 04:00:00,25,93,False,118
2020-04-10 05:00:00,24,71,False,95
2020-04-10 06:00:00,16,74,False,90
2020-04-10 07:00:00,17,67,False,84
2020-04-10 08:00:00,16,61,False,77
2020-04-10 09:00:00,15,60,False,75
2020-04-10 10:00:00,14,65,False,79
2020-04-10 11:00:00,16,64,False,80
2020-04-10 12:00:00,14,59,False,73
2020-04-10 13:00:00,20,70,False,90
2020-04-10 14:00:00,18,68,False,86
2020-04-10 15:00:00,18,75,False,93
2020-04-10 16:00:00,19,81,False,100
2020-04-10 17:00:00,19,82,False,101
2020-04-10 18:00:00,17,87,False,104
2020-04-10 19:00:00,23,82,False,105
2020-04-10 20:00:00,20,87,False,107
2020-04-10 21:00:00,21,78,False,99
2020-04-10 22:00:00,24,85,False,109
2020-04-10 23:00:00,25,86,False,111
2020-04-11 00:00:00,21,92,False,113
2020-04-11 01:00:00,21,92,False,113
2020-04-11 02:00:00,23,96,False,119
2020-04-11 03:00:00,25,94,False,119
2020-04-11 04:00:00,26,91,False,117
2020-04-11 05:00:00,24,78,False,102
2020-04-11 06:00:00,18,79,False,97
2020-04-11 07:00:00,20,69,False,89
2020-04-11 08:00:00,17,74,False,91
2020-04-11 09:00:00,17,66,False,83
2020-04-11 10:00:00,15,66,False,81
2020-04-11 11:00:00,18,64,False,82
2020-04-11 12:00:00,15,63,False,78
2020-04-11 13:00:00,18,68,False,86
2020-04-11 14:00:00,19,73,False,92
2020-04-11 15:00:00,19,76,False,95
2020-04-11 16:00:00,18,78,False,96
2020-04-11 17:00:00,18,75,False,93
2020-04-11 18:00:00,16,74,False,90
2020-04-11 19:00:00,16,76,False,92
2020-04-11 20:00:00,18,80,False,98
2020-04-11 21:00:00,19,76,False,95
2020-04-11 22:00:00,20,85,False,105
2020-04-11 23:00:00,20,84,False,104
2020-04-12 00:00:00,22,92,False,114
2020-04-12 01:00:00,17,94,False,111
2020-04-12 02:00:00,22,93,False,115
2020-04-12 03:00:00,20,92,False,112
2020-04-12 04:00:00,18,89,False,107
2020-04-12 05:00:00,19,79,False,98
2020-04-12 06:00:00,21,69,False,90
2020-04-12 07:00:00,12,76,False,88
2020-04-12 08:00:00,14,69,False,83
2020-04-12 09:00:00,14,69,False,83
2020-04-12 10:00:00,16,68,False,84
2020-04-12 11:00:00,16,65,False,81
2020-04-12 12:00:00,17,71,False,88
2020-04-12 13:00:00,17,65,False,82
2020-04-12 14:00:00,18,68,False,86
2020-04-12 15:00:00,17,77,False,94
2020-04-12 16:00:00,17,83,False,100
2020-04-12 17:00:00,18,77,False,95
2020-04-12 18:00:00,20,78,False,98
2020-04-12 19:00:00,19,80,False,99
2020-04-12 20:00:00,19,83,False,102
2020-04-12 21:00:00,19,72,False,91
2020-04-12 22:00:00,22,80,False,102
2020-04-12 23:00:00,23,84,False,107
2020-04-13 00:00:00,19,83,False,102
2020-04-13 01:00:00,18,79,False,97
2020-04-13 02:00:00,19,90,False,109
2020-04-13 03:00:00,20,81,False,101
2020-04-13 04:00:00,21,84,False,105
2020-04-13 05:00:00,21,76,False,97
2020-04-13 06:00:00,17,69,False,86
2020-04-13 07:00:00,17,67,False,84
2020-04-13 08:00:00,14,60,False,74
2020-04-13 09:00:00,14,61,False,75
2020-04-13 10:00:00,12,63,False,75
2020-04-13 11:00:00,18,61,False,79
2020-04-13 12:00:00,17,66,False,83
2020-04-13 13:00:00,17,64,False,81
2020-04-13 14:00:00,18,70,False,88
2020-04-13 15:00:00,16,79,False,95
2020-04-13 16:00:00,18,71,False,89
2020-04-13 17:00:00,19,77,False,96
2020-04-13 18:00:00,16,74,False,90
2020-04-13 19:00:00,17,76,False,93
2020-04-13 20:00:00,17,73,False,90
2020-04-13 21:00:00,20,76,False,96
2020-04-13 22:00:00,19,77,False,96
2020-04-13 23:00:00,21,82,False,103
2020-04-14 00:00:00,22,83,False,105
2020-04-14 01:00:00,21,86,False,107
2020-04-14 02:00:00,23,79,False,102
2020-04-14 03:00:00,20,83,False,103
2020-04-14 04:00:00,25,80,False,105
2020-04-14 05:00:00,27,72,False,99
2020-04-14 06:00:00,17,72,False,89
2020-04-14 07:00:00,14,56,False,70
2020-04-14 08:00:00,13,60,False,73
2020-04-14 09:00:00,14,57,False,71
2020-04-14 10:00:00,15,62,False,77
2020-04-14 11:00:00,18,56,False,74
2020-04-14 12:00:00,13,59,False,72
2020-04-14 13:00:00,14,63,False,77
2020-04-14 14:00:00,16,69,False,85
2020-04-14 15:00:00,17,73,False,90
2020-04-14 16:00:00,15,74,False,89
2020-04-14 17:00:00,17,77,False,94
2020-04-14 18:00:00,17,82,False,99
2020-04-14 19:00:00,19,74,False,93
2020-04-14 20:00:00,19,76,False,95
2020-04-14 21:00:00,20,82,False,102
2020-04-14 22:00:00,21,85,False,106
2020-04-14 23:00:00,25,85,False,110
2020-04-15 00:00:00,20,83,False,103
2020-04-15 00:00:00,20,80,False,100
2020-04-15 01:00:00,23,85,False,108
2020-04-15 02:00:00,21,88,False,109
2020-04-15 03:00:00,21,82,False,103
2020-04-15 04:00:00,24,75,False,99
2020-04-15 05:00:00,23,70,False,93
2020-04-15 06:00:00,17,65,False,82
2020-04-15 07:00:00,17,64,False,81
2020-04-15 08:00:00,16,60,False,76
2020-04-15 09:00:00,16,64,False,80
2020-04-15 10:00:00,15,60,False,75
2020-04-15 11:00:00,17,60,False,77
2020-04-15 12:00:00,16,56,False,72
2020-04-15 13:00:00,17,62,False,79
2020-04-15 14:00:00,17,71,False,88
2020-04-15 15:00:00,15,72,False,87
2020-04-15 16:00:00,19,71,False,90
2020-04-15 17:00:00,15,80,False,95
2020-04-15 18:00:00,15,77,False,92
2020-04-15 19:00:00,17,83,False,100
2020-04-15 20:00:00,18,76,False,94
2020-04-15 21:00:00,20,78,False,98
2020-04-15 22:00:00,18,80,False,98
2020-04-15 23:00:00,24,81,False,105
2020-04-16 00:00:00,23,86,False,109
2020-04-16 01:00:00,23,87,False,110
2020-04-16 02:00:00,22,90,False,112
2020-04-16 03:00:00,20,83,False,103
2020-04-16 04:00:00,20,80,False,100
2020-04-16 05:00:00,23,71,False,94
2020-04-16 06:00:00,17,60,False,77
2020-04-16 07:00:00,14,66,False,80
2020-04-16 08:00:00,17,58,False,75
2020-04-16 09:00:00,16,57,False,73
2020-04-16 10:00:00,14,57,False,71
2020-04-16 11:00:00,17,59,False,76
2020-04-16 12:00:00,17,58,False,75
2020-04-16 13:00:00,20,62,False,82
2020-04-16 14:00:00,20,67,False,87
2020-04-16 15:00:00,18,78,False,96
2020-04-16 16:00:00,19,79,False,98
2020-04-16 17:00:00,20,83,False,103
2020-04-16 18:00:00,19,81,False,100
2020-04-16 19:00:00,21,74,False,95
2020-04-16 20:00:00,21,71,False,92
2020-04-16 21:00:00,23,78,False,101
2020-04-16 22:00:00,25,81,False,106
2020-04-16 23:00:00,24,90,False,114
2020-04-17 00:00:00,23,90,False,113
2020-04-17 01:00:00,26,83,False,109
2020-04-17 02:00:00,25,90,False,115
2020-04-17 03:00:00,27,89,False,116
2020-04-17 04:00:00,28,83,False,111
2020-04-17 05:00:00,22,74,False,96
2020-04-17 06:00:00,17,69,False,86
2020-04-17 07:00:00,16,63,False,79
2020-04-17 08:00:00,15,67,False,82
2020-04-17 09:00:00,14,62,False,76
2020-04-17 10:00:00,18,64,False,82
2020-04-17 11:00:00,16,58,False,74
2020-04-17 12:00:00,16,63,False,79
2020-04-17 13:00:00,18,68,False,86
2020-04-17 14:00:00,19,75,False,94
2020-04-17 15:00:00,20,72,False,92
2020-04-17 16:00:00,19,80,False,99
2020-04-17 17:00:00,19,80,False,99
2020-04-17 18:00:00,15,79,False,94
2020-04-17 19:00:00,20,77,False,97
2020-04-17 20:00:00,21,80,False,101
2020-04-17 21:00:00,21,77,False,98
2020-04-17 22:00:00,19,81,False,100
2020-04-17 23:00:00,21,86,False,107
2020-04-18 00:00:00,23,87,False,110
2020-04-18 01:00:00,23,87,False,110
2020-04-18 02:00:00,26,93,False,119
2020-04-18 03:00:00,27,94,False,121
2020-04-18 04:00:00,29,87,False,116
2020-04-18 05:00:00,24,84,False,108
2020-04-18 06:00:00,20,73,False,93
2020-04-18 07:00:00,19,63,False,82
2020-04-18 08:00:00,15,59,False,74
2020-04-18 09:00:00,17,65,False,82
2020-04-18 10:00:00,17,60,False,77
2020-04-18 11:00:00,17,62,False,79
2020-04-18 12:00:00,20,66,False,86
2020-04-18 13:00:00,21,64,False,85
2020-04-18 14:00:00,21,68,False,89
2020-04-18 15:00:00,23,73,False,96
2020-04-18 16:00:00,21,79,False,100
2020-04-18 17:00:00,21,80,False,101
2020-04-18 18:00:00,24,77,False,101
2020-04-18 19:00:00,25,79,False,104
2020-04-18 20:00:00,23,76,False,99
2020-04-18 21:00:00,26,81,False,107
2020-04-18 22:00:00,28,83,False,111
2020-04-18 23:00:00,29,83,False,112
2020-04-19 00:00:00,32,84,False,116
2020-04-19 01:00:00,32,93,False,125
2020-04-19 02:00:00,26,100,False,126
2020-04-19 03:00:00,30,92,False,122
2020-04-19 04:00:00,24,86,False,110
2020-04-19 05:00:00,30,90,False,120
2020-04-19 06:00:00,19,74,False,93
2020-04-19 07:00:00,18,69,False,87
2020-04-19 08:00:00,16,64,False,80
2020-04-19 09:00:00,17,63,False,80
2020-04-19 10:00:00,16,68,False,84
2020-04-19 11:00:00,21,70,False,91
2020-04-19 12:00:00,18,61,False,79
2020-04-19 13:00:00,20,63,False,83
2020-04-19 14:00:00,14,70,False,84
2020-04-19 15:00:00,20,67,False,87
2020-04-19 16:00:00,20,80,False,100
2020-04-19 17:00:00,16,75,False,91
2020-04-19 18:00:00,17,75,False,92
2020-04-19 19:00:00,18,79,False,97
2020-04-19 20:00:00,19,74,False,93
2020-04-19 21:00:00,21,80,False,101
2020-04-19 22:00:00,24,79,False,103
2020-04-19 23:00:00,20,83,False,103
2020-04-20 00:00:00,21,87,False,108
2020-04-20 01:00:00,21,86,False,107
2020-04-20 02:00:00,24,83,False,107
2020-04-20 03:00:00,24,82,False,106
2020-04-20 04:00:00,20,81,False,101
2020-04-20 05:00:00,19,71,False,90
2020-04-20 06:00:00,19,66,False,85
2020-04-20 07:00:00,16,64,False,80
2020-04-20 08:00:00,15,65,False,80
2020-04-20 09:00:00,13,65,False,78
2020-04-20 10:00:00,15,59,False,74
2020-04-20 11:00:00,16,55,False,71
2020-04-20 12:00:00,15,53,False,68
2020-04-20 13:00:00,18,63,False,81
2020-04-20 14:00:00,20,67,False,87
2020-04-20 15:00:00,19,74,False,93
2020-04-20 16:00:00,17,79,False,96
2020-04-20 17:00:00,16,75,False,91
2020-04-20 18:00:00,21,74,False,95
2020-04-20 19:00:00,21,77,False,98
2020-04-20 20:00:00,22,78,False,100
2020-04-20 21:00:00,24,81,False,105
2020-04-20 22:00:00,20,82,False,102
2020-04-20 23:00:00,28,82,False,110
2020-04-21 00:00:00,23,89,False,112
2020-04-21 01:00:00,19,84,False,103
2020-04-21 02:00:00,20,89,False,109
2020-04-21 03:00:00,17,84,False,101
2020-04-21 04:00:00,25,87,False,112
2020-04-21 05:00:00,22,69,False,91
2020-04-21 06:00:00,16,68,False,84
2020-04-21 07:00:00,15,59,False,74
2020-04-21 08:00:00,14,64,False,78
2020-04-21 09:00:00,14,61,False,75
2020-04-21 10:00:00,14,63,False,77
2020-04-21 11:00:00,16,58,False,74
2020-04-21 12:00:00,16,62,False,78
2020-04-21 13:00:00,19,64,False,83
2020-04-21 14:00:00,16,67,False,83
2020-04-21 15:00:00,18,76,False,94
2020-04-21 16:00:00,19,87,False,106
2020-04-21 17:00:00,19,79,False,98
2020-04-21 18:00:00,19,79,False,98
2020-04-21 19:00:00,23,78,False,101
2020-04-21 20:00:00,21,75,False,96
2020-04-21 21:00:00,17,77,False,94
2020-04-21 22:00:00,19,85,False,104
2020-04-21 23:00:00,19,86,False,105
2020-04-22 00:00:00,19,95,False,114
2020-04-22 00:00:00,20,98,False,118
2020-04-22 01:00:00,20,91,False,111
2020-04-22 02:00:00,24,83,False,107
2020-04-22 03:00:00,27,85,False,112
2020-04-22 04:00:00,22,83,False,105
2020-04-22 05:00:00,21,80,False,101
2020-04-22 06:00:00,19,69,False,88
2020-04-22 07:00:00,14,71,False,85
2020-04-22 08:00:00,15,63,False,78
2020-04-22 09:00:00,14,57,False,71
2020-04-22 10:00:00,16,66,False,82
2020-04-22 11:00:00,16,64,False,80
2020-04-22 12:00:00,13,62,False,75
2020-04-22 13:00:00,20,68,False,88
2020-04-22 14:00:00,19,74,False,93
2020-04-22 15:00:00,18,76,False,94
2020-04-22 16:00:00,23,81,False,104
2020-04-22 17:00:00,22,91,False,113
2020-04-22 18:00:00,22,81,False,103
2020-04-22 19:00:00,21,83,False,104
2020-04-22 20:00:00,21,79,False,100
2020-04-22 21:00:00,24,84,False,108
2020-04-22 22:00:00,25,84,False,109
2020-04-22 23:00:00,23,90,False,113
2020-04-23 00:00:00,26,92,False,118
2020-04-23 01:00:00,23,93,False,116
2020-04-23 02:00:00,24,95,False,119
2020-04-23 03:00:00,26,92,False,118
2020-04-23 04:00:00,26,89,False,115
2020-04-23 05:00:00,22,85,False,107
2020-04-23 06:00:00,19,66,False,85
2020-04-23 07:00:00,18,66,False,84
2020-04-23 08:00:00,17,64,False,81
2020-04-23 09:00:00,12,67,False,79
2020-04-23 10:00:00,15,65,False,80
2020-04-23 11:00:00,19,63,False,82
2020-04-23 12:00:00,18,63,False,81
2020-04-23 13:00:00,22,65,False,87
2020-04-23 14:00:00,29,80,False,109
2020-04-23 15:00:00,26,79,False,105
2020-04-23 16:00:00,25,87,False,112
2020-04-23 17:00:00,24,78,False,102
2020-04-23 18:00:00,24,85,False,109
2020-04-23 19:00:00,23,82,False,105
2020-04-23 20:00:00,26,80,False,106
2020-04-23 21:00:00,24,77,False,101
2020-04-23 22:00:00,27,91,False,118
2020-04-23 23:00:00,30,84,False,114
2020-04-24 00:00:00,25,89,False,114
2020-04-24 01:00:00,23,87,False,110
2020-04-24 02:00:00,26,88,False,114
2020-04-24 03:00:00,27,92,False,119
2020-04-24 04:00:00,29,88,False,117
2020-04-24 05:00:00,23,78,False,101
2020-04-24 06:00:00,20,72,False,92
2020-04-24 07:00:00,15,67,False,82
2020-04-24 08:00:00,14,61,False,75
2020-04-24 09:00:00,17,63,False,80
2020-04-24 10:00:00,19,63,False,82
2020-04-24 11:00:00,18,61,False,79
2020-04-24 12:00:00,19,63,False,82
2020-04-24 13:00:00,21,69,False,90
2020-04-24 14:00:00,20,75,False,95
2020-04-24 15:00:00,21,82,False,103
2020-04-24 16:00:00,19,85,False,104
2020-04-24 17:00:00,21,87,False,108
2020-04-24 18:00:00,24,81,False,105
2020-04-24 19:00:00,24,90,False,114
2020-04-24 20:00:00,27,83,False,110
2020-04-24 21:00:00,28,100,False,128
2020-04-24 22:00:00,23,84,False,107
2020-04-24 23:00:00,28,88,False,116
2020-04-25 00:00:00,24,93,False,117
2020-04-25 01:00:00,25,90,False,115
2020-04-25 02:00:00,26,99,False,125
2020-04-25 03:00:00,28,88,False,116
2020-04-25 04:00:00,27,84,False,111
2020-04-25 05:00:00,26,83,False,109
2020-04-25 06:00:00,24,87,False,111
2020-04-25 07:00:00,21,72,False,93
2020-04-25 08:00:00,18,74,False,92
2020-04-25 09:00:00,18,70,False,88
2020-04-25 10:00:00,16,64,False,80
2020-04-25 11:00:00,19,60,False,79
2020-04-25 12:00:00,19,64,False,83
2020-04-25 13:00:00,21,65,False,86
2020-04-25 14:00:00,27,69,False,96
2020-04-25 15:00:00,30,71,False,101
2020-04-25 16:00:00,25,82,False,107
2020-04-25 17:00:00,26,86,False,112
2020-04-25 18:00:00,24,80,False,104
2020-04-25 19:00:00,25,81,False,106
2020-04-25 20:00:00,28,86,False,114
2020-04-25 21:00:00,28,80,False,108
2020-04-25 22:00:00,30,90,False,120
2020-04-25 23:00:00,36,90,False,126
2020-04-26 00:00:00,45,96,False,141
2020-04-26 01:00:00,41,97,False,138
2020-04-26 02:00:00,36,94,False,130
2020-04-26 03:00:00,35,97,False,132
2020-04-26 04:00:00,37,90,False,127
2020-04-26 05:00:00,39,81,False,120
2020-04-26 06:00:00,32,77,False,109
2020-04-26 07:00:00,26,73,False,99
2020-04-26 08:00:00,25,67,False,92
2020-04-26 09:00:00,25,72,False,97
2020-04-26 10:00:00,29,62,False,91
2020-04-26 11:00:00,30,65,False,95
2020-04-26 12:00:00,34,75,False,109
2020-04-26 13:00:00,37,71,False,108
2020-04-26 14:00:00,30,70,False,100
2020-04-26 15:00:00,27,71,False,98
2020-04-26 16:00:00,31,79,False,110
2020-04-26 17:00:00,29,82,False,111
2020-04-26 18:00:00,30,82,False,112
2020-04-26 19:00:00,43,79,False,122
2020-04-26 20:00:00,74,91,False,165
2020-04-26 21:00:00,60,93,False,153
2020-04-26 22:00:00,67,100,False,167
2020-04-26 23:00:00,59,97,False,156
2020-04-27 00:00:00,46,89,False,135
2020-04-27 01:00:00,45,97,False,142
2020-04-27 02:00:00,44,98,False,142
2020-04-27 03:00:00,45,92,False,137
2020-04-27 04:00:00,43,78,False,121
2020-04-27 05:00:00,37,68,False,105
2020-04-27 06:00:00,27,63,False,90
2020-04-27 07:00:00,24,64,False,88
2020-04-27 08:00:00,19,66,False,85
2020-04-27 09:00:00,19,64,False,83
2020-04-27 10:00:00,20,58,False,78
2020-04-27 11:00:00,25,59,False,84
2020-04-27 12:00:00,25,60,False,85
2020-04-27 13:00:00,27,65,False,92
2020-04-27 14:00:00,25,74,False,99
2020-04-27 15:00:00,29,77,False,106
2020-04-27 16:00:00,30,84,False,114
2020-04-27 17:00:00,29,87,False,116
2020-04-27 18:00:00,30,84,False,114
2020-04-27 19:00:00,27,83,False,110
2020-04-27 20:00:00,28,82,False,110
2020-04-27 21:00:00,31,82,False,113
2020-04-27 22:00:00,34,94,False,128
2020-04-27 23:00:00,34,91,False,125
2020-04-28 00:00:00,32,90,False,122
2020-04-28 01:00:00,34,92,False,126
2020-04-28 02:00:00,32,93,False,125
2020-04-28 03:00:00,34,93,False,127
2020-04-28 04:00:00,29,88,False,117
2020-04-28 05:00:00,25,82,False,107
2020-04-28 06:00:00,24,69,False,93
2020-04-28 07:00:00,20,64,False,84
2020-04-28 08:00:00,19,67,False,86
2020-04-28 09:00:00,16,64,False,80
2020-04-28 10:00:00,17,61,False,78
2020-04-28 11:00:00,20,61,False,81
2020-04-28 12:00:00,23,58,False,81
2020-04-28 13:00:00,26,70,False,96
2020-04-28 14:00:00,27,76,False,103
2020-04-28 15:00:00,23,83,False,106
2020-04-28 16:00:00,23,81,False,104
2020-04-28 17:00:00,24,85,False,109
2020-04-28 18:00:00,22,86,False,108
2020-04-28 19:00:00,27,78,False,105
2020-04-28 20:00:00,25,86,False,111
2020-04-28 21:00:00,29,93,False,122
2020-04-28 22:00:00,25,86,False,111
2020-04-28 23:00:00,35,94,False,129
2020-04-29 00:00:00,33,98,False,131
2020-04-29 00:00:00,30,89,False,119
2020-04-29 01:00:00,26,85,False,111
2020-04-29 02:00:00,31,93,False,124
2020-04-29 03:00:00,32,93,False,125
2020-04-29 04:00:00,27,79,False,106
2020-04-29 05:00:00,27,68,False,95
2020-04-29 06:00:00,26,63,False,89
2020-04-29 07:00:00,21,61,False,82
2020-04-29 08:00:00,17,56,False,73
2020-04-29 09:00:00,16,64,False,80
2020-04-29 10:00:00,24,58,False,82
2020-04-29 11:00:00,23,59,False,82
2020-04-29 12:00:00,26,57,False,83
2020-04-29 13:00:00,32,68,False,100
2020-04-29 14:00:00,34,73,False,107
2020-04-29 15:00:00,35,76,False,111
2020-04-29 16:00:00,37,79,False,116
2020-04-29 17:00:00,42,82,False,124
2020-04-29 18:00:00,37,76,False,113
2020-04-29 19:00:00,39,85,False,124
2020-04-29 20:00:00,44,84,False,128
2020-04-29 21:00:00,49,85,False,134
2020-04-29 22:00:00,48,85,False,133
2020-04-29 23:00:00,51,93,False,144
2020-04-30 00:00:00,49,83,False,132
2020-04-30 01:00:00,49,80,False,129
2020-04-30 02:00:00,49,86,False,135
2020-04-30 03:00:00,65,89,False,154
2020-04-30 04:00:00,61,78,False,139
2020-04-30 05:00:00,54,78,False,132
2020-04-30 06:00:00,51,65,False,116
2020-04-30 07:00:00,33,65,False,98
2020-04-30 08:00:00,27,60,False,87
2020-04-30 09:00:00,25,62,False,87
2020-04-30 10:00:00,22,60,False,82
2020-04-30 11:00:00,24,54,False,78
2020-04-30 12:00:00,27,61,False,88
2020-04-30 13:00:00,31,69,False,100
2020-04-30 14:00:00,32,74,False,106
2020-04-30 15:00:00,33,78,False,111
2020-04-30 16:00:00,28,79,False,107
2020-04-30 17:00:00,32,83,False,115
2020-04-30 18:00:00,30,80,False,110
2020-04-30 19:00:00,26,78,False,104
2020-04-30 20:00:00,34,81,False,115
2020-04-30 21:00:00,30,83,False,113
2020-04-30 22:00:00,30,86,False,116
2020-04-30 23:00:00,31,82,False,113
2020-05-01 00:00:00,33,89,False,122
2020-05-01 01:00:00,34,89,False,123
2020-05-01 02:00:00,32,89,False,121
2020-05-01 03:00:00,29,91,False,120
2020-05-01 04:00:00,28,82,False,110
2020-05-01 05:00:00,31,80,False,111
2020-05-01 06:00:00,23,69,False,92
2020-05-01 07:00:00,22,63,False,85
2020-05-01 08:00:00,19,60,False,79
2020-05-01 09:00:00,22,61,False,83
2020-05-01 10:00:00,20,62,False,82
2020-05-01 11:00:00,22,61,False,83
2020-05-01 12:00:00,23,63,False,86
2020-05-01 13:00:00,26,66,False,92
2020-05-01 14:00:00,22,82,False,104
2020-05-01 15:00:00,40,82,False,122
2020-05-01 16:00:00,25,76,False,101
2020-05-01 17:00:00,21,77,False,98
2020-05-01 18:00:00,24,75,False,99
2020-05-01 19:00:00,26,83,False,109
2020-05-01 20:00:00,23,78,False,101
2020-05-01 21:00:00,23,78,False,101
2020-05-01 22:00:00,27,83,False,110
2020-05-01 23:00:00,33,83,False,116
2020-05-02 00:00:00,29,84,False,113
2020-05-02 01:00:00,28,90,False,118
2020-05-02 02:00:00,31,89,False,120
2020-05-02 03:00:00,30,97,False,127
2020-05-02 04:00:00,32,88,False,120
2020-05-02 05:00:00,26,75,False,101
2020-05-02 06:00:00,21,70,False,91
2020-05-02 07:00:00,20,68,False,88
2020-05-02 08:00:00,18,66,False,84
2020-05-02 09:00:00,17,58,False,75
2020-05-02 10:00:00,16,59,False,75
2020-05-02 11:00:00,18,66,False,84
2020-05-02 12:00:00,20,58,False,78
2020-05-02 13:00:00,17,63,False,80
2020-05-02 14:00:00,19,68,False,87
2020-05-02 15:00:00,18,74,False,92
2020-05-02 16:00:00,21,70,False,91
2020-05-02 17:00:00,24,78,False,102
2020-05-02 18:00:00,22,74,False,96
2020-05-02 19:00:00,20,86,False,106
2020-05-02 20:00:00,23,81,False,104
2020-05-02 21:00:00,29,79,False,108
2020-05-02 22:00:00,31,84,False,115
2020-05-02 23:00:00,27,85,False,112
2020-05-03 00:00:00,31,90,False,121
2020-05-03 01:00:00,38,90,False,128
2020-05-03 02:00:00,34,100,False,134
2020-05-03 03:00:00,34,90,False,124
2020-05-03 04:00:00,36,92,False,128
2020-05-03 05:00:00,34,80,False,114
2020-05-03 06:00:00,24,80,False,104
2020-05-03 07:00:00,19,63,False,82
2020-05-03 08:00:00,21,66,False,87
2020-05-03 09:00:00,17,62,False,79
2020-05-03 10:00:00,18,63,False,81
2020-05-03 11:00:00,18,65,False,83
2020-05-03 12:00:00,18,59,False,77
2020-05-03 13:00:00,18,59,False,77
2020-05-03 14:00:00,18,62,False,80
2020-05-03 15:00:00,19,68,False,87
2020-05-03 16:00:00,20,73,False,93
2020-05-03 17:00:00,20,76,False,96
2020-05-03 18:00:00,17,75,False,92
2020-05-03 19:00:00,23,76,False,99
2020-05-03 20:00:00,20,72,False,92
2020-05-03 21:00:00,23,74,False,97
2020-05-03 22:00:00,23,80,False,103
2020-05-03 23:00:00,23,77,False,100
2020-05-04 00:00:00,25,80,False,105
2020-05-04 01:00:00,22,79,False,101
2020-05-04 02:00:00,23,88,False,111
2020-05-04 03:00:00,24,82,False,106
2020-05-04 04:00:00,23,89,False,112
2020-05-04 05:00:00,19,68,False,87
2020-05-04 06:00:00,14,63,False,77
2020-05-04 07:00:00,15,55,False,70
2020-05-04 08:00:00,12,56,False,68
2020-05-04 09:00:00,16,51,False,67
2020-05-04 10:00:00,14,56,False,70
2020-05-04 11:00:00,17,51,False,68
2020-05-04 12:00:00,13,56,False,69
2020-05-04 13:00:00,19,56,False,75
2020-05-04 14:00:00,19,66,False,85
2020-05-04 15:00:00,18,71,False,89
2020-05-04 16:00:00,20,73,False,93
2020-05-04 17:00:00,20,74,False,94
2020-05-04 18:00:00,19,76,False,95
2020-05-04 19:00:00,20,74,False,94
2020-05-04 20:00:00,24,73,False,97
2020-05-04 21:00:00,23,73,False,96
2020-05-04 22:00:00,24,77,False,101
2020-05-04 23:00:00,27,80,False,107
2020-05-05 00:00:00,25,86,False,111
2020-05-05 01:00:00,30,89,False,119
2020-05-05 02:00:00,26,94,False,120
2020-05-05 03:00:00,24,83,False,107
2020-05-05 04:00:00,24,79,False,103
2020-05-05 05:00:00,28,73,False,101
2020-05-05 06:00:00,18,57,False,75
2020-05-05 07:00:00,17,63,False,80
2020-05-05 08:00:00,13,57,False,70
2020-05-05 09:00:00,12,57,False,69
2020-05-05 10:00:00,17,56,False,73
2020-05-05 11:00:00,16,52,False,68
2020-05-05 12:00:00,15,60,False,75
2020-05-05 13:00:00,19,62,False,81
2020-05-05 14:00:00,18,65,False,83
2020-05-05 15:00:00,21,70,False,91
2020-05-05 16:00:00,21,79,False,100
2020-05-05 17:00:00,22,77,False,99
2020-05-05 18:00:00,19,70,False,89
2020-05-05 19:00:00,21,69,False,90
2020-05-05 20:00:00,23,74,False,97
2020-05-05 21:00:00,25,74,False,99
2020-05-05 22:00:00,22,75,False,97
2020-05-05 23:00:00,24,77,False,101
2020-05-06 00:00:00,22,78,False,100
2020-05-06 00:00:00,17,60,False,77
2020-05-06 01:00:00,19,65,False,84
2020-05-06 02:00:00,20,65,False,85
2020-05-06 03:00:00,22,67,False,89
2020-05-06 04:00:00,24,63,False,87
2020-05-06 05:00:00,18,52,False,70
2020-05-06 06:00:00,17,46,False,63
2020-05-06 07:00:00,13,47,False,60
2020-05-06 08:00:00,12,46,False,58
2020-05-06 09:00:00,13,47,False,60
2020-05-06 10:00:00,17,43,False,60
2020-05-06 11:00:00,14,42,False,56
2020-05-06 12:00:00,15,42,False,57
2020-05-06 13:00:00,17,45,False,62
2020-05-06 14:00:00,17,51,False,68
2020-05-06 15:00:00,16,52,False,68
2020-05-06 16:00:00,17,59,False,76
2020-05-06 17:00:00,16,61,False,77
2020-05-06 18:00:00,16,60,False,76
2020-05-06 19:00:00,19,60,False,79
2020-05-06 20:00:00,19,57,False,76
2020-05-06 21:00:00,19,55,False,74
2020-05-06 22:00:00,22,63,False,85
2020-05-06 23:00:00,22,63,False,85
2020-05-07 00:00:00,22,62,False,84
2020-05-07 01:00:00,23,64,False,87
2020-05-07 02:00:00,24,66,False,90
2020-05-07 03:00:00,26,66,False,92
2020-05-07 04:00:00,23,64,False,87
2020-05-07 05:00:00,15,58,False,73
2020-05-07 06:00:00,14,53,False,67
2020-05-07 07:00:00,12,51,False,63
2020-05-07 08:00:00,12,45,False,57
2020-05-07 09:00:00,13,50,False,63
2020-05-07 10:00:00,15,48,False,63
2020-05-07 11:00:00,14,46,False,60
2020-05-07 12:00:00,14,48,False,62
2020-05-07 13:00:00,17,48,False,65
2020-05-07 14:00:00,19,56,False,75
2020-05-07 15:00:00,20,60,False,80
2020-05-07 16:00:00,19,59,False,78
2020-05-07 17:00:00,28,63,False,91
2020-05-07 18:00:00,24,66,False,90
2020-05-07 19:00:00,28,59,False,87
2020-05-07 20:00:00,27,64,False,91
2020-05-07 21:00:00,24,60,False,84
2020-05-07 22:00:00,29,66,False,95
2020-05-07 23:00:00,29,59,False,88
2020-05-08 00:00:00,29,68,False,97
2020-05-08 01:00:00,29,69,False,98
2020-05-08 02:00:00,30,67,False,97
2020-05-08 03:00:00,25,69,False,94
2020-05-08 04:00:00,22,61,False,83
2020-05-08 05:00:00,21,58,False,79
2020-05-08 06:00:00,17,52,False,69
2020-05-08 07:00:00,14,46,False,60
2020-05-08 08:00:00,12,52,False,64
2020-05-08 09:00:00,13,47,False,60
2020-05-08 10:00:00,13,47,False,60
2020-05-08 11:00:00,16,43,False,59
2020-05-08 12:00:00,15,50,False,65
2020-05-08 13:00:00,17,50,False,67
2020-05-08 14:00:00,18,56,False,74
2020-05-08 15:00:00,19,60,False,79
2020-05-08 16:00:00,21,64,False,85
2020-05-08 17:00:00,20,63,False,83
2020-05-08 18:00:00,20,59,False,79
2020-05-08 19:00:00,20,60,False,80
2020-05-08 20:00:00,20,59,False,79
2020-05-08 21:00:00,20,59,False,79
2020-05-08 22:00:00,25,60,False,85
2020-05-08 23:00:00,21,65,False,86
2020-05-09 00:00:00,22,62,False,84
2020-05-09 01:00:00,26,70,False,96
2020-05-09 02:00:00,27,66,False,93
2020-05-09 03:00:00,23,71,False,94
2020-05-09 04:00:00,23,70,False,93
2020-05-09 05:00:00,21,61,False,82
2020-05-09 06:00:00,18,56,False,74
2020-05-09 07:00:00,15,52,False,67
2020-05-09 08:00:00,13,47,False,60
2020-05-09 09:00:00,14,49,False,63
2020-05-09 10:00:00,15,47,False,62
2020-05-09 11:00:00,17,49,False,66
2020-05-09 12:00:00,14,51,False,65
2020-05-09 13:00:00,16,48,False,64
2020-05-09 14:00:00,16,50,False,66
2020-05-09 15:00:00,17,55,False,72
2020-05-09 16:00:00,17,61,False,78
2020-05-09 17:00:00,16,60,False,76
2020-05-09 18:00:00,16,55,False,71
2020-05-09 19:00:00,18,59,False,77
2020-05-09 20:00:00,17,58,False,75
2020-05-09 21:00:00,18,57,False,75
2020-05-09 22:00:00,21,64,False,85
2020-05-09 23:00:00,19,65,False,84
2020-05-10 00:00:00,27,70,False,97
2020-05-10 01:00:00,24,69,False,93
2020-05-10 02:00:00,26,67,False,93
2020-05-10 03:00:00,23,67,False,90
2020-05-10 04:00:00,19,68,False,87
2020-05-10 05:00:00,19,62,False,81
2020-05-10 06:00:00,17,54,False,71
2020-05-10 07:00:00,15,54,False,69
2020-05-10 08:00:00,13,59,False,72
2020-05-10 09:00:00,13,61,False,74
2020-05-10 10:00:00,10,56,False,66
2020-05-10 11:00:00,16,55,False,71
2020-05-10 12:00:00,15,54,False,69
2020-05-10 13:00:00,14,59,False,73
2020-05-10 14:00:00,14,67,False,81
2020-05-10 15:00:00,15,70,False,85
2020-05-10 16:00:00,13,77,False,90
2020-05-10 17:00:00,16,80,False,96
2020-05-10 18:00:00,16,79,False,95
2020-05-10 19:00:00,17,81,False,98
2020-05-10 20:00:00,15,92,False,107
2020-05-10 21:00:00,19,98,False,117
2020-05-10 22:00:00,19,98,False,117
2020-05-10 23:00:00,18,92,False,110
2020-05-11 00:00:00,21,97,False,118
2020-05-11 01:00:00,20,95,False,115
2020-05-11 02:00:00,21,100,False,121
2020-05-11 03:00:00,20,90,False,110
2020-05-11 04:00:00,21,89,False,110
2020-05-11 05:00:00,18,73,False,91
2020-05-11 06:00:00,16,61,False,77
2020-05-11 07:00:00,13,56,False,69
2020-05-11 08:00:00,12,55,False,67
2020-05-11 09:00:00,13,51,False,64
2020-05-11 10:00:00,12,52,False,64
2020-05-11 11:00:00,15,49,False,64
2020-05-11 12:00:00,16,51,False,67
2020-05-11 13:00:00,14,59,False,73
2020-05-11 14:00:00,15,62,False,77
2020-05-11 15:00:00,15,67,False,82
2020-05-11 16:00:00,17,69,False,86
2020-05-11 17:00:00,17,76,False,93
2020-05-11 18:00:00,16,75,False,91
2020-05-11 19:00:00,18,77,False,95
2020-05-11 20:00:00,21,76,False,97
2020-05-11 21:00:00,19,76,False,95
2020-05-11 22:00:00,17,80,False,97
2020-05-11 23:00:00,18,82,False,100
2020-05-12 00:00:00,22,84,False,106
2020-05-12 01:00:00,21,86,False,107
2020-05-12 02:00:00,21,85,False,106
2020-05-12 03:00:00,19,92,False,111
2020-05-12 04:00:00,21,81,False,102
2020-05-12 05:00:00,19,65,False,84
2020-05-12 06:00:00,14,57,False,71
2020-05-12 07:00:00,12,52,False,64
2020-05-12 08:00:00,12,52,False,64
2020-05-12 09:00:00,12,53,False,65
2020-05-12 10:00:00,13,48,False,61
2020-05-12 11:00:00,14,48,False,62
2020-05-12 12:00:00,14,52,False,66
2020-05-12 13:00:00,13,52,False,65
2020-05-12 14:00:00,14,57,False,71
2020-05-12 15:00:00,16,66,False,82
2020-05-12 16:00:00,15,68,False,83
2020-05-12 17:00:00,16,69,False,85
2020-05-12 18:00:00,13,67,False,80
2020-05-12 19:00:00,20,64,False,84
2020-05-12 20:00:00,18,65,False,83
2020-05-12 21:00:00,16,70,False,86
2020-05-12 22:00:00,19,73,False,92
2020-05-12 23:00:00,19,74,False,93
2020-05-13 00:00:00,19,73,False,92
2020-05-13 00:00:00,17,63,False,80
2020-05-13 01:00:00,18,66,False,84
2020-05-13 02:00:00,19,67,False,86
2020-05-13 03:00:00,17,63,False,80
2020-05-13 04:00:00,18,57,False,75
2020-05-13 05:00:00,13,50,False,63
2020-05-13 06:00:00,10,46,False,56
2020-05-13 07:00:00,9,44,False,53
2020-05-13 08:00:00,11,45,False,56
2020-05-13 09:00:00,10,43,False,53
2020-05-13 10:00:00,10,100,False,110
2020-05-13 11:00:00,13,47,False,60
2020-05-13 12:00:00,14,46,False,60
2020-05-13 13:00:00,14,47,False,61
2020-05-13 14:00:00,13,54,False,67
2020-05-13 15:00:00,14,55,False,69
2020-05-13 16:00:00,15,57,False,72
2020-05-13 17:00:00,13,58,False,71
2020-05-13 18:00:00,13,60,False,73
2020-05-13 19:00:00,15,54,False,69
2020-05-13 20:00:00,18,58,False,76
2020-05-13 21:00:00,19,57,False,76
2020-05-13 22:00:00,16,59,False,75
2020-05-13 23:00:00,17,64,False,81
2020-05-14 00:00:00,17,65,False,82
2020-05-14 01:00:00,18,63,False,81
2020-05-14 02:00:00,17,64,False,81
2020-05-14 03:00:00,19,60,False,79
2020-05-14 04:00:00,17,60,False,77
2020-05-14 05:00:00,15,53,False,68
2020-05-14 06:00:00,13,47,False,60
2020-05-14 07:00:00,14,46,False,60
2020-05-14 08:00:00,12,42,False,54
2020-05-14 09:00:00,10,40,False,50
2020-05-14 10:00:00,11,42,False,53
2020-05-14 11:00:00,14,43,False,57
2020-05-14 12:00:00,12,44,False,56
2020-05-14 13:00:00,13,46,False,59
2020-05-14 14:00:00,14,51,False,65
2020-05-14 15:00:00,12,51,False,63
2020-05-14 16:00:00,14,54,False,68
2020-05-14 17:00:00,13,58,False,71
2020-05-14 18:00:00,13,56,False,69
2020-05-14 19:00:00,14,57,False,71
2020-05-14 20:00:00,16,54,False,70
2020-05-14 21:00:00,16,56,False,72
2020-05-14 22:00:00,17,61,False,78
2020-05-14 23:00:00,17,63,False,80
2020-05-15 00:00:00,19,62,False,81
2020-05-15 01:00:00,18,62,False,80
2020-05-15 02:00:00,15,63,False,78
2020-05-15 03:00:00,16,62,False,78
2020-05-15 04:00:00,14,58,False,72
2020-05-15 05:00:00,14,52,False,66
2020-05-15 06:00:00,11,46,False,57
2020-05-15 07:00:00,9,43,False,52
2020-05-15 08:00:00,10,44,False,54
2020-05-15 09:00:00,11,42,False,53
2020-05-15 10:00:00,10,41,False,51
2020-05-15 11:00:00,11,40,False,51
2020-05-15 12:00:00,12,41,False,53
2020-05-15 13:00:00,11,47,False,58
2020-05-15 14:00:00,12,50,False,62
2020-05-15 15:00:00,11,53,False,64
2020-05-15 16:00:00,11,58,False,69
2020-05-15 17:00:00,13,57,False,70
2020-05-15 18:00:00,14,59,False,73
2020-05-15 19:00:00,14,56,False,70
2020-05-15 20:00:00,15,55,False,70
2020-05-15 21:00:00,14,51,False,65
2020-05-15 22:00:00,14,62,False,76
2020-05-15 23:00:00,17,61,False,78
2020-05-16 00:00:00,17,62,False,79
2020-05-16 01:00:00,16,61,False,77
2020-05-16 02:00:00,18,66,False,84
2020-05-16 03:00:00,20,68,False,88
2020-05-16 04:00:00,20,65,False,85
2020-05-16 05:00:00,16,49,False,65
2020-05-16 06:00:00,16,47,False,63
2020-05-16 07:00:00,12,42,False,54
2020-05-16 08:00:00,12,43,False,55
2020-05-16 09:00:00,13,46,False,59
2020-05-16 10:00:00,11,45,False,56
2020-05-16 11:00:00,12,42,False,54
2020-05-16 12:00:00,10,47,False,57
2020-05-16 13:00:00,11,45,False,56
2020-05-16 14:00:00,12,53,False,65
2020-05-16 15:00:00,12,49,False,61
2020-05-16 16:00:00,13,52,False,65
2020-05-16 17:00:00,13,55,False,68
2020-05-16 18:00:00,11,52,False,63
2020-05-16 19:00:00,12,56,False,68
2020-05-16 20:00:00,17,58,False,75
2020-05-16 21:00:00,17,63,False,80
2020-05-16 22:00:00,18,56,False,74
2020-05-16 23:00:00,16,65,False,81
2020-05-17 00:00:00,16,59,False,75
2020-05-17 01:00:00,16,64,False,80
2020-05-17 02:00:00,16,67,False,83
2020-05-17 03:00:00,20,62,False,82
2020-05-17 04:00:00,19,63,False,82
2020-05-17 05:00:00,18,53,False,71
2020-05-17 06:00:00,15,52,False,67
2020-05-17 07:00:00,12,53,False,65
2020-05-17 08:00:00,13,45,False,58
2020-05-17 09:00:00,11,42,False,53
2020-05-17 10:00:00,11,42,False,53
2020-05-17 11:00:00,12,40,False,52
2020-05-17 12:00:00,10,45,False,55
2020-05-17 13:00:00,13,46,False,59
2020-05-17 14:00:00,14,54,False,68
2020-05-17 15:00:00,16,52,False,68
2020-05-17 16:00:00,18,55,False,73
2020-05-17 17:00:00,14,55,False,69
2020-05-17 18:00:00,15,58,False,73
2020-05-17 19:00:00,17,53,False,70
2020-05-17 20:00:00,16,55,False,71
2020-05-17 21:00:00,16,58,False,74
2020-05-17 22:00:00,17,61,False,78
2020-05-17 23:00:00,20,64,False,84
2020-05-18 00:00:00,17,65,False,82
2020-05-18 01:00:00,21,60,False,81
2020-05-18 02:00:00,21,67,False,88
2020-05-18 03:00:00,19,63,False,82
2020-05-18 04:00:00,18,62,False,80
2020-05-18 05:00:00,17,49,False,66
2020-05-18 06:00:00,12,47,False,59
2020-05-18 07:00:00,11,43,False,54
2020-05-18 08:00:00,11,43,False,54
2020-05-18 09:00:00,9,42,False,51
2020-05-18 10:00:00,11,41,False,52
2020-05-18 11:00:00,13,38,False,51
2020-05-18 12:00:00,9,40,False,49
2020-05-18 13:00:00,13,42,False,55
2020-05-18 14:00:00,12,44,False,56
2020-05-18 15:00:00,14,52,False,66
2020-05-18 16:00:00,16,53,False,69
2020-05-18 17:00:00,14,56,False,70
2020-05-18 18:00:00,14,55,False,69
2020-05-18 19:00:00,14,56,False,70
2020-05-18 20:00:00,16,58,False,74
2020-05-18 21:00:00,17,60,False,77
2020-05-18 22:00:00,18,56,False,74
2020-05-18 23:00:00,19,65,False,84
2020-05-19 00:00:00,16,59,False,75
2020-05-19 01:00:00,20,65,False,85
2020-05-19 02:00:00,16,65,False,81
2020-05-19 03:00:00,16,59,False,75
2020-05-19 04:00:00,17,58,False,75
2020-05-19 05:00:00,14,53,False,67
2020-05-19 06:00:00,10,49,False,59
2020-05-19 07:00:00,10,49,False,59
2020-05-19 08:00:00,9,47,False,56
2020-05-19 09:00:00,11,44,False,55
2020-05-19 10:00:00,10,39,False,49
2020-05-19 11:00:00,11,42,False,53
2020-05-19 12:00:00,12,40,False,52
2020-05-19 13:00:00,12,47,False,59
2020-05-19 14:00:00,11,49,False,60
2020-05-19 15:00:00,14,50,False,64
2020-05-19 16:00:00,13,57,False,70
2020-05-19 17:00:00,13,58,False,71
2020-05-19 18:00:00,15,57,False,72
2020-05-19 19:00:00,13,55,False,68
2020-05-19 20:00:00,13,54,False,67
2020-05-19 21:00:00,14,61,False,75
2020-05-19 22:00:00,17,59,False,76
2020-05-19 23:00:00,17,65,False,82
2020-05-20 00:00:00,17,58,False,75
2020-05-20 00:00:00,20,67,False,87
2020-05-20 01:00:00,19,71,False,90
2020-05-20 02:00:00,19,75,False,94
2020-05-20 03:00:00,18,75,False,93
2020-05-20 04:00:00,18,68,False,86
2020-05-20 05:00:00,16,56,False,72
2020-05-20 06:00:00,13,51,False,64
2020-05-20 07:00:00,14,51,False,65
2020-05-20 08:00:00,12,50,False,62
2020-05-20 09:00:00,12,47,False,59
2020-05-20 10:00:00,12,43,False,55
2020-05-20 11:00:00,13,45,False,58
2020-05-20 12:00:00,11,47,False,58
2020-05-20 13:00:00,15,50,False,65
2020-05-20 14:00:00,14,57,False,71
2020-05-20 15:00:00,15,60,False,75
2020-05-20 16:00:00,13,62,False,75
2020-05-20 17:00:00,16,64,False,80
2020-05-20 18:00:00,14,61,False,75
2020-05-20 19:00:00,16,65,False,81
2020-05-20 20:00:00,16,58,False,74
2020-05-20 21:00:00,16,67,False,83
2020-05-20 22:00:00,20,70,False,90
2020-05-20 23:00:00,17,75,False,92
2020-05-21 00:00:00,18,69,False,87
2020-05-21 01:00:00,18,75,False,93
2020-05-21 02:00:00,17,73,False,90
2020-05-21 03:00:00,16,71,False,87
2020-05-21 04:00:00,16,62,False,78
2020-05-21 05:00:00,16,64,False,80
2020-05-21 06:00:00,12,56,False,68
2020-05-21 07:00:00,13,50,False,63
2020-05-21 08:00:00,11,47,False,58
2020-05-21 09:00:00,10,47,False,57
2020-05-21 10:00:00,12,46,False,58
2020-05-21 11:00:00,12,51,False,63
2020-05-21 12:00:00,13,49,False,62
2020-05-21 13:00:00,17,53,False,70
2020-05-21 14:00:00,15,59,False,74
2020-05-21 15:00:00,13,63,False,76
2020-05-21 16:00:00,14,68,False,82
2020-05-21 17:00:00,14,63,False,77
2020-05-21 18:00:00,15,61,False,76
2020-05-21 19:00:00,15,66,False,81
2020-05-21 20:00:00,15,67,False,82
2020-05-21 21:00:00,17,70,False,87
2020-05-21 22:00:00,16,70,False,86
2020-05-21 23:00:00,21,71,False,92
2020-05-22 00:00:00,19,77,False,96
2020-05-22 01:00:00,17,73,False,90
2020-05-22 02:00:00,15,78,False,93
2020-05-22 03:00:00,21,78,False,99
2020-05-22 04:00:00,17,71,False,88
2020-05-22 05:00:00,16,68,False,84
2020-05-22 06:00:00,13,52,False,65
2020-05-22 07:00:00,12,50,False,62
2020-05-22 08:00:00,9,52,False,61
2020-05-22 09:00:00,12,49,False,61
2020-05-22 10:00:00,12,50,False,62
2020-05-22 11:00:00,13,48,False,61
2020-05-22 12:00:00,13,49,False,62
2020-05-22 13:00:00,11,53,False,64
2020-05-22 14:00:00,13,63,False,76
2020-05-22 15:00:00,11,62,False,73
2020-05-22 16:00:00,14,72,False,86
2020-05-22 17:00:00,14,71,False,85
2020-05-22 18:00:00,13,69,False,82
2020-05-22 19:00:00,13,67,False,80
2020-05-22 20:00:00,14,68,False,82
2020-05-22 21:00:00,15,72,False,87
2020-05-22 22:00:00,18,75,False,93
2020-05-22 23:00:00,19,83,False,102
2020-05-23 00:00:00,20,80,False,100
2020-05-23 01:00:00,19,87,False,106
2020-05-23 02:00:00,19,85,False,104
2020-05-23 03:00:00,17,85,False,102
2020-05-23 04:00:00,18,82,False,100
2020-05-23 05:00:00,15,70,False,85
2020-05-23 06:00:00,13,64,False,77
2020-05-23 07:00:00,11,63,False,74
2020-05-23 08:00:00,12,60,False,72
2020-05-23 09:00:00,11,60,False,71
2020-05-23 10:00:00,13,63,False,76
2020-05-23 11:00:00,12,56,False,68
2020-05-23 12:00:00,11,57,False,68
2020-05-23 13:00:00,14,56,False,70
2020-05-23 14:00:00,13,67,False,80
2020-05-23 15:00:00,13,70,False,83
2020-05-23 16:00:00,12,69,False,81
2020-05-23 17:00:00,14,76,False,90
2020-05-23 18:00:00,15,74,False,89
2020-05-23 19:00:00,15,77,False,92
2020-05-23 20:00:00,13,79,False,92
2020-05-23 21:00:00,16,76,False,92
2020-05-23 22:00:00,17,81,False,98
2020-05-23 23:00:00,19,76,False,95
2020-05-24 00:00:00,15,83,False,98
2020-05-24 01:00:00,17,85,False,102
2020-05-24 02:00:00,17,87,False,104
2020-05-24 03:00:00,19,88,False,107
2020-05-24 04:00:00,18,91,False,109
2020-05-24 05:00:00,19,83,False,102
2020-05-24 06:00:00,15,67,False,82
2020-05-24 07:00:00,14,66,False,80
2020-05-24 08:00:00,11,60,False,71
2020-05-24 09:00:00,10,65,False,75
2020-05-24 10:00:00,12,63,False,75
2020-05-24 11:00:00,15,71,False,86
2020-05-24 12:00:00,13,65,False,78
2020-05-24 13:00:00,11,64,False,75
2020-05-24 14:00:00,12,72,False,84
2020-05-24 15:00:00,10,70,False,80
2020-05-24 16:00:00,12,73,False,85
2020-05-24 17:00:00,12,77,False,89
2020-05-24 18:00:00,14,77,False,91
2020-05-24 19:00:00,13,77,False,90
2020-05-24 20:00:00,13,78,False,91
2020-05-24 21:00:00,15,82,False,97
2020-05-24 22:00:00,15,83,False,98
2020-05-24 23:00:00,18,90,False,108
2020-05-25 00:00:00,17,86,False,103
2020-05-25 01:00:00,17,90,False,107
2020-05-25 02:00:00,19,90,False,109
2020-05-25 03:00:00,17,84,False,101
2020-05-25 04:00:00,16,86,False,102
2020-05-25 05:00:00,17,72,False,89
2020-05-25 06:00:00,13,66,False,79
2020-05-25 07:00:00,11,63,False,74
2020-05-25 08:00:00,12,68,False,80
2020-05-25 09:00:00,10,63,False,73
2020-05-25 10:00:00,12,61,False,73
2020-05-25 11:00:00,12,60,False,72
2020-05-25 12:00:00,12,61,False,73
2020-05-25 13:00:00,11,60,False,71
2020-05-25 14:00:00,13,69,False,82
2020-05-25 15:00:00,12,77,False,89
2020-05-25 16:00:00,12,73,False,85
2020-05-25 17:00:00,15,81,False,96
2020-05-25 18:00:00,11,78,False,89
2020-05-25 19:00:00,13,80,False,93
2020-05-25 20:00:00,14,88,False,102
2020-05-25 21:00:00,13,89,False,102
2020-05-25 22:00:00,13,93,False,106
2020-05-25 23:00:00,15,96,False,111
2020-05-26 00:00:00,19,100,False,119
2020-05-26 01:00:00,17,96,False,113
2020-05-26 02:00:00,16,95,False,111
2020-05-26 03:00:00,17,97,False,114
2020-05-26 04:00:00,16,91,False,107
2020-05-26 05:00:00,15,76,False,91
2020-05-26 06:00:00,13,65,False,78
2020-05-26 07:00:00,10,66,False,76
2020-05-26 08:00:00,13,69,False,82
2020-05-26 09:00:00,9,68,False,77
2020-05-26 10:00:00,11,64,False,75
2020-05-26 11:00:00,12,69,False,81
2020-05-26 12:00:00,11,68,False,79
2020-05-26 13:00:00,13,74,False,87
2020-05-26 14:00:00,13,78,False,91
2020-05-26 15:00:00,13,87,False,100
2020-05-26 16:00:00,14,86,False,100
2020-05-26 17:00:00,14,86,False,100
2020-05-26 18:00:00,15,87,False,102
2020-05-26 19:00:00,14,88,False,102
2020-05-26 20:00:00,13,84,False,97
2020-05-26 21:00:00,13,89,False,102
2020-05-26 22:00:00,15,89,False,104
2020-05-26 23:00:00,16,94,False,110
2020-05-27 00:00:00,16,91,False,107
2020-05-27 00:00:00,16,89,False,105
2020-05-27 01:00:00,15,87,False,102
2020-05-27 02:00:00,14,89,False,103
2020-05-27 03:00:00,18,86,False,104
2020-05-27 04:00:00,17,83,False,100
2020-05-27 05:00:00,14,74,False,88
2020-05-27 06:00:00,10,68,False,78
2020-05-27 07:00:00,6,68,False,74
2020-05-27 08:00:00,9,59,False,68
2020-05-27 09:00:00,8,64,False,72
2020-05-27 10:00:00,10,60,False,70
2020-05-27 11:00:00,12,61,False,73
2020-05-27 12:00:00,13,62,False,75
2020-05-27 13:00:00,13,66,False,79
2020-05-27 14:00:00,13,71,False,84
2020-05-27 15:00:00,15,74,False,89
2020-05-27 16:00:00,14,79,False,93
2020-05-27 17:00:00,13,82,False,95
2020-05-27 18:00:00,14,80,False,94
2020-05-27 19:00:00,15,74,False,89
2020-05-27 20:00:00,13,75,False,88
2020-05-27 21:00:00,15,81,False,96
2020-05-27 22:00:00,17,86,False,103
2020-05-27 23:00:00,19,90,False,109
2020-05-28 00:00:00,19,90,False,109
2020-05-28 01:00:00,20,86,False,106
2020-05-28 02:00:00,20,93,False,113
2020-05-28 03:00:00,17,90,False,107
2020-05-28 04:00:00,15,93,False,108
2020-05-28 05:00:00,16,84,False,100
2020-05-28 06:00:00,13,72,False,85
2020-05-28 07:00:00,10,67,False,77
2020-05-28 08:00:00,9,66,False,75
2020-05-28 09:00:00,11,60,False,71
2020-05-28 10:00:00,10,61,False,71
2020-05-28 11:00:00,12,61,False,73
2020-05-28 12:00:00,11,60,False,71
2020-05-28 13:00:00,14,65,False,79
2020-05-28 14:00:00,14,70,False,84
2020-05-28 15:00:00,16,73,False,89
2020-05-28 16:00:00,15,78,False,93
2020-05-28 17:00:00,16,80,False,96
2020-05-28 18:00:00,13,79,False,92
2020-05-28 19:00:00,14,81,False,95
2020-05-28 20:00:00,15,82,False,97
2020-05-28 21:00:00,15,78,False,93
2020-05-28 22:00:00,16,83,False,99
2020-05-28 23:00:00,17,88,False,105
2020-05-29 00:00:00,17,89,False,106
2020-05-29 01:00:00,20,94,False,114
2020-05-29 02:00:00,18,90,False,108
2020-05-29 03:00:00,17,93,False,110
2020-05-29 04:00:00,15,89,False,104
2020-05-29 05:00:00,15,76,False,91
2020-05-29 06:00:00,12,69,False,81
2020-05-29 07:00:00,11,65,False,76
2020-05-29 08:00:00,11,63,False,74
2020-05-29 09:00:00,10,61,False,71
2020-05-29 10:00:00,12,62,False,74
2020-05-29 11:00:00,11,57,False,68
2020-05-29 12:00:00,11,66,False,77
2020-05-29 13:00:00,13,64,False,77
2020-05-29 14:00:00,14,69,False,83
2020-05-29 15:00:00,14,69,False,83
2020-05-29 16:00:00,13,80,False,93
2020-05-29 17:00:00,12,80,False,92
2020-05-29 18:00:00,13,85,False,98
2020-05-29 19:00:00,14,82,False,96
2020-05-29 20:00:00,14,83,False,97
2020-05-29 21:00:00,14,80,False,94
2020-05-29 22:00:00,17,85,False,102
2020-05-29 23:00:00,14,80,False,94
2020-05-30 00:00:00,15,84,False,99
2020-05-30 01:00:00,16,92,False,108
2020-05-30 02:00:00,14,100,False,114
2020-05-30 03:00:00,20,89,False,109
2020-05-30 04:00:00,18,83,False,101
2020-05-30 05:00:00,16,76,False,92
2020-05-30 06:00:00,17,73,False,90
2020-05-30 07:00:00,12,66,False,78
2020-05-30 08:00:00,13,64,False,77
2020-05-30 09:00:00,10,63,False,73
2020-05-30 10:00:00,13,64,False,77
2020-05-30 11:00:00,16,69,False,85
2020-05-30 12:00:00,13,62,False,75
2020-05-30 13:00:00,16,67,False,83
2020-05-30 14:00:00,14,68,False,82
2020-05-30 15:00:00,15,75,False,90
2020-05-30 16:00:00,14,75,False,89
2020-05-30 17:00:00,15,77,False,92
2020-05-30 18:00:00,16,81,False,97
2020-05-30 19:00:00,18,77,False,95
2020-05-30 20:00:00,21,83,False,104
2020-05-30 21:00:00,17,77,False,94
2020-05-30 22:00:00,28,86,False,114
2020-05-30 23:00:00,23,83,False,106
2020-05-31 00:00:00,22,93,False,115
2020-05-31 01:00:00,20,84,False,104
2020-05-31 02:00:00,22,88,False,110
2020-05-31 03:00:00,20,89,False,109
2020-05-31 04:00:00,21,83,False,104
2020-05-31 05:00:00,20,72,False,92
2020-05-31 06:00:00,18,73,False,91
2020-05-31 07:00:00,18,60,False,78
2020-05-31 08:00:00,16,63,False,79
2020-05-31 09:00:00,14,63,False,77
2020-05-31 10:00:00,16,61,False,77
2020-05-31 11:00:00,19,61,False,80
2020-05-31 12:00:00,16,62,False,78
2020-05-31 13:00:00,17,62,False,79
2020-05-31 14:00:00,15,65,False,80
2020-05-31 15:00:00,17,67,False,84
2020-05-31 16:00:00,15,75,False,90
2020-05-31 17:00:00,15,79,False,94
2020-05-31 18:00:00,16,77,False,93
2020-05-31 19:00:00,15,73,False,88
2020-05-31 20:00:00,17,75,False,92
2020-05-31 21:00:00,18,71,False,89
2020-05-31 22:00:00,17,78,False,95
2020-05-31 23:00:00,19,82,False,101
2020-06-01 00:00:00,17,78,False,95
2020-06-01 01:00:00,15,80,False,95
2020-06-01 02:00:00,17,81,False,98
2020-06-01 03:00:00,18,76,False,94
2020-06-01 04:00:00,19,77,False,96
2020-06-01 05:00:00,16,68,False,84
2020-06-01 06:00:00,16,65,False,81
2020-06-01 07:00:00,14,55,False,69
2020-06-01 08:00:00,12,58,False,70
2020-06-01 09:00:00,12,54,False,66
2020-06-01 10:00:00,13,57,False,70
2020-06-01 11:00:00,12,54,False,66
2020-06-01 12:00:00,13,56,False,69
2020-06-01 13:00:00,14,59,False,73
2020-06-01 14:00:00,14,63,False,77
2020-06-01 15:00:00,13,64,False,77
2020-06-01 16:00:00,13,71,False,84
2020-06-01 17:00:00,15,67,False,82
2020-06-01 18:00:00,14,73,False,87
2020-06-01 19:00:00,14,66,False,80
2020-06-01 20:00:00,15,69,False,84
2020-06-01 21:00:00,14,72,False,86
2020-06-01 22:00:00,15,75,False,90
2020-06-01 23:00:00,21,75,False,96
2020-06-02 00:00:00,21,76,False,97
2020-06-02 01:00:00,17,79,False,96
2020-06-02 02:00:00,23,79,False,102
2020-06-02 03:00:00,17,82,False,99
2020-06-02 04:00:00,20,79,False,99
2020-06-02 05:00:00,15,68,False,83
2020-06-02 06:00:00,13,60,False,73
2020-06-02 07:00:00,13,56,False,69
2020-06-02 08:00:00,13,56,False,69
2020-06-02 09:00:00,12,54,False,66
2020-06-02 10:00:00,12,58,False,70
2020-06-02 11:00:00,13,55,False,68
2020-06-02 12:00:00,14,56,False,70
2020-06-02 13:00:00,15,59,False,74
2020-06-02 14:00:00,17,61,False,78
2020-06-02 15:00:00,16,63,False,79
2020-06-02 16:00:00,15,76,False,91
2020-06-02 17:00:00,14,79,False,93
2020-06-02 18:00:00,13,71,False,84
2020-06-02 19:00:00,12,72,False,84
2020-06-02 20:00:00,12,73,False,85
2020-06-02 21:00:00,16,74,False,90
2020-06-02 22:00:00,17,80,False,97
2020-06-02 23:00:00,15,84,False,99
2020-06-03 00:00:00,17,81,False,98
2020-06-03 00:00:00,18,86,False,104
2020-06-03 01:00:00,17,93,False,110
2020-06-03 02:00:00,18,86,False,104
2020-06-03 03:00:00,18,95,False,113
2020-06-03 04:00:00,16,86,False,102
2020-06-03 05:00:00,15,67,False,82
2020-06-03 06:00:00,14,75,False,89
2020-06-03 07:00:00,9,64,False,73
2020-06-03 08:00:00,10,64,False,74
2020-06-03 09:00:00,9,64,False,73
2020-06-03 10:00:00,9,59,False,68
2020-06-03 11:00:00,10,60,False,70
2020-06-03 12:00:00,11,58,False,69
2020-06-03 13:00:00,13,63,False,76
2020-06-03 14:00:00,13,65,False,78
2020-06-03 15:00:00,14,68,False,82
2020-06-03 16:00:00,15,77,False,92
2020-06-03 17:00:00,14,81,False,95
2020-06-03 18:00:00,15,71,False,86
2020-06-03 19:00:00,15,74,False,89
2020-06-03 20:00:00,16,74,False,90
2020-06-03 21:00:00,18,72,False,90
2020-06-03 22:00:00,17,79,False,96
2020-06-03 23:00:00,20,93,False,113
2020-06-04 00:00:00,18,92,False,110
2020-06-04 01:00:00,19,83,False,102
2020-06-04 02:00:00,19,88,False,107
2020-06-04 03:00:00,20,93,False,113
2020-06-04 04:00:00,17,78,False,95
2020-06-04 05:00:00,15,74,False,89
2020-06-04 06:00:00,13,64,False,77
2020-06-04 07:00:00,13,61,False,74
2020-06-04 08:00:00,14,64,False,78
2020-06-04 09:00:00,11,63,False,74
2020-06-04 10:00:00,10,61,False,71
2020-06-04 11:00:00,13,60,False,73
2020-06-04 12:00:00,13,59,False,72
2020-06-04 13:00:00,15,60,False,75
2020-06-04 14:00:00,14,69,False,83
2020-06-04 15:00:00,16,74,False,90
2020-06-04 16:00:00,18,79,False,97
2020-06-04 17:00:00,15,78,False,93
2020-06-04 18:00:00,17,71,False,88
2020-06-04 19:00:00,16,72,False,88
2020-06-04 20:00:00,17,76,False,93
2020-06-04 21:00:00,18,73,False,91
2020-06-04 22:00:00,17,78,False,95
2020-06-04 23:00:00,22,85,False,107
2020-06-05 00:00:00,21,88,False,109
2020-06-05 01:00:00,20,86,False,106
2020-06-05 02:00:00,19,84,False,103
2020-06-05 03:00:00,19,95,False,114
2020-06-05 04:00:00,14,85,False,99
2020-06-05 05:00:00,19,72,False,91
2020-06-05 06:00:00,13,68,False,81
2020-06-05 07:00:00,11,62,False,73
2020-06-05 08:00:00,9,66,False,75
2020-06-05 09:00:00,10,63,False,73
2020-06-05 10:00:00,11,62,False,73
2020-06-05 11:00:00,12,59,False,71
2020-06-05 12:00:00,12,58,False,70
2020-06-05 13:00:00,15,66,False,81
2020-06-05 14:00:00,15,69,False,84
2020-06-05 15:00:00,15,75,False,90
2020-06-05 16:00:00,14,75,False,89
2020-06-05 17:00:00,15,74,False,89
2020-06-05 18:00:00,16,74,False,90
2020-06-05 19:00:00,14,74,False,88
2020-06-05 20:00:00,16,72,False,88
2020-06-05 21:00:00,16,75,False,91
2020-06-05 22:00:00,18,78,False,96
2020-06-05 23:00:00,18,85,False,103
2020-06-06 00:00:00,16,87,False,103
2020-06-06 01:00:00,19,89,False,108
2020-06-06 02:00:00,18,86,False,104
2020-06-06 03:00:00,20,89,False,109
2020-06-06 04:00:00,20,80,False,100
2020-06-06 05:00:00,17,76,False,93
2020-06-06 06:00:00,14,64,False,78
2020-06-06 07:00:00,12,63,False,75
2020-06-06 08:00:00,11,63,False,74
2020-06-06 09:00:00,10,67,False,77
2020-06-06 10:00:00,11,64,False,75
2020-06-06 11:00:00,13,59,False,72
2020-06-06 12:00:00,12,61,False,73
2020-06-06 13:00:00,13,65,False,78
2020-06-06 14:00:00,14,82,False,96
2020-06-06 15:00:00,15,79,False,94
2020-06-06 16:00:00,15,81,False,96
2020-06-06 17:00:00,16,83,False,99
2020-06-06 18:00:00,12,83,False,95
2020-06-06 19:00:00,15,79,False,94
2020-06-06 20:00:00,12,81,False,93
2020-06-06 21:00:00,13,84,False,97
2020-06-06 22:00:00,14,83,False,97
2020-06-06 23:00:00,19,93,False,112
2020-06-07 00:00:00,17,89,False,106
2020-06-07 01:00:00,19,88,False,107
2020-06-07 02:00:00,20,96,False,116
2020-06-07 03:00:00,21,100,False,121
2020-06-07 04:00:00,15,88,False,103
2020-06-07 05:00:00,17,82,False,99
2020-06-07 06:00:00,14,73,False,87
2020-06-07 07:00:00,11,71,False,82
2020-06-07 08:00:00,12,71,False,83
2020-06-07 09:00:00,11,69,False,80
2020-06-07 10:00:00,10,64,False,74
2020-06-07 11:00:00,10,59,False,69
2020-06-07 12:00:00,11,65,False,76
2020-06-07 13:00:00,11,65,False,76
2020-06-07 14:00:00,11,68,False,79
2020-06-07 15:00:00,13,68,False,81
2020-06-07 16:00:00,12,79,False,91
2020-06-07 17:00:00,14,81,False,95
2020-06-07 18:00:00,12,80,False,92
2020-06-07 19:00:00,13,81,False,94
2020-06-07 20:00:00,13,78,False,91
2020-06-07 21:00:00,14,82,False,96
2020-06-07 22:00:00,16,82,False,98
2020-06-07 23:00:00,19,82,False,101
2020-06-08 00:00:00,18,91,False,109
2020-06-08 01:00:00,15,86,False,101
2020-06-08 02:00:00,20,89,False,109
2020-06-08 03:00:00,19,87,False,106
2020-06-08 04:00:00,16,77,False,93
2020-06-08 05:00:00,13,75,False,88
2020-06-08 06:00:00,11,71,False,82
2020-06-08 07:00:00,10,59,False,69
2020-06-08 08:00:00,10,62,False,72
2020-06-08 09:00:00,10,56,False,66
2020-06-08 10:00:00,8,62,False,70
2020-06-08 11:00:00,11,58,False,69
2020-06-08 12:00:00,10,58,False,68
2020-06-08 13:00:00,11,59,False,70
2020-06-08 14:00:00,13,64,False,77
2020-06-08 15:00:00,14,69,False,83
2020-06-08 16:00:00,16,72,False,88
2020-06-08 17:00:00,16,80,False,96
2020-06-08 18:00:00,15,74,False,89
2020-06-08 19:00:00,18,74,False,92
2020-06-08 20:00:00,17,75,False,92
2020-06-08 21:00:00,17,83,False,100
2020-06-08 22:00:00,18,89,False,107
2020-06-08 23:00:00,21,90,False,111
2020-06-09 00:00:00,21,87,False,108
2020-06-09 01:00:00,24,92,False,116
2020-06-09 02:00:00,20,90,False,110
2020-06-09 03:00:00,21,84,False,105
2020-06-09 04:00:00,19,86,False,105
2020-06-09 05:00:00,19,73,False,92
2020-06-09 06:00:00,13,73,False,86
2020-06-09 07:00:00,12,64,False,76
2020-06-09 08:00:00,11,67,False,78
2020-06-09 09:00:00,11,59,False,70
2020-06-09 10:00:00,9,56,False,65
2020-06-09 11:00:00,13,60,False,73
2020-06-09 12:00:00,12,61,False,73
2020-06-09 13:00:00,13,58,False,71
2020-06-09 14:00:00,13,65,False,78
2020-06-09 15:00:00,13,70,False,83
2020-06-09 16:00:00,18,72,False,90
2020-06-09 17:00:00,16,74,False,90
2020-06-09 18:00:00,15,74,False,89
2020-06-09 19:00:00,15,72,False,87
2020-06-09 20:00:00,16,78,False,94
2020-06-09 21:00:00,19,77,False,96
2020-06-09 22:00:00,16,81,False,97
2020-06-09 23:00:00,18,89,False,107
2020-06-10 00:00:00,18,87,False,105
2020-06-10 00:00:00,18,88,False,106
2020-06-10 01:00:00,20,90,False,110
2020-06-10 02:00:00,17,89,False,106
2020-06-10 03:00:00,24,89,False,113
2020-06-10 04:00:00,19,82,False,101
2020-06-10 05:00:00,17,70,False,87
2020-06-10 06:00:00,14,72,False,86
2020-06-10 07:00:00,9,65,False,74
2020-06-10 08:00:00,11,62,False,73
2020-06-10 09:00:00,11,63,False,74
2020-06-10 10:00:00,11,60,False,71
2020-06-10 11:00:00,11,57,False,68
2020-06-10 12:00:00,12,63,False,75
2020-06-10 13:00:00,15,62,False,77
2020-06-10 14:00:00,14,70,False,84
2020-06-10 15:00:00,17,74,False,91
2020-06-10 16:00:00,16,78,False,94
2020-06-10 17:00:00,17,83,False,100
2020-06-10 18:00:00,17,81,False,98
2020-06-10 19:00:00,18,82,False,100
2020-06-10 20:00:00,19,78,False,97
2020-06-10 21:00:00,21,81,False,102
2020-06-10 22:00:00,22,84,False,106
2020-06-10 23:00:00,21,85,False,106
2020-06-11 00:00:00,21,92,False,113
2020-06-11 01:00:00,22,84,False,106
2020-06-11 02:00:00,21,92,False,113
2020-06-11 03:00:00,20,84,False,104
2020-06-11 04:00:00,21,84,False,105
2020-06-11 05:00:00,21,76,False,97
2020-06-11 06:00:00,16,71,False,87
2020-06-11 07:00:00,12,62,False,74
2020-06-11 08:00:00,13,64,False,77
2020-06-11 09:00:00,11,61,False,72
2020-06-11 10:00:00,12,60,False,72
2020-06-11 11:00:00,12,60,False,72
2020-06-11 12:00:00,11,61,False,72
2020-06-11 13:00:00,13,63,False,76
2020-06-11 14:00:00,13,70,False,83
2020-06-11 15:00:00,17,73,False,90
2020-06-11 16:00:00,16,76,False,92
2020-06-11 17:00:00,16,83,False,99
2020-06-11 18:00:00,16,79,False,95
2020-06-11 19:00:00,17,77,False,94
2020-06-11 20:00:00,16,82,False,98
2020-06-11 21:00:00,18,82,False,100
2020-06-11 22:00:00,17,85,False,102
2020-06-11 23:00:00,19,86,False,105
2020-06-12 00:00:00,23,97,False,120
2020-06-12 01:00:00,19,89,False,108
2020-06-12 02:00:00,22,100,False,122
2020-06-12 03:00:00,15,95,False,110
2020-06-12 04:00:00,18,81,False,99
2020-06-12 05:00:00,14,79,False,93
2020-06-12 06:00:00,14,70,False,84
2020-06-12 07:00:00,11,67,False,78
2020-06-12 08:00:00,11,60,False,71
2020-06-12 09:00:00,12,62,False,74
2020-06-12 10:00:00,11,63,False,74
2020-06-12 11:00:00,14,59,False,73
2020-06-12 12:00:00,13,60,False,73
2020-06-12 13:00:00,15,63,False,78
2020-06-12 14:00:00,15,72,False,87
2020-06-12 15:00:00,14,73,False,87
2020-06-12 16:00:00,16,80,False,96
2020-06-12 17:00:00,14,79,False,93
2020-06-12 18:00:00,14,77,False,91
2020-06-12 19:00:00,14,80,False,94
2020-06-12 20:00:00,15,76,False,91
2020-06-12 21:00:00,17,80,False,97
2020-06-12 22:00:00,18,85,False,103
2020-06-12 23:00:00,15,89,False,104
2020-06-13 00:00:00,18,87,False,105
2020-06-13 01:00:00,21,90,False,111
2020-06-13 02:00:00,19,95,False,114
2020-06-13 03:00:00,25,96,False,121
2020-06-13 04:00:00,22,87,False,109
2020-06-13 05:00:00,17,78,False,95
2020-06-13 06:00:00,16,76,False,92
2020-06-13 07:00:00,10,68,False,78
2020-06-13 08:00:00,13,64,False,77
2020-06-13 09:00:00,14,63,False,77
2020-06-13 10:00:00,11,62,False,73
2020-06-13 11:00:00,14,59,False,73
2020-06-13 12:00:00,13,64,False,77
2020-06-13 13:00:00,15,62,False,77
2020-06-13 14:00:00,14,72,False,86
2020-06-13 15:00:00,13,75,False,88
2020-06-13 16:00:00,15,75,False,90
2020-06-13 17:00:00,14,77,False,91
2020-06-13 18:00:00,15,81,False,96
2020-06-13 19:00:00,14,80,False,94
2020-06-13 20:00:00,14,78,False,92
2020-06-13 21:00:00,15,72,False,87
2020-06-13 22:00:00,16,78,False,94
2020-06-13 23:00:00,22,87,False,109
2020-06-14 00:00:00,18,92,False,110
2020-06-14 01:00:00,17,88,False,105
2020-06-14 02:00:00,20,91,False,111
2020-06-14 03:00:00,17,90,False,107
2020-06-14 04:00:00,17,86,False,103
2020-06-14 05:00:00,18,84,False,102
2020-06-14 06:00:00,14,70,False,84
2020-06-14 07:00:00,15,64,False,79
2020-06-14 08:00:00,14,66,False,80
2020-06-14 09:00:00,11,60,False,71
2020-06-14 10:00:00,10,63,False,73
2020-06-14 11:00:00,15,63,False,78
2020-06-14 12:00:00,13,61,False,74
2020-06-14 13:00:00,13,63,False,76
2020-06-14 14:00:00,11,65,False,76
2020-06-14 15:00:00,14,74,False,88
2020-06-14 16:00:00,14,78,False,92
2020-06-14 17:00:00,13,74,False,87
2020-06-14 18:00:00,13,77,False,90
2020-06-14 19:00:00,12,76,False,88
2020-06-14 20:00:00,14,74,False,88
2020-06-14 21:00:00,15,84,False,99
2020-06-14 22:00:00,18,88,False,106
2020-06-14 23:00:00,17,93,False,110
2020-06-15 00:00:00,18,98,False,116
2020-06-15 01:00:00,16,83,False,99
2020-06-15 02:00:00,20,90,False,110
2020-06-15 03:00:00,19,86,False,105
2020-06-15 04:00:00,17,82,False,99
2020-06-15 05:00:00,13,71,False,84
2020-06-15 06:00:00,13,63,False,76
2020-06-15 07:00:00,11,60,False,71
2020-06-15 08:00:00,11,55,False,66
2020-06-15 09:00:00,10,57,False,67
2020-06-15 10:00:00,12,59,False,71
2020-06-15 11:00:00,12,56,False,68
2020-06-15 12:00:00,13,55,False,68
2020-06-15 13:00:00,14,61,False,75
2020-06-15 14:00:00,14,61,False,75
2020-06-15 15:00:00,14,63,False,77
2020-06-15 16:00:00,13,72,False,85
2020-06-15 17:00:00,15,68,False,83
2020-06-15 18:00:00,14,70,False,84
2020-06-15 19:00:00,15,70,False,85
2020-06-15 20:00:00,14,67,False,81
2020-06-15 21:00:00,17,73,False,90
2020-06-15 22:00:00,17,80,False,97
2020-06-15 23:00:00,21,80,False,101
2020-06-16 00:00:00,18,79,False,97
2020-06-16 01:00:00,20,91,False,111
2020-06-16 02:00:00,20,87,False,107
2020-06-16 03:00:00,19,79,False,98
2020-06-16 04:00:00,19,78,False,97
2020-06-16 05:00:00,17,70,False,87
2020-06-16 06:00:00,13,66,False,79
2020-06-16 07:00:00,12,62,False,74
2020-06-16 08:00:00,10,57,False,67
2020-06-16 09:00:00,11,68,False,79
2020-06-16 10:00:00,12,61,False,73
2020-06-16 11:00:00,13,55,False,68
2020-06-16 12:00:00,13,58,False,71
2020-06-16 13:00:00,14,59,False,73
2020-06-16 14:00:00,15,65,False,80
2020-06-16 15:00:00,17,71,False,88
2020-06-16 16:00:00,17,71,False,88
2020-06-16 17:00:00,15,75,False,90
2020-06-16 18:00:00,16,72,False,88
2020-06-16 19:00:00,16,73,False,89
2020-06-16 20:00:00,15,74,False,89
2020-06-16 21:00:00,16,70,False,86
2020-06-16 22:00:00,14,81,False,95
2020-06-16 23:00:00,16,79,False,95
2020-06-17 00:00:00,19,86,False,105
2020-06-17 00:00:00,20,88,False,108
2020-06-17 01:00:00,21,90,False,111
2020-06-17 02:00:00,18,93,False,111
2020-06-17 03:00:00,18,95,False,113
2020-06-17 04:00:00,16,89,False,105
2020-06-17 05:00:00,18,77,False,95
2020-06-17 06:00:00,14,64,False,78
2020-06-17 07:00:00,14,59,False,73
2020-06-17 08:00:00,11,60,False,71
2020-06-17 09:00:00,13,62,False,75
2020-06-17 10:00:00,12,55,False,67
2020-06-17 11:00:00,14,56,False,70
2020-06-17 12:00:00,13,52,False,65
2020-06-17 13:00:00,14,58,False,72
2020-06-17 14:00:00,15,65,False,80
2020-06-17 15:00:00,14,66,False,80
2020-06-17 16:00:00,14,72,False,86
2020-06-17 17:00:00,16,74,False,90
2020-06-17 18:00:00,15,70,False,85
2020-06-17 19:00:00,14,68,False,82
2020-06-17 20:00:00,13,74,False,87
2020-06-17 21:00:00,15,71,False,86
2020-06-17 22:00:00,19,84,False,103
2020-06-17 23:00:00,19,86,False,105
2020-06-18 00:00:00,18,90,False,108
2020-06-18 01:00:00,20,83,False,103
2020-06-18 02:00:00,17,89,False,106
2020-06-18 03:00:00,18,85,False,103
2020-06-18 04:00:00,17,80,False,97
2020-06-18 05:00:00,17,72,False,89
2020-06-18 06:00:00,13,59,False,72
2020-06-18 07:00:00,12,59,False,71
2020-06-18 08:00:00,10,61,False,71
2020-06-18 09:00:00,11,68,False,79
2020-06-18 10:00:00,11,60,False,71
2020-06-18 11:00:00,13,59,False,72
2020-06-18 12:00:00,13,55,False,68
2020-06-18 13:00:00,15,60,False,75
2020-06-18 14:00:00,13,65,False,78
2020-06-18 15:00:00,11,67,False,78
2020-06-18 16:00:00,15,72,False,87
2020-06-18 17:00:00,14,73,False,87
2020-06-18 18:00:00,12,74,False,86
2020-06-18 19:00:00,16,71,False,87
2020-06-18 20:00:00,15,76,False,91
2020-06-18 21:00:00,16,75,False,91
2020-06-18 22:00:00,18,80,False,98
2020-06-18 23:00:00,17,87,False,104
2020-06-19 00:00:00,18,95,False,113
2020-06-19 01:00:00,18,84,False,102
2020-06-19 02:00:00,19,90,False,109
2020-06-19 03:00:00,19,88,False,107
2020-06-19 04:00:00,19,85,False,104
2020-06-19 05:00:00,16,70,False,86
2020-06-19 06:00:00,17,63,False,80
2020-06-19 07:00:00,10,61,False,71
2020-06-19 08:00:00,13,61,False,74
2020-06-19 09:00:00,10,61,False,71
2020-06-19 10:00:00,11,65,False,76
2020-06-19 11:00:00,12,55,False,67
2020-06-19 12:00:00,12,62,False,74
2020-06-19 13:00:00,14,63,False,77
2020-06-19 14:00:00,16,64,False,80
2020-06-19 15:00:00,14,76,False,90
2020-06-19 16:00:00,13,72,False,85
2020-06-19 17:00:00,16,75,False,91
2020-06-19 18:00:00,14,76,False,90
2020-06-19 19:00:00,15,75,False,90
2020-06-19 20:00:00,14,75,False,89
2020-06-19 21:00:00,15,82,False,97
2020-06-19 22:00:00,13,80,False,93
2020-06-19 23:00:00,14,89,False,103
2020-06-20 00:00:00,16,93,False,109
2020-06-20 01:00:00,16,89,False,105
2020-06-20 02:00:00,18,91,False,109
2020-06-20 03:00:00,19,89,False,108
2020-06-20 04:00:00,22,81,False,103
2020-06-20 05:00:00,14,74,False,88
2020-06-20 06:00:00,15,75,False,90
2020-06-20 07:00:00,12,68,False,80
2020-06-20 08:00:00,10,67,False,77
2020-06-20 09:00:00,12,67,False,79
2020-06-20 10:00:00,12,65,False,77
2020-06-20 11:00:00,14,64,False,78
2020-06-20 12:00:00,12,61,False,73
2020-06-20 13:00:00,14,67,False,81
2020-06-20 14:00:00,12,72,False,84
2020-06-20 15:00:00,13,77,False,90
2020-06-20 16:00:00,13,79,False,92
2020-06-20 17:00:00,14,82,False,96
2020-06-20 18:00:00,11,84,False,95
2020-06-20 19:00:00,15,82,False,97
2020-06-20 20:00:00,14,87,False,101
2020-06-20 21:00:00,13,81,False,94
2020-06-20 22:00:00,15,82,False,97
2020-06-20 23:00:00,17,85,False,102
2020-06-21 00:00:00,14,90,False,104
2020-06-21 01:00:00,13,87,False,100
2020-06-21 02:00:00,20,100,False,120
2020-06-21 03:00:00,16,92,False,108
2020-06-21 04:00:00,18,85,False,103
2020-06-21 05:00:00,15,75,False,90
2020-06-21 06:00:00,14,72,False,86
2020-06-21 07:00:00,12,68,False,80
2020-06-21 08:00:00,14,67,False,81
2020-06-21 09:00:00,12,66,False,78
2020-06-21 10:00:00,14,69,False,83
2020-06-21 11:00:00,14,65,False,79
2020-06-21 12:00:00,12,67,False,79
2020-06-21 13:00:00,14,73,False,87
2020-06-21 14:00:00,14,68,False,82
2020-06-21 15:00:00,14,71,False,85
2020-06-21 16:00:00,12,79,False,91
2020-06-21 17:00:00,13,75,False,88
2020-06-21 18:00:00,13,78,False,91
2020-06-21 19:00:00,12,79,False,91
2020-06-21 20:00:00,14,75,False,89
2020-06-21 21:00:00,14,81,False,95
2020-06-21 22:00:00,16,84,False,100
2020-06-21 23:00:00,16,88,False,104
2020-06-22 00:00:00,14,91,False,105
2020-06-22 01:00:00,18,84,False,102
2020-06-22 02:00:00,16,90,False,106
2020-06-22 03:00:00,17,91,False,108
2020-06-22 04:00:00,15,85,False,100
2020-06-22 05:00:00,16,72,False,88
2020-06-22 06:00:00,14,58,False,72
2020-06-22 07:00:00,12,62,False,74
2020-06-22 08:00:00,11,56,False,67
2020-06-22 09:00:00,12,60,False,72
2020-06-22 10:00:00,11,59,False,70
2020-06-22 11:00:00,11,55,False,66
2020-06-22 12:00:00,12,56,False,68
2020-06-22 13:00:00,14,61,False,75
2020-06-22 14:00:00,15,60,False,75
2020-06-22 15:00:00,12,68,False,80
2020-06-22 16:00:00,16,70,False,86
2020-06-22 17:00:00,15,78,False,93
2020-06-22 18:00:00,13,70,False,83
2020-06-22 19:00:00,12,75,False,87
2020-06-22 20:00:00,14,75,False,89
2020-06-22 21:00:00,17,76,False,93
2020-06-22 22:00:00,16,76,False,92
2020-06-22 23:00:00,17,88,False,105
2020-06-23 00:00:00,16,90,False,106
2020-06-23 01:00:00,18,89,False,107
2020-06-23 02:00:00,19,95,False,114
2020-06-23 03:00:00,20,91,False,111
2020-06-23 04:00:00,18,87,False,105
2020-06-23 05:00:00,19,77,False,96
2020-06-23 06:00:00,12,64,False,76
2020-06-23 07:00:00,10,62,False,72
2020-06-23 08:00:00,10,62,False,72
2020-06-23 09:00:00,11,57,False,68
2020-06-23 10:00:00,9,61,False,70
2020-06-23 11:00:00,12,55,False,67
2020-06-23 12:00:00,13,61,False,74
2020-06-23 13:00:00,16,59,False,75
2020-06-23 14:00:00,15,63,False,78
2020-06-23 15:00:00,17,68,False,85
2020-06-23 16:00:00,15,77,False,92
2020-06-23 17:00:00,20,77,False,97
2020-06-23 18:00:00,21,79,False,100
2020-06-23 19:00:00,17,72,False,89
2020-06-23 20:00:00,16,72,False,88
2020-06-23 21:00:00,17,77,False,94
2020-06-23 22:00:00,15,84,False,99
2020-06-23 23:00:00,19,88,False,107
2020-06-24 00:00:00,18,86,False,104
2020-06-24 00:00:00,19,89,False,108
2020-06-24 01:00:00,21,93,False,114
2020-06-24 02:00:00,22,99,False,121
2020-06-24 03:00:00,17,89,False,106
2020-06-24 04:00:00,20,85,False,105
2020-06-24 05:00:00,14,72,False,86
2020-06-24 06:00:00,13,65,False,78
2020-06-24 07:00:00,11,66,False,77
2020-06-24 08:00:00,13,68,False,81
2020-06-24 09:00:00,12,67,False,79
2020-06-24 10:00:00,12,60,False,72
2020-06-24 11:00:00,12,61,False,73
2020-06-24 12:00:00,14,61,False,75
2020-06-24 13:00:00,12,67,False,79
2020-06-24 14:00:00,14,67,False,81
2020-06-24 15:00:00,14,72,False,86
2020-06-24 16:00:00,13,76,False,89
2020-06-24 17:00:00,13,71,False,84
2020-06-24 18:00:00,14,73,False,87
2020-06-24 19:00:00,11,74,False,85
2020-06-24 20:00:00,14,71,False,85
2020-06-24 21:00:00,14,77,False,91
2020-06-24 22:00:00,17,83,False,100
2020-06-24 23:00:00,16,86,False,102
2020-06-25 00:00:00,14,86,False,100
2020-06-25 01:00:00,22,92,False,114
2020-06-25 02:00:00,18,91,False,109
2020-06-25 03:00:00,16,82,False,98
2020-06-25 04:00:00,17,84,False,101
2020-06-25 05:00:00,15,73,False,88
2020-06-25 06:00:00,13,65,False,78
2020-06-25 07:00:00,9,63,False,72
2020-06-25 08:00:00,13,62,False,75
2020-06-25 09:00:00,12,66,False,78
2020-06-25 10:00:00,10,66,False,76
2020-06-25 11:00:00,14,60,False,74
2020-06-25 12:00:00,13,59,False,72
2020-06-25 13:00:00,14,66,False,80
2020-06-25 14:00:00,16,67,False,83
2020-06-25 15:00:00,15,70,False,85
2020-06-25 16:00:00,15,70,False,85
2020-06-25 17:00:00,12,75,False,87
2020-06-25 18:00:00,14,79,False,93
2020-06-25 19:00:00,17,74,False,91
2020-06-25 20:00:00,14,80,False,94
2020-06-25 21:00:00,15,75,False,90
2020-06-25 22:00:00,18,77,False,95
2020-06-25 23:00:00,16,86,False,102
2020-06-26 00:00:00,18,88,False,106
2020-06-26 01:00:00,16,92,False,108
2020-06-26 02:00:00,17,90,False,107
2020-06-26 03:00:00,20,89,False,109
2020-06-26 04:00:00,14,79,False,93
2020-06-26 05:00:00,18,74,False,92
2020-06-26 06:00:00,13,64,False,77
2020-06-26 07:00:00,11,68,False,79
2020-06-26 08:00:00,12,66,False,78
2020-06-26 09:00:00,12,65,False,77
2020-06-26 10:00:00,13,69,False,82
2020-06-26 11:00:00,12,59,False,71
2020-06-26 12:00:00,13,64,False,77
2020-06-26 13:00:00,14,61,False,75
2020-06-26 14:00:00,13,69,False,82
2020-06-26 15:00:00,13,70,False,83
2020-06-26 16:00:00,13,73,False,86
2020-06-26 17:00:00,12,78,False,90
2020-06-26 18:00:00,16,77,False,93
2020-06-26 19:00:00,14,78,False,92
2020-06-26 20:00:00,16,81,False,97
2020-06-26 21:00:00,14,81,False,95
2020-06-26 22:00:00,14,86,False,100
2020-06-26 23:00:00,15,85,False,100
2020-06-27 00:00:00,18,84,False,102
2020-06-27 01:00:00,19,91,False,110
2020-06-27 02:00:00,16,97,False,113
2020-06-27 03:00:00,17,93,False,110
2020-06-27 04:00:00,15,88,False,103
2020-06-27 05:00:00,15,74,False,89
2020-06-27 06:00:00,13,73,False,86
2020-06-27 07:00:00,12,64,False,76
2020-06-27 08:00:00,10,62,False,72
2020-06-27 09:00:00,10,64,False,74
2020-06-27 10:00:00,12,63,False,75
2020-06-27 11:00:00,12,63,False,75
2020-06-27 12:00:00,12,68,False,80
2020-06-27 13:00:00,14,69,False,83
2020-06-27 14:00:00,13,70,False,83
2020-06-27 15:00:00,13,77,False,90
2020-06-27 16:00:00,12,75,False,87
2020-06-27 17:00:00,15,83,False,98
2020-06-27 18:00:00,13,84,False,97
2020-06-27 19:00:00,13,87,False,100
2020-06-27 20:00:00,13,87,False,100
2020-06-27 21:00:00,17,84,False,101
2020-06-27 22:00:00,20,89,False,109
2020-06-27 23:00:00,18,83,False,101
2020-06-28 00:00:00,19,91,False,110
2020-06-28 01:00:00,24,99,False,123
2020-06-28 02:00:00,31,100,False,131
2020-06-28 03:00:00,27,94,False,121
2020-06-28 04:00:00,28,97,False,125
2020-06-28 05:00:00,24,86,False,110
2020-06-28 06:00:00,17,73,False,90
2020-06-28 07:00:00,17,69,False,86
2020-06-28 08:00:00,14,71,False,85
2020-06-28 09:00:00,13,63,False,76
2020-06-28 10:00:00,14,70,False,84
2020-06-28 11:00:00,15,64,False,79
2020-06-28 12:00:00,14,64,False,78
2020-06-28 13:00:00,16,66,False,82
2020-06-28 14:00:00,16,66,False,82
2020-06-28 15:00:00,14,75,False,89
2020-06-28 16:00:00,15,81,False,96
2020-06-28 17:00:00,15,84,False,99
2020-06-28 18:00:00,16,79,False,95
2020-06-28 19:00:00,16,73,False,89
2020-06-28 20:00:00,16,79,False,95
2020-06-28 21:00:00,17,77,False,94
2020-06-28 22:00:00,16,84,False,100
2020-06-28 23:00:00,21,91,False,112
2020-06-29 00:00:00,21,88,False,109
2020-06-29 01:00:00,20,86,False,106
2020-06-29 02:00:00,22,90,False,112
2020-06-29 03:00:00,19,90,False,109
2020-06-29 04:00:00,20,87,False,107
2020-06-29 05:00:00,22,72,False,94
2020-06-29 06:00:00,16,63,False,79
2020-06-29 07:00:00,11,60,False,71
2020-06-29 08:00:00,11,63,False,74
2020-06-29 09:00:00,11,62,False,73
2020-06-29 10:00:00,13,58,False,71
2020-06-29 11:00:00,14,52,False,66
2020-06-29 12:00:00,14,62,False,76
2020-06-29 13:00:00,13,61,False,74
2020-06-29 14:00:00,15,65,False,80
2020-06-29 15:00:00,14,67,False,81
2020-06-29 16:00:00,15,72,False,87
2020-06-29 17:00:00,14,75,False,89
2020-06-29 18:00:00,12,68,False,80
2020-06-29 19:00:00,14,70,False,84
2020-06-29 20:00:00,15,70,False,85
2020-06-29 21:00:00,18,77,False,95
2020-06-29 22:00:00,18,79,False,97
2020-06-29 23:00:00,21,83,False,104
2020-06-30 00:00:00,17,88,False,105
2020-06-30 01:00:00,18,86,False,104
2020-06-30 02:00:00,19,90,False,109
2020-06-30 03:00:00,20,88,False,108
2020-06-30 04:00:00,17,76,False,93
2020-06-30 05:00:00,18,76,False,94
2020-06-30 06:00:00,14,63,False,77
2020-06-30 07:00:00,9,64,False,73
2020-06-30 08:00:00,12,63,False,75
2020-06-30 09:00:00,11,64,False,75
2020-06-30 10:00:00,11,65,False,76
2020-06-30 11:00:00,11,57,False,68
2020-06-30 12:00:00,11,53,False,64
2020-06-30 13:00:00,15,64,False,79
2020-06-30 14:00:00,15,66,False,81
2020-06-30 15:00:00,14,66,False,80
2020-06-30 16:00:00,13,75,False,88
2020-06-30 17:00:00,13,74,False,87
2020-06-30 18:00:00,16,73,False,89
2020-06-30 19:00:00,14,71,False,85
2020-06-30 20:00:00,14,72,False,86
2020-06-30 21:00:00,17,71,False,88
2020-06-30 22:00:00,18,84,False,102
2020-06-30 23:00:00,19,84,False,103
2020-07-01 00:00:00,17,86,False,103
2020-07-01 00:00:00,5,25,False,30
2020-07-01 01:00:00,6,26,False,32
2020-07-01 02:00:00,6,26,False,32
2020-07-01 03:00:00,5,25,False,30
2020-07-01 04:00:00,5,23,False,28
2020-07-01 05:00:00,5,22,False,27
2020-07-01 06:00:00,3,20,False,23
2020-07-01 07:00:00,3,20,False,23
2020-07-01 08:00:00,4,17,False,21
2020-07-01 09:00:00,4,17,False,21
2020-07-01 10:00:00,4,18,False,22
2020-07-01 11:00:00,4,19,False,23
2020-07-01 12:00:00,4,17,False,21
2020-07-01 13:00:00,4,22,False,26
2020-07-01 14:00:00,4,21,False,25
2020-07-01 15:00:00,5,20,False,25
2020-07-01 16:00:00,4,21,False,25
2020-07-01 17:00:00,5,22,False,27
2020-07-01 18:00:00,4,21,False,25
2020-07-01 19:00:00,4,22,False,26
2020-07-01 20:00:00,4,22,False,26
2020-07-01 21:00:00,5,23,False,28
2020-07-01 22:00:00,5,23,False,28
2020-07-01 23:00:00,5,26,False,31
2020-07-02 00:00:00,5,24,False,29
2020-07-02 01:00:00,5,26,False,31
2020-07-02 02:00:00,6,28,False,34
2020-07-02 03:00:00,5,27,False,32
2020-07-02 04:00:00,5,27,False,32
2020-07-02 05:00:00,5,20,False,25
2020-07-02 06:00:00,3,20,False,23
2020-07-02 07:00:00,4,17,False,21
2020-07-02 08:00:00,4,20,False,24
2020-07-02 09:00:00,3,18,False,21
2020-07-02 10:00:00,4,18,False,22
2020-07-02 11:00:00,4,18,False,22
2020-07-02 12:00:00,5,17,False,22
2020-07-02 13:00:00,6,17,False,23
2020-07-02 14:00:00,6,20,False,26
2020-07-02 15:00:00,5,22,False,27
2020-07-02 16:00:00,4,22,False,26
2020-07-02 17:00:00,5,22,False,27
2020-07-02 18:00:00,4,22,False,26
2020-07-02 19:00:00,4,23,False,27
2020-07-02 20:00:00,4,22,False,26
2020-07-02 21:00:00,5,22,False,27
2020-07-02 22:00:00,5,23,False,28
2020-07-02 23:00:00,5,25,False,30
2020-07-03 00:00:00,5,26,False,31
2020-07-03 01:00:00,5,26,False,31
2020-07-03 02:00:00,5,27,False,32
2020-07-03 03:00:00,5,26,False,31
2020-07-03 04:00:00,5,25,False,30
2020-07-03 05:00:00,5,22,False,27
2020-07-03 06:00:00,4,22,False,26
2020-07-03 07:00:00,3,19,False,22
2020-07-03 08:00:00,3,19,False,22
2020-07-03 09:00:00,3,18,False,21
2020-07-03 10:00:00,3,18,False,21
2020-07-03 11:00:00,3,19,False,22
2020-07-03 12:00:00,4,17,False,21
2020-07-03 13:00:00,4,19,False,23
2020-07-03 14:00:00,3,22,False,25
2020-07-03 15:00:00,4,23,False,27
2020-07-03 16:00:00,4,26,False,30
2020-07-03 17:00:00,3,26,False,29
2020-07-03 18:00:00,4,26,False,30
2020-07-03 19:00:00,4,25,False,29
2020-07-03 20:00:00,4,25,False,29
2020-07-03 21:00:00,4,25,False,29
2020-07-03 22:00:00,4,26,False,30
2020-07-03 23:00:00,5,27,False,32
2020-07-04 00:00:00,4,28,False,32
2020-07-04 01:00:00,6,27,False,33
2020-07-04 02:00:00,5,28,False,33
2020-07-04 03:00:00,5,27,False,32
2020-07-04 04:00:00,5,24,False,29
2020-07-04 05:00:00,4,25,False,29
2020-07-04 06:00:00,4,22,False,26
2020-07-04 07:00:00,4,19,False,23
2020-07-04 08:00:00,3,19,False,22
2020-07-04 09:00:00,3,19,False,22
2020-07-04 10:00:00,3,19,False,22
2020-07-04 11:00:00,4,19,False,23
2020-07-04 12:00:00,3,19,False,22
2020-07-04 13:00:00,4,19,False,23
2020-07-04 14:00:00,4,22,False,26
2020-07-04 15:00:00,4,23,False,27
2020-07-04 16:00:00,5,24,False,29
2020-07-04 17:00:00,4,25,False,29
2020-07-04 18:00:00,4,25,False,29
2020-07-04 19:00:00,4,25,False,29
2020-07-04 20:00:00,4,24,False,28
2020-07-04 21:00:00,4,26,False,30
2020-07-04 22:00:00,5,26,False,31
2020-07-04 23:00:00,5,28,False,33
2020-07-05 00:00:00,5,27,False,32
2020-07-05 01:00:00,5,27,False,32
2020-07-05 02:00:00,4,30,False,34
2020-07-05 03:00:00,5,25,False,30
2020-07-05 04:00:00,5,26,False,31
2020-07-05 05:00:00,5,26,False,31
2020-07-05 06:00:00,4,21,False,25
2020-07-05 07:00:00,4,20,False,24
2020-07-05 08:00:00,4,21,False,25
2020-07-05 09:00:00,3,20,False,23
2020-07-05 10:00:00,4,20,False,24
2020-07-05 11:00:00,4,19,False,23
2020-07-05 12:00:00,4,19,False,23
2020-07-05 13:00:00,4,19,False,23
2020-07-05 14:00:00,4,20,False,24
2020-07-05 15:00:00,3,21,False,24
2020-07-05 16:00:00,4,24,False,28
2020-07-05 17:00:00,4,23,False,27
2020-07-05 18:00:00,4,23,False,27
2020-07-05 19:00:00,4,22,False,26
2020-07-05 20:00:00,4,23,False,27
2020-07-05 21:00:00,4,23,False,27
2020-07-05 22:00:00,4,26,False,30
2020-07-05 23:00:00,5,24,False,29
2020-07-06 00:00:00,7,26,False,33
2020-07-06 01:00:00,8,25,False,33
2020-07-06 02:00:00,8,29,False,37
2020-07-06 03:00:00,11,27,False,38
2020-07-06 04:00:00,12,24,False,36
2020-07-06 05:00:00,12,20,False,32
2020-07-06 06:00:00,15,20,False,35
2020-07-06 07:00:00,12,19,False,31
2020-07-06 08:00:00,7,17,False,24
2020-07-06 09:00:00,5,16,False,21
2020-07-06 10:00:00,6,18,False,24
2020-07-06 11:00:00,7,18,False,25
2020-07-06 12:00:00,8,18,False,26
2020-07-06 13:00:00,11,18,False,29
2020-07-06 14:00:00,12,22,False,34
2020-07-06 15:00:00,17,23,False,40
2020-07-06 16:00:00,19,24,False,43
2020-07-06 17:00:00,24,25,False,49
2020-07-06 18:00:00,22,25,False,47
2020-07-06 19:00:00,19,26,False,45
2020-07-06 20:00:00,22,25,False,47
2020-07-06 21:00:00,34,28,False,62
2020-07-06 22:00:00,43,31,False,74
2020-07-06 23:00:00,66,37,False,103
2020-07-07 00:00:00,66,35,False,101
2020-07-07 01:00:00,63,40,False,103
2020-07-07 02:00:00,88,43,False,131
2020-07-07 03:00:00,100,48,False,148
2020-07-07 04:00:00,80,38,False,118
2020-07-07 05:00:00,58,35,False,93
2020-07-07 06:00:00,43,28,False,71
2020-07-07 07:00:00,28,24,False,52
2020-07-07 08:00:00,23,23,False,46
2020-07-07 09:00:00,17,22,False,39
2020-07-07 10:00:00,21,22,False,43
2020-07-07 11:00:00,23,22,False,45
2020-07-07 12:00:00,27,23,False,50
2020-07-07 13:00:00,33,24,False,57
2020-07-07 14:00:00,39,28,False,67
2020-07-07 15:00:00,35,29,False,64
2020-07-07 16:00:00,30,27,False,57
2020-07-07 17:00:00,32,29,False,61
2020-07-07 18:00:00,30,27,False,57
2020-07-07 19:00:00,34,27,False,61
2020-07-07 20:00:00,34,27,False,61
2020-07-07 21:00:00,39,29,False,68
2020-07-07 22:00:00,67,35,False,102
2020-07-07 23:00:00,94,42,False,136
2020-07-08 00:00:00,96,41,False,137
2020-07-08 00:00:00,26,11,False,37
2020-07-08 01:00:00,42,15,False,57
2020-07-08 02:00:00,77,23,False,100
2020-07-08 03:00:00,100,31,False,131
2020-07-08 04:00:00,61,20,False,81
2020-07-08 05:00:00,52,18,False,70
2020-07-08 06:00:00,36,12,False,48
2020-07-08 07:00:00,26,10,False,36
2020-07-08 08:00:00,20,10,False,30
2020-07-08 09:00:00,17,9,False,26
2020-07-08 10:00:00,21,9,False,30
2020-07-08 11:00:00,22,10,False,32
2020-07-08 12:00:00,25,10,False,35
2020-07-08 13:00:00,26,11,False,37
2020-07-08 14:00:00,26,11,False,37
2020-07-08 15:00:00,24,11,False,35
2020-07-08 16:00:00,23,11,False,34
2020-07-08 17:00:00,24,11,False,35
2020-07-08 18:00:00,27,12,False,39
2020-07-08 19:00:00,39,15,False,54
2020-07-08 20:00:00,69,23,False,92
2020-07-08 21:00:00,58,19,False,77
2020-07-08 22:00:00,51,17,False,68
2020-07-08 23:00:00,51,17,False,68
2020-07-09 00:00:00,58,19,False,77
2020-07-09 01:00:00,49,16,False,65
2020-07-09 02:00:00,44,16,False,60
2020-07-09 03:00:00,36,14,False,50
2020-07-09 04:00:00,33,13,False,46
2020-07-09 05:00:00,27,10,False,37
2020-07-09 06:00:00,21,9,False,30
2020-07-09 07:00:00,17,8,False,25
2020-07-09 08:00:00,15,8,False,23
2020-07-09 09:00:00,14,8,False,22
2020-07-09 10:00:00,16,8,False,24
2020-07-09 11:00:00,17,8,False,25
2020-07-09 12:00:00,20,9,False,29
2020-07-09 13:00:00,22,9,False,31
2020-07-09 14:00:00,23,10,False,33
2020-07-09 15:00:00,23,10,False,33
2020-07-09 16:00:00,23,9,False,32
2020-07-09 17:00:00,24,10,False,34
2020-07-09 18:00:00,24,11,False,35
2020-07-09 19:00:00,22,10,False,32
2020-07-09 20:00:00,21,11,False,32
2020-07-09 21:00:00,22,12,False,34
2020-07-09 22:00:00,23,11,False,34
2020-07-09 23:00:00,23,11,False,34
2020-07-10 00:00:00,26,11,False,37
2020-07-10 01:00:00,22,11,False,33
2020-07-10 02:00:00,22,11,False,33
2020-07-10 03:00:00,19,11,False,30
2020-07-10 04:00:00,15,10,False,25
2020-07-10 05:00:00,14,9,False,23
2020-07-10 06:00:00,11,8,False,19
2020-07-10 07:00:00,9,7,False,16
2020-07-10 08:00:00,7,7,False,14
2020-07-10 09:00:00,7,7,False,14
2020-07-10 10:00:00,8,7,False,15
2020-07-10 11:00:00,8,7,False,15
2020-07-10 12:00:00,9,7,False,16
2020-07-10 13:00:00,9,7,False,16
2020-07-10 14:00:00,10,8,False,18
2020-07-10 15:00:00,10,9,False,19
2020-07-10 16:00:00,10,8,False,18
2020-07-10 17:00:00,10,9,False,19
2020-07-10 18:00:00,10,9,False,19
2020-07-10 19:00:00,10,9,False,19
2020-07-10 20:00:00,9,9,False,18
2020-07-10 21:00:00,10,8,False,18
2020-07-10 22:00:00,10,9,False,19
2020-07-10 23:00:00,10,9,False,19
2020-07-11 00:00:00,10,9,False,19
2020-07-11 01:00:00,9,10,False,19
2020-07-11 02:00:00,8,9,False,17
2020-07-11 03:00:00,8,9,False,17
2020-07-11 04:00:00,8,9,False,17
2020-07-11 05:00:00,7,8,False,15
2020-07-11 06:00:00,6,7,False,13
2020-07-11 07:00:00,6,8,False,14
2020-07-11 08:00:00,5,7,False,12
2020-07-11 09:00:00,4,6,False,10
2020-07-11 10:00:00,5,7,False,12
2020-07-11 11:00:00,5,6,False,11
2020-07-11 12:00:00,5,6,False,11
2020-07-11 13:00:00,5,6,False,11
2020-07-11 14:00:00,5,7,False,12
2020-07-11 15:00:00,5,7,False,12
2020-07-11 16:00:00,5,8,False,13
2020-07-11 17:00:00,5,8,False,13
2020-07-11 18:00:00,5,8,False,13
2020-07-11 19:00:00,7,8,False,15
2020-07-11 20:00:00,8,8,False,16
2020-07-11 21:00:00,7,8,False,15
2020-07-11 22:00:00,7,8,False,15
2020-07-11 23:00:00,8,8,False,16
2020-07-12 00:00:00,7,8,False,15
2020-07-12 01:00:00,7,9,False,16
2020-07-12 02:00:00,7,9,False,16
2020-07-12 03:00:00,6,9,False,15
2020-07-12 04:00:00,6,8,False,14
2020-07-12 05:00:00,5,8,False,13
2020-07-12 06:00:00,5,7,False,12
2020-07-12 07:00:00,4,7,False,11
2020-07-12 08:00:00,4,6,False,10
2020-07-12 09:00:00,4,7,False,11
2020-07-12 10:00:00,4,6,False,10
2020-07-12 11:00:00,3,6,False,9
2020-07-12 12:00:00,4,6,False,10
2020-07-12 13:00:00,4,7,False,11
2020-07-12 14:00:00,4,7,False,11
2020-07-12 15:00:00,4,7,False,11
2020-07-12 16:00:00,4,8,False,12
2020-07-12 17:00:00,5,8,False,13
2020-07-12 18:00:00,5,8,False,13
2020-07-12 19:00:00,5,8,False,13
2020-07-12 20:00:00,5,7,False,12
2020-07-12 21:00:00,6,7,False,13
2020-07-12 22:00:00,6,8,False,14
2020-07-12 23:00:00,6,8,False,14
2020-07-13 00:00:00,6,8,False,14
2020-07-13 01:00:00,6,8,False,14
2020-07-13 02:00:00,7,8,False,15
2020-07-13 03:00:00,6,8,False,14
2020-07-13 04:00:00,6,7,False,13
2020-07-13 05:00:00,5,7,False,12
2020-07-13 06:00:00,4,5,False,9
2020-07-13 07:00:00,4,5,False,9
2020-07-13 08:00:00,3,6,False,9
2020-07-13 09:00:00,3,5,False,8
2020-07-13 10:00:00,3,5,False,8
2020-07-13 11:00:00,3,5,False,8
2020-07-13 12:00:00,4,6,False,10
2020-07-13 13:00:00,5,6,False,11
2020-07-13 14:00:00,5,6,False,11
2020-07-13 15:00:00,5,7,False,12
2020-07-13 16:00:00,5,7,False,12
2020-07-13 17:00:00,5,7,False,12
2020-07-13 18:00:00,5,7,False,12
2020-07-13 19:00:00,5,8,False,13
2020-07-13 20:00:00,5,7,False,12
2020-07-13 21:00:00,5,8,False,13
2020-07-13 22:00:00,5,7,False,12
2020-07-13 23:00:00,5,8,False,13
2020-07-14 00:00:00,5,8,False,13
2020-07-14 01:00:00,5,8,False,13
2020-07-14 02:00:00,5,9,False,14
2020-07-14 03:00:00,5,8,False,13
2020-07-14 04:00:00,5,8,False,13
2020-07-14 05:00:00,4,8,False,12
2020-07-14 06:00:00,3,6,False,9
2020-07-14 07:00:00,3,6,False,9
2020-07-14 08:00:00,3,6,False,9
2020-07-14 09:00:00,3,6,False,9
2020-07-14 10:00:00,3,6,False,9
2020-07-14 11:00:00,3,6,False,9
2020-07-14 12:00:00,3,6,False,9
2020-07-14 13:00:00,3,6,False,9
2020-07-14 14:00:00,3,6,False,9
2020-07-14 15:00:00,3,6,False,9
2020-07-14 16:00:00,3,7,False,10
2020-07-14 17:00:00,4,7,False,11
2020-07-14 18:00:00,4,8,False,12
2020-07-14 19:00:00,4,7,False,11
2020-07-14 20:00:00,4,7,False,11
2020-07-14 21:00:00,4,7,False,11
2020-07-14 22:00:00,5,8,False,13
2020-07-14 23:00:00,4,8,False,12
2020-07-15 00:00:00,5,8,False,13
2020-07-15 00:00:00,14,22,False,36
2020-07-15 01:00:00,12,24,False,36
2020-07-15 02:00:00,13,25,False,38
2020-07-15 03:00:00,11,22,False,33
2020-07-15 04:00:00,11,20,False,31
2020-07-15 05:00:00,9,19,False,28
2020-07-15 06:00:00,8,17,False,25
2020-07-15 07:00:00,6,16,False,22
2020-07-15 08:00:00,6,16,False,22
2020-07-15 09:00:00,6,16,False,22
2020-07-15 10:00:00,6,16,False,22
2020-07-15 11:00:00,7,15,False,22
2020-07-15 12:00:00,7,16,False,23
2020-07-15 13:00:00,9,17,False,26
2020-07-15 14:00:00,8,18,False,26
2020-07-15 15:00:00,9,19,False,28
2020-07-15 16:00:00,9,20,False,29
2020-07-15 17:00:00,10,19,False,29
2020-07-15 18:00:00,9,18,False,27
2020-07-15 19:00:00,9,20,False,29
2020-07-15 20:00:00,9,18,False,27
2020-07-15 21:00:00,11,21,False,32
2020-07-15 22:00:00,12,21,False,33
2020-07-15 23:00:00,11,21,False,32
2020-07-16 00:00:00,12,21,False,33
2020-07-16 01:00:00,11,22,False,33
2020-07-16 02:00:00,11,24,False,35
2020-07-16 03:00:00,11,22,False,33
2020-07-16 04:00:00,11,21,False,32
2020-07-16 05:00:00,9,19,False,28
2020-07-16 06:00:00,7,16,False,23
2020-07-16 07:00:00,6,16,False,22
2020-07-16 08:00:00,6,16,False,22
2020-07-16 09:00:00,5,18,False,23
2020-07-16 10:00:00,6,15,False,21
2020-07-16 11:00:00,7,14,False,21
2020-07-16 12:00:00,7,15,False,22
2020-07-16 13:00:00,7,15,False,22
2020-07-16 14:00:00,9,17,False,26
2020-07-16 15:00:00,7,18,False,25
2020-07-16 16:00:00,8,19,False,27
2020-07-16 17:00:00,8,20,False,28
2020-07-16 18:00:00,8,18,False,26
2020-07-16 19:00:00,8,19,False,27
2020-07-16 20:00:00,8,19,False,27
2020-07-16 21:00:00,13,21,False,34
2020-07-16 22:00:00,9,20,False,29
2020-07-16 23:00:00,9,22,False,31
2020-07-17 00:00:00,10,22,False,32
2020-07-17 01:00:00,10,22,False,32
2020-07-17 02:00:00,10,24,False,34
2020-07-17 03:00:00,9,23,False,32
2020-07-17 04:00:00,9,22,False,31
2020-07-17 05:00:00,8,19,False,27
2020-07-17 06:00:00,7,17,False,24
2020-07-17 07:00:00,6,16,False,22
2020-07-17 08:00:00,6,17,False,23
2020-07-17 09:00:00,6,16,False,22
2020-07-17 10:00:00,7,16,False,23
2020-07-17 11:00:00,7,15,False,22
2020-07-17 12:00:00,6,16,False,22
2020-07-17 13:00:00,7,15,False,22
2020-07-17 14:00:00,8,17,False,25
2020-07-17 15:00:00,7,18,False,25
2020-07-17 16:00:00,8,20,False,28
2020-07-17 17:00:00,8,20,False,28
2020-07-17 18:00:00,7,20,False,27
2020-07-17 19:00:00,8,20,False,28
2020-07-17 20:00:00,9,19,False,28
2020-07-17 21:00:00,8,20,False,28
2020-07-17 22:00:00,9,20,False,29
2020-07-17 23:00:00,9,22,False,31
2020-07-18 00:00:00,15,25,False,40
2020-07-18 01:00:00,100,39,False,139
2020-07-18 02:00:00,75,35,False,110
2020-07-18 03:00:00,55,30,False,85
2020-07-18 04:00:00,46,26,False,72
2020-07-18 05:00:00,40,25,False,65
2020-07-18 06:00:00,36,22,False,58
2020-07-18 07:00:00,31,21,False,52
2020-07-18 08:00:00,30,21,False,51
2020-07-18 09:00:00,26,20,False,46
2020-07-18 10:00:00,25,20,False,45
2020-07-18 11:00:00,25,19,False,44
2020-07-18 12:00:00,25,21,False,46
2020-07-18 13:00:00,26,20,False,46
2020-07-18 14:00:00,24,20,False,44
2020-07-18 15:00:00,28,25,False,53
2020-07-18 16:00:00,29,24,False,53
2020-07-18 17:00:00,27,23,False,50
2020-07-18 18:00:00,26,24,False,50
2020-07-18 19:00:00,26,23,False,49
2020-07-18 20:00:00,26,24,False,50
2020-07-18 21:00:00,30,25,False,55
2020-07-18 22:00:00,28,25,False,53
2020-07-18 23:00:00,28,23,False,51
2020-07-19 00:00:00,26,24,False,50
2020-07-19 01:00:00,68,32,False,100
2020-07-19 02:00:00,34,28,False,62
2020-07-19 03:00:00,30,26,False,56
2020-07-19 04:00:00,27,26,False,53
2020-07-19 05:00:00,25,23,False,48
2020-07-19 06:00:00,21,20,False,41
2020-07-19 07:00:00,17,19,False,36
2020-07-19 08:00:00,16,19,False,35
2020-07-19 09:00:00,15,18,False,33
2020-07-19 10:00:00,15,19,False,34
2020-07-19 11:00:00,15,17,False,32
2020-07-19 12:00:00,15,18,False,33
2020-07-19 13:00:00,15,17,False,32
2020-07-19 14:00:00,16,20,False,36
2020-07-19 15:00:00,15,19,False,34
2020-07-19 16:00:00,15,20,False,35
2020-07-19 17:00:00,15,20,False,35
2020-07-19 18:00:00,14,20,False,34
2020-07-19 19:00:00,15,21,False,36
2020-07-19 20:00:00,14,19,False,33
2020-07-19 21:00:00,16,22,False,38
2020-07-19 22:00:00,17,23,False,40
2020-07-19 23:00:00,16,21,False,37
2020-07-20 00:00:00,14,23,False,37
2020-07-20 01:00:00,14,23,False,37
2020-07-20 02:00:00,14,20,False,34
2020-07-20 03:00:00,12,21,False,33
2020-07-20 04:00:00,14,21,False,35
2020-07-20 05:00:00,12,19,False,31
2020-07-20 06:00:00,10,16,False,26
2020-07-20 07:00:00,9,16,False,25
2020-07-20 08:00:00,8,15,False,23
2020-07-20 09:00:00,8,14,False,22
2020-07-20 10:00:00,9,15,False,24
2020-07-20 11:00:00,9,14,False,23
2020-07-20 12:00:00,10,15,False,25
2020-07-20 13:00:00,10,14,False,24
2020-07-20 14:00:00,10,17,False,27
2020-07-20 15:00:00,10,19,False,29
2020-07-20 16:00:00,11,19,False,30
2020-07-20 17:00:00,11,19,False,30
2020-07-20 18:00:00,10,19,False,29
2020-07-20 19:00:00,10,19,False,29
2020-07-20 20:00:00,11,20,False,31
2020-07-20 21:00:00,13,20,False,33
2020-07-20 22:00:00,12,20,False,32
2020-07-20 23:00:00,12,21,False,33
2020-07-21 00:00:00,12,23,False,35
2020-07-21 01:00:00,14,23,False,37
2020-07-21 02:00:00,13,21,False,34
2020-07-21 03:00:00,11,21,False,32
2020-07-21 04:00:00,10,22,False,32
2020-07-21 05:00:00,10,19,False,29
2020-07-21 06:00:00,9,16,False,25
2020-07-21 07:00:00,7,15,False,22
2020-07-21 08:00:00,6,15,False,21
2020-07-21 09:00:00,7,14,False,21
2020-07-21 10:00:00,6,14,False,20
2020-07-21 11:00:00,7,14,False,21
2020-07-21 12:00:00,7,14,False,21
2020-07-21 13:00:00,8,15,False,23
2020-07-21 14:00:00,9,16,False,25
2020-07-21 15:00:00,9,17,False,26
2020-07-21 16:00:00,8,18,False,26
2020-07-21 17:00:00,9,18,False,27
2020-07-21 18:00:00,9,18,False,27
2020-07-21 19:00:00,9,18,False,27
2020-07-21 20:00:00,9,19,False,28
2020-07-21 21:00:00,10,20,False,30
2020-07-21 22:00:00,12,20,False,32
2020-07-21 23:00:00,11,21,False,32
2020-07-22 00:00:00,10,23,False,33
2020-07-22 00:00:00,40,94,False,134
2020-07-22 01:00:00,40,87,False,127
2020-07-22 02:00:00,39,87,False,126
2020-07-22 03:00:00,41,84,False,125
2020-07-22 04:00:00,40,84,False,124
2020-07-22 05:00:00,34,75,False,109
2020-07-22 06:00:00,34,63,False,97
2020-07-22 07:00:00,29,65,False,94
2020-07-22 08:00:00,28,62,False,90
2020-07-22 09:00:00,24,58,False,82
2020-07-22 10:00:00,27,57,False,84
2020-07-22 11:00:00,25,56,False,81
2020-07-22 12:00:00,27,62,False,89
2020-07-22 13:00:00,29,65,False,94
2020-07-22 14:00:00,32,63,False,95
2020-07-22 15:00:00,30,69,False,99
2020-07-22 16:00:00,32,75,False,107
2020-07-22 17:00:00,32,75,False,107
2020-07-22 18:00:00,32,78,False,110
2020-07-22 19:00:00,33,75,False,108
2020-07-22 20:00:00,32,72,False,104
2020-07-22 21:00:00,34,77,False,111
2020-07-22 22:00:00,37,86,False,123
2020-07-22 23:00:00,43,88,False,131
2020-07-23 00:00:00,40,86,False,126
2020-07-23 01:00:00,43,84,False,127
2020-07-23 02:00:00,41,89,False,130
2020-07-23 03:00:00,44,89,False,133
2020-07-23 04:00:00,38,83,False,121
2020-07-23 05:00:00,31,71,False,102
2020-07-23 06:00:00,27,66,False,93
2020-07-23 07:00:00,25,60,False,85
2020-07-23 08:00:00,23,63,False,86
2020-07-23 09:00:00,23,59,False,82
2020-07-23 10:00:00,21,62,False,83
2020-07-23 11:00:00,29,58,False,87
2020-07-23 12:00:00,25,59,False,84
2020-07-23 13:00:00,25,64,False,89
2020-07-23 14:00:00,28,60,False,88
2020-07-23 15:00:00,28,72,False,100
2020-07-23 16:00:00,32,78,False,110
2020-07-23 17:00:00,30,78,False,108
2020-07-23 18:00:00,33,76,False,109
2020-07-23 19:00:00,28,79,False,107
2020-07-23 20:00:00,30,79,False,109
2020-07-23 21:00:00,33,80,False,113
2020-07-23 22:00:00,37,85,False,122
2020-07-23 23:00:00,33,82,False,115
2020-07-24 00:00:00,33,90,False,123
2020-07-24 01:00:00,29,83,False,112
2020-07-24 02:00:00,34,90,False,124
2020-07-24 03:00:00,35,88,False,123
2020-07-24 04:00:00,33,80,False,113
2020-07-24 05:00:00,25,76,False,101
2020-07-24 06:00:00,24,61,False,85
2020-07-24 07:00:00,24,65,False,89
2020-07-24 08:00:00,19,61,False,80
2020-07-24 09:00:00,21,58,False,79
2020-07-24 10:00:00,18,62,False,80
2020-07-24 11:00:00,21,62,False,83
2020-07-24 12:00:00,22,64,False,86
2020-07-24 13:00:00,24,63,False,87
2020-07-24 14:00:00,25,69,False,94
2020-07-24 15:00:00,27,70,False,97
2020-07-24 16:00:00,26,80,False,106
2020-07-24 17:00:00,28,81,False,109
2020-07-24 18:00:00,26,75,False,101
2020-07-24 19:00:00,30,79,False,109
2020-07-24 20:00:00,28,79,False,107
2020-07-24 21:00:00,27,76,False,103
2020-07-24 22:00:00,31,83,False,114
2020-07-24 23:00:00,30,84,False,114
2020-07-25 00:00:00,32,89,False,121
2020-07-25 01:00:00,27,86,False,113
2020-07-25 02:00:00,31,97,False,128
2020-07-25 03:00:00,29,94,False,123
2020-07-25 04:00:00,30,82,False,112
2020-07-25 05:00:00,31,75,False,106
2020-07-25 06:00:00,28,66,False,94
2020-07-25 07:00:00,24,66,False,90
2020-07-25 08:00:00,25,67,False,92
2020-07-25 09:00:00,22,68,False,90
2020-07-25 10:00:00,22,66,False,88
2020-07-25 11:00:00,24,66,False,90
2020-07-25 12:00:00,23,70,False,93
2020-07-25 13:00:00,24,67,False,91
2020-07-25 14:00:00,25,70,False,95
2020-07-25 15:00:00,26,72,False,98
2020-07-25 16:00:00,25,83,False,108
2020-07-25 17:00:00,26,82,False,108
2020-07-25 18:00:00,29,87,False,116
2020-07-25 19:00:00,27,83,False,110
2020-07-25 20:00:00,28,79,False,107
2020-07-25 21:00:00,33,82,False,115
2020-07-25 22:00:00,33,89,False,122
2020-07-25 23:00:00,42,85,False,127
2020-07-26 00:00:00,34,85,False,119
2020-07-26 01:00:00,31,85,False,116
2020-07-26 02:00:00,36,92,False,128
2020-07-26 03:00:00,37,100,False,137
2020-07-26 04:00:00,32,88,False,120
2020-07-26 05:00:00,31,77,False,108
2020-07-26 06:00:00,29,76,False,105
2020-07-26 07:00:00,25,68,False,93
2020-07-26 08:00:00,27,68,False,95
2020-07-26 09:00:00,20,69,False,89
2020-07-26 10:00:00,28,67,False,95
2020-07-26 11:00:00,27,64,False,91
2020-07-26 12:00:00,24,65,False,89
2020-07-26 13:00:00,27,67,False,94
2020-07-26 14:00:00,27,72,False,99
2020-07-26 15:00:00,26,72,False,98
2020-07-26 16:00:00,29,77,False,106
2020-07-26 17:00:00,28,74,False,102
2020-07-26 18:00:00,26,79,False,105
2020-07-26 19:00:00,28,79,False,107
2020-07-26 20:00:00,29,77,False,106
2020-07-26 21:00:00,29,75,False,104
2020-07-26 22:00:00,31,80,False,111
2020-07-26 23:00:00,31,87,False,118
2020-07-27 00:00:00,35,86,False,121
2020-07-27 01:00:00,35,83,False,118
2020-07-27 02:00:00,38,87,False,125
2020-07-27 03:00:00,34,88,False,122
2020-07-27 04:00:00,35,81,False,116
2020-07-27 05:00:00,33,69,False,102
2020-07-27 06:00:00,26,63,False,89
2020-07-27 07:00:00,22,57,False,79
2020-07-27 08:00:00,21,61,False,82
2020-07-27 09:00:00,21,60,False,81
2020-07-27 10:00:00,22,57,False,79
2020-07-27 11:00:00,20,61,False,81
2020-07-27 12:00:00,24,55,False,79
2020-07-27 13:00:00,28,62,False,90
2020-07-27 14:00:00,28,61,False,89
2020-07-27 15:00:00,29,66,False,95
2020-07-27 16:00:00,26,72,False,98
2020-07-27 17:00:00,33,74,False,107
2020-07-27 18:00:00,32,78,False,110
2020-07-27 19:00:00,31,78,False,109
2020-07-27 20:00:00,32,75,False,107
2020-07-27 21:00:00,36,83,False,119
2020-07-27 22:00:00,46,82,False,128
2020-07-27 23:00:00,44,90,False,134
2020-07-28 00:00:00,39,84,False,123
2020-07-28 01:00:00,44,82,False,126
2020-07-28 02:00:00,36,83,False,119
2020-07-28 03:00:00,40,80,False,120
2020-07-28 04:00:00,41,87,False,128
2020-07-28 05:00:00,36,76,False,112
2020-07-28 06:00:00,25,66,False,91
2020-07-28 07:00:00,21,59,False,80
2020-07-28 08:00:00,21,59,False,80
2020-07-28 09:00:00,20,57,False,77
2020-07-28 10:00:00,20,57,False,77
2020-07-28 11:00:00,20,56,False,76
2020-07-28 12:00:00,23,57,False,80
2020-07-28 13:00:00,26,61,False,87
2020-07-28 14:00:00,28,65,False,93
2020-07-28 15:00:00,28,69,False,97
2020-07-28 16:00:00,28,73,False,101
2020-07-28 17:00:00,28,78,False,106
2020-07-28 18:00:00,32,78,False,110
2020-07-28 19:00:00,28,71,False,99
2020-07-28 20:00:00,31,79,False,110
2020-07-28 21:00:00,30,76,False,106
2020-07-28 22:00:00,32,82,False,114
2020-07-28 23:00:00,31,90,False,121
2020-07-29 00:00:00,33,87,False,120
2020-07-29 00:00:00,34,89,False,123
2020-07-29 01:00:00,36,87,False,123
2020-07-29 02:00:00,35,92,False,127
2020-07-29 03:00:00,36,88,False,124
2020-07-29 04:00:00,34,87,False,121
2020-07-29 05:00:00,28,73,False,101
2020-07-29 06:00:00,26,67,False,93
2020-07-29 07:00:00,21,56,False,77
2020-07-29 08:00:00,23,57,False,80
2020-07-29 09:00:00,21,57,False,78
2020-07-29 10:00:00,24,56,False,80
2020-07-29 11:00:00,24,62,False,86
2020-07-29 12:00:00,27,62,False,89
2020-07-29 13:00:00,29,64,False,93
2020-07-29 14:00:00,28,65,False,93
2020-07-29 15:00:00,31,72,False,103
2020-07-29 16:00:00,32,76,False,108
2020-07-29 17:00:00,30,79,False,109
2020-07-29 18:00:00,28,76,False,104
2020-07-29 19:00:00,32,77,False,109
2020-07-29 20:00:00,32,77,False,109
2020-07-29 21:00:00,36,83,False,119
2020-07-29 22:00:00,36,83,False,119
2020-07-29 23:00:00,36,84,False,120
2020-07-30 00:00:00,38,87,False,125
2020-07-30 01:00:00,31,82,False,113
2020-07-30 02:00:00,34,88,False,122
2020-07-30 03:00:00,35,85,False,120
2020-07-30 04:00:00,34,84,False,118
2020-07-30 05:00:00,31,72,False,103
2020-07-30 06:00:00,29,67,False,96
2020-07-30 07:00:00,27,61,False,88
2020-07-30 08:00:00,23,61,False,84
2020-07-30 09:00:00,22,65,False,87
2020-07-30 10:00:00,23,58,False,81
2020-07-30 11:00:00,26,59,False,85
2020-07-30 12:00:00,22,59,False,81
2020-07-30 13:00:00,27,61,False,88
2020-07-30 14:00:00,26,67,False,93
2020-07-30 15:00:00,25,69,False,94
2020-07-30 16:00:00,26,74,False,100
2020-07-30 17:00:00,30,79,False,109
2020-07-30 18:00:00,31,79,False,110
2020-07-30 19:00:00,34,77,False,111
2020-07-30 20:00:00,36,81,False,117
2020-07-30 21:00:00,37,78,False,115
2020-07-30 22:00:00,36,78,False,114
2020-07-30 23:00:00,35,86,False,121
2020-07-31 00:00:00,39,83,False,122
2020-07-31 01:00:00,29,91,False,120
2020-07-31 02:00:00,36,91,False,127
2020-07-31 03:00:00,40,90,False,130
2020-07-31 04:00:00,33,84,False,117
2020-07-31 05:00:00,31,78,False,109
2020-07-31 06:00:00,26,61,False,87
2020-07-31 07:00:00,24,64,False,88
2020-07-31 08:00:00,25,60,False,85
2020-07-31 09:00:00,23,59,False,82
2020-07-31 10:00:00,25,62,False,87
2020-07-31 11:00:00,25,60,False,85
2020-07-31 12:00:00,25,60,False,85
2020-07-31 13:00:00,26,65,False,91
2020-07-31 14:00:00,28,67,False,95
2020-07-31 15:00:00,29,75,False,104
2020-07-31 16:00:00,29,77,False,106
2020-07-31 17:00:00,29,85,False,114
2020-07-31 18:00:00,28,84,False,112
2020-07-31 19:00:00,30,77,False,107
2020-07-31 20:00:00,37,85,False,122
2020-07-31 21:00:00,36,81,False,117
2020-07-31 22:00:00,40,85,False,125
2020-07-31 23:00:00,38,92,False,130
2020-08-01 00:00:00,35,89,False,124
2020-08-01 01:00:00,35,90,False,125
2020-08-01 02:00:00,34,92,False,126
2020-08-01 03:00:00,38,91,False,129
2020-08-01 04:00:00,37,84,False,121
2020-08-01 05:00:00,33,88,False,121
2020-08-01 06:00:00,32,74,False,106
2020-08-01 07:00:00,32,73,False,105
2020-08-01 08:00:00,45,74,False,119
2020-08-01 09:00:00,56,74,False,130
2020-08-01 10:00:00,40,70,False,110
2020-08-01 11:00:00,46,67,False,113
2020-08-01 12:00:00,41,74,False,115
2020-08-01 13:00:00,46,77,False,123
2020-08-01 14:00:00,42,72,False,114
2020-08-01 15:00:00,51,80,False,131
2020-08-01 16:00:00,47,83,False,130
2020-08-01 17:00:00,45,88,False,133
2020-08-01 18:00:00,43,86,False,129
2020-08-01 19:00:00,53,86,False,139
2020-08-01 20:00:00,60,90,False,150
2020-08-01 21:00:00,59,85,False,144
2020-08-01 22:00:00,60,85,False,145
2020-08-01 23:00:00,68,100,False,168
2020-08-02 00:00:00,71,89,False,160
2020-08-02 01:00:00,71,95,False,166
2020-08-02 02:00:00,62,97,False,159
2020-08-02 03:00:00,62,85,False,147
2020-08-02 04:00:00,57,88,False,145
2020-08-02 05:00:00,50,89,False,139
2020-08-02 06:00:00,39,75,False,114
2020-08-02 07:00:00,28,69,False,97
2020-08-02 08:00:00,25,68,False,93
2020-08-02 09:00:00,25,64,False,89
2020-08-02 10:00:00,23,64,False,87
2020-08-02 11:00:00,28,67,False,95
2020-08-02 12:00:00,25,67,False,92
2020-08-02 13:00:00,29,70,False,99
2020-08-02 14:00:00,30,69,False,99
2020-08-02 15:00:00,31,76,False,107
2020-08-02 16:00:00,31,80,False,111
2020-08-02 17:00:00,27,81,False,108
2020-08-02 18:00:00,30,80,False,110
2020-08-02 19:00:00,31,81,False,112
2020-08-02 20:00:00,31,77,False,108
2020-08-02 21:00:00,32,81,False,113
2020-08-02 22:00:00,35,78,False,113
2020-08-02 23:00:00,32,86,False,118
2020-08-03 00:00:00,33,91,False,124
2020-08-03 01:00:00,30,85,False,115
2020-08-03 02:00:00,34,91,False,125
2020-08-03 03:00:00,35,77,False,112
2020-08-03 04:00:00,38,79,False,117
2020-08-03 05:00:00,29,73,False,102
2020-08-03 06:00:00,25,66,False,91
2020-08-03 07:00:00,24,59,False,83
2020-08-03 08:00:00,22,60,False,82
2020-08-03 09:00:00,23,54,False,77
2020-08-03 10:00:00,21,59,False,80
2020-08-03 11:00:00,24,59,False,83
2020-08-03 12:00:00,24,55,False,79
2020-08-03 13:00:00,30,59,False,89
2020-08-03 14:00:00,30,62,False,92
2020-08-03 15:00:00,29,68,False,97
2020-08-03 16:00:00,32,73,False,105
2020-08-03 17:00:00,31,75,False,106
2020-08-03 18:00:00,31,74,False,105
2020-08-03 19:00:00,32,72,False,104
2020-08-03 20:00:00,33,76,False,109
2020-08-03 21:00:00,35,76,False,111
2020-08-03 22:00:00,35,81,False,116
2020-08-03 23:00:00,38,84,False,122
2020-08-04 00:00:00,37,82,False,119
2020-08-04 01:00:00,40,87,False,127
2020-08-04 02:00:00,37,84,False,121
2020-08-04 03:00:00,39,81,False,120
2020-08-04 04:00:00,37,79,False,116
2020-08-04 05:00:00,35,82,False,117
2020-08-04 06:00:00,20,65,False,85
2020-08-04 07:00:00,21,64,False,85
2020-08-04 08:00:00,21,58,False,79
2020-08-04 09:00:00,20,61,False,81
2020-08-04 10:00:00,24,56,False,80
2020-08-04 11:00:00,25,58,False,83
2020-08-04 12:00:00,21,58,False,79
2020-08-04 13:00:00,22,56,False,78
2020-08-04 14:00:00,28,62,False,90
2020-08-04 15:00:00,30,72,False,102
2020-08-04 16:00:00,29,77,False,106
2020-08-04 17:00:00,29,73,False,102
2020-08-04 18:00:00,28,70,False,98
2020-08-04 19:00:00,31,75,False,106
2020-08-04 20:00:00,34,77,False,111
2020-08-04 21:00:00,43,81,False,124
2020-08-04 22:00:00,44,81,False,125
2020-08-04 23:00:00,44,78,False,122
2020-08-05 00:00:00,42,85,False,127
2020-08-05 00:00:00,44,88,False,132
2020-08-05 01:00:00,45,81,False,126
2020-08-05 02:00:00,55,92,False,147
2020-08-05 03:00:00,72,91,False,163
2020-08-05 04:00:00,69,83,False,152
2020-08-05 05:00:00,63,73,False,136
2020-08-05 06:00:00,46,65,False,111
2020-08-05 07:00:00,38,64,False,102
2020-08-05 08:00:00,29,60,False,89
2020-08-05 09:00:00,25,60,False,85
2020-08-05 10:00:00,23,58,False,81
2020-08-05 11:00:00,26,54,False,80
2020-08-05 12:00:00,28,60,False,88
2020-08-05 13:00:00,35,66,False,101
2020-08-05 14:00:00,35,62,False,97
2020-08-05 15:00:00,35,71,False,106
2020-08-05 16:00:00,35,76,False,111
2020-08-05 17:00:00,32,76,False,108
2020-08-05 18:00:00,35,76,False,111
2020-08-05 19:00:00,35,78,False,113
2020-08-05 20:00:00,41,77,False,118
2020-08-05 21:00:00,40,78,False,118
2020-08-05 22:00:00,44,83,False,127
2020-08-05 23:00:00,42,77,False,119
2020-08-06 00:00:00,39,89,False,128
2020-08-06 01:00:00,38,87,False,125
2020-08-06 02:00:00,38,95,False,133
2020-08-06 03:00:00,38,86,False,124
2020-08-06 04:00:00,33,83,False,116
2020-08-06 05:00:00,31,72,False,103
2020-08-06 06:00:00,27,60,False,87
2020-08-06 07:00:00,22,58,False,80
2020-08-06 08:00:00,21,62,False,83
2020-08-06 09:00:00,22,55,False,77
2020-08-06 10:00:00,21,57,False,78
2020-08-06 11:00:00,19,58,False,77
2020-08-06 12:00:00,26,57,False,83
2020-08-06 13:00:00,28,64,False,92
2020-08-06 14:00:00,30,68,False,98
2020-08-06 15:00:00,32,74,False,106
2020-08-06 16:00:00,38,78,False,116
2020-08-06 17:00:00,38,83,False,121
2020-08-06 18:00:00,36,88,False,124
2020-08-06 19:00:00,36,79,False,115
2020-08-06 20:00:00,39,78,False,117
2020-08-06 21:00:00,38,84,False,122
2020-08-06 22:00:00,38,81,False,119
2020-08-06 23:00:00,38,84,False,122
2020-08-07 00:00:00,34,85,False,119
2020-08-07 01:00:00,41,89,False,130
2020-08-07 02:00:00,42,95,False,137
2020-08-07 03:00:00,38,92,False,130
2020-08-07 04:00:00,39,85,False,124
2020-08-07 05:00:00,35,78,False,113
2020-08-07 06:00:00,29,63,False,92
2020-08-07 07:00:00,25,63,False,88
2020-08-07 08:00:00,19,59,False,78
2020-08-07 09:00:00,21,61,False,82
2020-08-07 10:00:00,23,63,False,86
2020-08-07 11:00:00,23,62,False,85
2020-08-07 12:00:00,22,69,False,91
2020-08-07 13:00:00,25,62,False,87
2020-08-07 14:00:00,26,68,False,94
2020-08-07 15:00:00,27,70,False,97
2020-08-07 16:00:00,24,75,False,99
2020-08-07 17:00:00,25,81,False,106
2020-08-07 18:00:00,24,75,False,99
2020-08-07 19:00:00,23,83,False,106
2020-08-07 20:00:00,24,75,False,99
2020-08-07 21:00:00,28,82,False,110
2020-08-07 22:00:00,25,84,False,109
2020-08-07 23:00:00,28,87,False,115
2020-08-08 00:00:00,26,84,False,110
2020-08-08 01:00:00,27,84,False,111
2020-08-08 02:00:00,26,91,False,117
2020-08-08 03:00:00,27,86,False,113
2020-08-08 04:00:00,25,82,False,107
2020-08-08 05:00:00,23,75,False,98
2020-08-08 06:00:00,21,70,False,91
2020-08-08 07:00:00,20,66,False,86
2020-08-08 08:00:00,19,65,False,84
2020-08-08 09:00:00,17,63,False,80
2020-08-08 10:00:00,21,60,False,81
2020-08-08 11:00:00,24,66,False,90
2020-08-08 12:00:00,22,63,False,85
2020-08-08 13:00:00,24,66,False,90
2020-08-08 14:00:00,21,69,False,90
2020-08-08 15:00:00,23,80,False,103
2020-08-08 16:00:00,24,86,False,110
2020-08-08 17:00:00,23,88,False,111
2020-08-08 18:00:00,24,85,False,109
2020-08-08 19:00:00,24,81,False,105
2020-08-08 20:00:00,25,78,False,103
2020-08-08 21:00:00,27,76,False,103
2020-08-08 22:00:00,27,90,False,117
2020-08-08 23:00:00,24,84,False,108
2020-08-09 00:00:00,25,84,False,109
2020-08-09 01:00:00,31,92,False,123
2020-08-09 02:00:00,32,88,False,120
2020-08-09 03:00:00,29,100,False,129
2020-08-09 04:00:00,28,91,False,119
2020-08-09 05:00:00,27,89,False,116
2020-08-09 06:00:00,24,74,False,98
2020-08-09 07:00:00,18,71,False,89
2020-08-09 08:00:00,20,68,False,88
2020-08-09 09:00:00,19,65,False,84
2020-08-09 10:00:00,19,63,False,82
2020-08-09 11:00:00,21,65,False,86
2020-08-09 12:00:00,22,68,False,90
2020-08-09 13:00:00,21,63,False,84
2020-08-09 14:00:00,23,74,False,97
2020-08-09 15:00:00,20,73,False,93
2020-08-09 16:00:00,21,78,False,99
2020-08-09 17:00:00,23,80,False,103
2020-08-09 18:00:00,22,82,False,104
2020-08-09 19:00:00,21,75,False,96
2020-08-09 20:00:00,21,78,False,99
2020-08-09 21:00:00,26,75,False,101
2020-08-09 22:00:00,26,83,False,109
2020-08-09 23:00:00,24,81,False,105
2020-08-10 00:00:00,28,81,False,109
2020-08-10 01:00:00,28,83,False,111
2020-08-10 02:00:00,26,87,False,113
2020-08-10 03:00:00,30,82,False,112
2020-08-10 04:00:00,30,81,False,111
2020-08-10 05:00:00,26,71,False,97
2020-08-10 06:00:00,22,68,False,90
2020-08-10 07:00:00,17,59,False,76
2020-08-10 08:00:00,19,61,False,80
2020-08-10 09:00:00,17,56,False,73
2020-08-10 10:00:00,16,53,False,69
2020-08-10 11:00:00,17,54,False,71
2020-08-10 12:00:00,20,54,False,74
2020-08-10 13:00:00,21,59,False,80
2020-08-10 14:00:00,24,65,False,89
2020-08-10 15:00:00,24,70,False,94
2020-08-10 16:00:00,26,73,False,99
2020-08-10 17:00:00,27,77,False,104
2020-08-10 18:00:00,24,75,False,99
2020-08-10 19:00:00,24,74,False,98
2020-08-10 20:00:00,25,68,False,93
2020-08-10 21:00:00,25,75,False,100
2020-08-10 22:00:00,25,81,False,106
2020-08-10 23:00:00,25,75,False,100
2020-08-11 00:00:00,27,87,False,114
2020-08-11 01:00:00,29,86,False,115
2020-08-11 02:00:00,29,89,False,118
2020-08-11 03:00:00,30,82,False,112
2020-08-11 04:00:00,31,77,False,108
2020-08-11 05:00:00,31,76,False,107
2020-08-11 06:00:00,25,69,False,94
2020-08-11 07:00:00,18,59,False,77
2020-08-11 08:00:00,17,60,False,77
2020-08-11 09:00:00,16,59,False,75
2020-08-11 10:00:00,18,56,False,74
2020-08-11 11:00:00,19,64,False,83
2020-08-11 12:00:00,22,60,False,82
2020-08-11 13:00:00,18,63,False,81
2020-08-11 14:00:00,21,67,False,88
2020-08-11 15:00:00,21,78,False,99
2020-08-11 16:00:00,20,81,False,101
2020-08-11 17:00:00,24,82,False,106
2020-08-11 18:00:00,21,78,False,99
2020-08-11 19:00:00,23,81,False,104
2020-08-11 20:00:00,20,78,False,98
2020-08-11 21:00:00,22,75,False,97
2020-08-11 22:00:00,21,86,False,107
2020-08-11 23:00:00,26,81,False,107
2020-08-12 00:00:00,24,81,False,105
2020-08-12 00:00:00,25,84,False,109
2020-08-12 01:00:00,21,95,False,116
2020-08-12 02:00:00,25,94,False,119
2020-08-12 03:00:00,25,88,False,113
2020-08-12 04:00:00,21,80,False,101
2020-08-12 05:00:00,23,75,False,98
2020-08-12 06:00:00,18,65,False,83
2020-08-12 07:00:00,15,65,False,80
2020-08-12 08:00:00,16,69,False,85
2020-08-12 09:00:00,18,64,False,82
2020-08-12 10:00:00,18,71,False,89
2020-08-12 11:00:00,18,62,False,80
2020-08-12 12:00:00,19,64,False,83
2020-08-12 13:00:00,20,69,False,89
2020-08-12 14:00:00,23,73,False,96
2020-08-12 15:00:00,23,83,False,106
2020-08-12 16:00:00,23,85,False,108
2020-08-12 17:00:00,21,88,False,109
2020-08-12 18:00:00,22,84,False,106
2020-08-12 19:00:00,21,84,False,105
2020-08-12 20:00:00,25,82,False,107
2020-08-12 21:00:00,25,81,False,106
2020-08-12 22:00:00,22,84,False,106
2020-08-12 23:00:00,23,86,False,109
2020-08-13 00:00:00,25,86,False,111
2020-08-13 01:00:00,25,81,False,106
2020-08-13 02:00:00,28,95,False,123
2020-08-13 03:00:00,31,88,False,119
2020-08-13 04:00:00,28,82,False,110
2020-08-13 05:00:00,19,79,False,98
2020-08-13 06:00:00,19,65,False,84
2020-08-13 07:00:00,17,68,False,85
2020-08-13 08:00:00,16,66,False,82
2020-08-13 09:00:00,15,58,False,73
2020-08-13 10:00:00,16,59,False,75
2020-08-13 11:00:00,19,60,False,79
2020-08-13 12:00:00,19,62,False,81
2020-08-13 13:00:00,16,63,False,79
2020-08-13 14:00:00,20,71,False,91
2020-08-13 15:00:00,21,74,False,95
2020-08-13 16:00:00,20,83,False,103
2020-08-13 17:00:00,26,87,False,113
2020-08-13 18:00:00,25,84,False,109
2020-08-13 19:00:00,22,81,False,103
2020-08-13 20:00:00,24,80,False,104
2020-08-13 21:00:00,26,85,False,111
2020-08-13 22:00:00,27,86,False,113
2020-08-13 23:00:00,28,96,False,124
2020-08-14 00:00:00,28,91,False,119
2020-08-14 01:00:00,27,93,False,120
2020-08-14 02:00:00,25,90,False,115
2020-08-14 03:00:00,28,90,False,118
2020-08-14 04:00:00,25,84,False,109
2020-08-14 05:00:00,26,79,False,105
2020-08-14 06:00:00,20,69,False,89
2020-08-14 07:00:00,17,62,False,79
2020-08-14 08:00:00,15,71,False,86
2020-08-14 09:00:00,18,63,False,81
2020-08-14 10:00:00,19,65,False,84
2020-08-14 11:00:00,20,64,False,84
2020-08-14 12:00:00,20,68,False,88
2020-08-14 13:00:00,21,69,False,90
2020-08-14 14:00:00,21,74,False,95
2020-08-14 15:00:00,21,82,False,103
2020-08-14 16:00:00,23,86,False,109
2020-08-14 17:00:00,26,87,False,113
2020-08-14 18:00:00,22,84,False,106
2020-08-14 19:00:00,21,89,False,110
2020-08-14 20:00:00,23,83,False,106
2020-08-14 21:00:00,24,91,False,115
2020-08-14 22:00:00,31,84,False,115
2020-08-14 23:00:00,37,87,False,124
2020-08-15 00:00:00,38,86,False,124
2020-08-15 01:00:00,31,88,False,119
2020-08-15 02:00:00,30,91,False,121
2020-08-15 03:00:00,27,92,False,119
2020-08-15 04:00:00,29,90,False,119
2020-08-15 05:00:00,26,86,False,112
2020-08-15 06:00:00,22,73,False,95
2020-08-15 07:00:00,19,71,False,90
2020-08-15 08:00:00,18,72,False,90
2020-08-15 09:00:00,20,68,False,88
2020-08-15 10:00:00,21,67,False,88
2020-08-15 11:00:00,18,63,False,81
2020-08-15 12:00:00,21,72,False,93
2020-08-15 13:00:00,24,72,False,96
2020-08-15 14:00:00,27,81,False,108
2020-08-15 15:00:00,26,81,False,107
2020-08-15 16:00:00,27,87,False,114
2020-08-15 17:00:00,26,87,False,113
2020-08-15 18:00:00,21,86,False,107
2020-08-15 19:00:00,23,83,False,106
2020-08-15 20:00:00,26,83,False,109
2020-08-15 21:00:00,27,83,False,110
2020-08-15 22:00:00,28,90,False,118
2020-08-15 23:00:00,26,89,False,115
2020-08-16 00:00:00,28,92,False,120
2020-08-16 01:00:00,27,100,False,127
2020-08-16 02:00:00,29,91,False,120
2020-08-16 03:00:00,29,91,False,120
2020-08-16 04:00:00,24,93,False,117
2020-08-16 05:00:00,26,83,False,109
2020-08-16 06:00:00,25,74,False,99
2020-08-16 07:00:00,20,66,False,86
2020-08-16 08:00:00,18,66,False,84
2020-08-16 09:00:00,21,74,False,95
2020-08-16 10:00:00,18,70,False,88
2020-08-16 11:00:00,21,65,False,86
2020-08-16 12:00:00,21,66,False,87
2020-08-16 13:00:00,20,67,False,87
2020-08-16 14:00:00,19,75,False,94
2020-08-16 15:00:00,20,84,False,104
2020-08-16 16:00:00,22,85,False,107
2020-08-16 17:00:00,22,83,False,105
2020-08-16 18:00:00,23,80,False,103
2020-08-16 19:00:00,23,76,False,99
2020-08-16 20:00:00,22,85,False,107
2020-08-16 21:00:00,27,83,False,110
2020-08-16 22:00:00,24,86,False,110
2020-08-16 23:00:00,24,89,False,113
2020-08-17 00:00:00,29,90,False,119
2020-08-17 01:00:00,28,84,False,112
2020-08-17 02:00:00,31,94,False,125
2020-08-17 03:00:00,27,90,False,117
2020-08-17 04:00:00,23,90,False,113
2020-08-17 05:00:00,24,80,False,104
2020-08-17 06:00:00,19,66,False,85
2020-08-17 07:00:00,28,63,False,91
2020-08-17 08:00:00,27,62,False,89
2020-08-17 09:00:00,20,68,False,88
2020-08-17 10:00:00,19,63,False,82
2020-08-17 11:00:00,22,65,False,87
2020-08-17 12:00:00,20,58,False,78
2020-08-17 13:00:00,23,66,False,89
2020-08-17 14:00:00,25,72,False,97
2020-08-17 15:00:00,26,78,False,104
2020-08-17 16:00:00,26,86,False,112
2020-08-17 17:00:00,31,90,False,121
2020-08-17 18:00:00,27,86,False,113
2020-08-17 19:00:00,29,79,False,108
2020-08-17 20:00:00,33,82,False,115
2020-08-17 21:00:00,33,87,False,120
2020-08-17 22:00:00,36,88,False,124
2020-08-17 23:00:00,35,90,False,125
2020-08-18 00:00:00,33,93,False,126
2020-08-18 01:00:00,34,86,False,120
2020-08-18 02:00:00,35,89,False,124
2020-08-18 03:00:00,34,93,False,127
2020-08-18 04:00:00,32,78,False,110
2020-08-18 05:00:00,28,77,False,105
2020-08-18 06:00:00,20,68,False,88
2020-08-18 07:00:00,22,65,False,87
2020-08-18 08:00:00,19,65,False,84
2020-08-18 09:00:00,19,65,False,84
2020-08-18 10:00:00,20,66,False,86
2020-08-18 11:00:00,18,65,False,83
2020-08-18 12:00:00,20,68,False,88
2020-08-18 13:00:00,21,71,False,92
2020-08-18 14:00:00,23,81,False,104
2020-08-18 15:00:00,24,79,False,103
2020-08-18 16:00:00,21,88,False,109
2020-08-18 17:00:00,26,89,False,115
2020-08-18 18:00:00,26,88,False,114
2020-08-18 19:00:00,25,81,False,106
2020-08-18 20:00:00,23,85,False,108
2020-08-18 21:00:00,27,82,False,109
2020-08-18 22:00:00,32,87,False,119
2020-08-18 23:00:00,36,99,False,135
2020-08-19 00:00:00,30,93,False,123
2020-08-19 00:00:00,29,93,False,122
2020-08-19 01:00:00,29,86,False,115
2020-08-19 02:00:00,33,96,False,129
2020-08-19 03:00:00,35,87,False,122
2020-08-19 04:00:00,29,89,False,118
2020-08-19 05:00:00,23,74,False,97
2020-08-19 06:00:00,20,71,False,91
2020-08-19 07:00:00,17,65,False,82
2020-08-19 08:00:00,18,69,False,87
2020-08-19 09:00:00,17,64,False,81
2020-08-19 10:00:00,15,64,False,79
2020-08-19 11:00:00,18,63,False,81
2020-08-19 12:00:00,16,65,False,81
2020-08-19 13:00:00,21,69,False,90
2020-08-19 14:00:00,19,77,False,96
2020-08-19 15:00:00,19,80,False,99
2020-08-19 16:00:00,20,85,False,105
2020-08-19 17:00:00,23,90,False,113
2020-08-19 18:00:00,20,87,False,107
2020-08-19 19:00:00,20,81,False,101
2020-08-19 20:00:00,20,79,False,99
2020-08-19 21:00:00,22,90,False,112
2020-08-19 22:00:00,24,84,False,108
2020-08-19 23:00:00,24,89,False,113
2020-08-20 00:00:00,23,93,False,116
2020-08-20 01:00:00,22,93,False,115
2020-08-20 02:00:00,26,93,False,119
2020-08-20 03:00:00,23,85,False,108
2020-08-20 04:00:00,22,87,False,109
2020-08-20 05:00:00,20,76,False,96
2020-08-20 06:00:00,19,70,False,89
2020-08-20 07:00:00,17,60,False,77
2020-08-20 08:00:00,17,61,False,78
2020-08-20 09:00:00,12,60,False,72
2020-08-20 10:00:00,16,59,False,75
2020-08-20 11:00:00,17,63,False,80
2020-08-20 12:00:00,21,70,False,91
2020-08-20 13:00:00,22,73,False,95
2020-08-20 14:00:00,20,83,False,103
2020-08-20 15:00:00,21,90,False,111
2020-08-20 16:00:00,22,92,False,114
2020-08-20 17:00:00,25,92,False,117
2020-08-20 18:00:00,22,93,False,115
2020-08-20 19:00:00,23,89,False,112
2020-08-20 20:00:00,20,88,False,108
2020-08-20 21:00:00,26,89,False,115
2020-08-20 22:00:00,24,93,False,117
2020-08-20 23:00:00,27,92,False,119
2020-08-21 00:00:00,23,94,False,117
2020-08-21 01:00:00,26,91,False,117
2020-08-21 02:00:00,26,94,False,120
2020-08-21 03:00:00,23,90,False,113
2020-08-21 04:00:00,26,83,False,109
2020-08-21 05:00:00,26,74,False,100
2020-08-21 06:00:00,19,62,False,81
2020-08-21 07:00:00,16,65,False,81
2020-08-21 08:00:00,18,64,False,82
2020-08-21 09:00:00,16,64,False,80
2020-08-21 10:00:00,16,62,False,78
2020-08-21 11:00:00,18,65,False,83
2020-08-21 12:00:00,16,72,False,88
2020-08-21 13:00:00,19,77,False,96
2020-08-21 14:00:00,19,77,False,96
2020-08-21 15:00:00,20,88,False,108
2020-08-21 16:00:00,20,93,False,113
2020-08-21 17:00:00,18,97,False,115
2020-08-21 18:00:00,17,94,False,111
2020-08-21 19:00:00,21,100,False,121
2020-08-21 20:00:00,20,89,False,109
2020-08-21 21:00:00,20,85,False,105
2020-08-21 22:00:00,21,90,False,111
2020-08-21 23:00:00,21,91,False,112
2020-08-22 00:00:00,21,89,False,110
2020-08-22 01:00:00,20,93,False,113
2020-08-22 02:00:00,24,94,False,118
2020-08-22 03:00:00,26,91,False,117
2020-08-22 04:00:00,24,94,False,118
2020-08-22 05:00:00,22,88,False,110
2020-08-22 06:00:00,18,74,False,92
2020-08-22 07:00:00,18,67,False,85
2020-08-22 08:00:00,16,67,False,83
2020-08-22 09:00:00,16,69,False,85
2020-08-22 10:00:00,14,63,False,77
2020-08-22 11:00:00,18,67,False,85
2020-08-22 12:00:00,16,67,False,83
2020-08-22 13:00:00,18,72,False,90
2020-08-22 14:00:00,17,76,False,93
2020-08-22 15:00:00,18,77,False,95
2020-08-22 16:00:00,17,85,False,102
2020-08-22 17:00:00,20,89,False,109
2020-08-22 18:00:00,17,87,False,104
2020-08-22 19:00:00,18,84,False,102
2020-08-22 20:00:00,21,85,False,106
2020-08-22 21:00:00,24,89,False,113
2020-08-22 22:00:00,23,81,False,104
2020-08-22 23:00:00,23,96,False,119
2020-08-23 00:00:00,24,86,False,110
2020-08-23 01:00:00,19,98,False,117
2020-08-23 02:00:00,22,100,False,122
2020-08-23 03:00:00,22,87,False,109
2020-08-23 04:00:00,21,86,False,107
2020-08-23 05:00:00,24,81,False,105
2020-08-23 06:00:00,21,74,False,95
2020-08-23 07:00:00,15,67,False,82
2020-08-23 08:00:00,16,70,False,86
2020-08-23 09:00:00,16,70,False,86
2020-08-23 10:00:00,15,65,False,80
2020-08-23 11:00:00,18,69,False,87
2020-08-23 12:00:00,17,66,False,83
2020-08-23 13:00:00,15,68,False,83
2020-08-23 14:00:00,17,70,False,87
2020-08-23 15:00:00,19,71,False,90
2020-08-23 16:00:00,18,83,False,101
2020-08-23 17:00:00,18,80,False,98
2020-08-23 18:00:00,18,76,False,94
2020-08-23 19:00:00,15,73,False,88
2020-08-23 20:00:00,17,75,False,92
2020-08-23 21:00:00,19,79,False,98
2020-08-23 22:00:00,21,82,False,103
2020-08-23 23:00:00,19,86,False,105
2020-08-24 00:00:00,17,89,False,106
2020-08-24 01:00:00,21,90,False,111
2020-08-24 02:00:00,23,91,False,114
2020-08-24 03:00:00,21,79,False,100
2020-08-24 04:00:00,22,80,False,102
2020-08-24 05:00:00,18,72,False,90
2020-08-24 06:00:00,17,65,False,82
2020-08-24 07:00:00,15,63,False,78
2020-08-24 08:00:00,16,59,False,75
2020-08-24 09:00:00,16,56,False,72
2020-08-24 10:00:00,13,58,False,71
2020-08-24 11:00:00,17,58,False,75
2020-08-24 12:00:00,16,63,False,79
2020-08-24 13:00:00,19,69,False,88
2020-08-24 14:00:00,21,74,False,95
2020-08-24 15:00:00,17,85,False,102
2020-08-24 16:00:00,20,92,False,112
2020-08-24 17:00:00,20,93,False,113
2020-08-24 18:00:00,19,87,False,106
2020-08-24 19:00:00,18,92,False,110
2020-08-24 20:00:00,17,83,False,100
2020-08-24 21:00:00,21,86,False,107
2020-08-24 22:00:00,22,80,False,102
2020-08-24 23:00:00,20,88,False,108
2020-08-25 00:00:00,20,91,False,111
2020-08-25 01:00:00,21,85,False,106
2020-08-25 02:00:00,20,91,False,111
2020-08-25 03:00:00,22,85,False,107
2020-08-25 04:00:00,18,74,False,92
2020-08-25 05:00:00,19,72,False,91
2020-08-25 06:00:00,17,62,False,79
2020-08-25 07:00:00,15,60,False,75
2020-08-25 08:00:00,13,64,False,77
2020-08-25 09:00:00,14,59,False,73
2020-08-25 10:00:00,13,60,False,73
2020-08-25 11:00:00,17,64,False,81
2020-08-25 12:00:00,14,69,False,83
2020-08-25 13:00:00,16,78,False,94
2020-08-25 14:00:00,17,81,False,98
2020-08-25 15:00:00,18,83,False,101
2020-08-25 16:00:00,18,93,False,111
2020-08-25 17:00:00,18,93,False,111
2020-08-25 18:00:00,16,91,False,107
2020-08-25 19:00:00,18,89,False,107
2020-08-25 20:00:00,21,88,False,109
2020-08-25 21:00:00,22,83,False,105
2020-08-25 22:00:00,21,82,False,103
2020-08-25 23:00:00,23,90,False,113
2020-08-26 00:00:00,24,94,False,118
2020-08-26 00:00:00,23,91,False,114
2020-08-26 01:00:00,18,86,False,104
2020-08-26 02:00:00,22,78,False,100
2020-08-26 03:00:00,18,78,False,96
2020-08-26 04:00:00,19,82,False,101
2020-08-26 05:00:00,19,74,False,93
2020-08-26 06:00:00,17,62,False,79
2020-08-26 07:00:00,15,61,False,76
2020-08-26 08:00:00,14,62,False,76
2020-08-26 09:00:00,13,62,False,75
2020-08-26 10:00:00,15,59,False,74
2020-08-26 11:00:00,18,59,False,77
2020-08-26 12:00:00,13,65,False,78
2020-08-26 13:00:00,18,73,False,91
2020-08-26 14:00:00,15,77,False,92
2020-08-26 15:00:00,17,91,False,108
2020-08-26 16:00:00,17,92,False,109
2020-08-26 17:00:00,19,94,False,113
2020-08-26 18:00:00,19,87,False,106
2020-08-26 19:00:00,16,92,False,108
2020-08-26 20:00:00,21,83,False,104
2020-08-26 21:00:00,17,81,False,98
2020-08-26 22:00:00,19,87,False,106
2020-08-26 23:00:00,17,87,False,104
2020-08-27 00:00:00,20,91,False,111
2020-08-27 01:00:00,21,85,False,106
2020-08-27 02:00:00,21,88,False,109
2020-08-27 03:00:00,18,89,False,107
2020-08-27 04:00:00,17,79,False,96
2020-08-27 05:00:00,17,66,False,83
2020-08-27 06:00:00,14,60,False,74
2020-08-27 07:00:00,12,59,False,71
2020-08-27 08:00:00,12,61,False,73
2020-08-27 09:00:00,12,60,False,72
2020-08-27 10:00:00,15,59,False,74
2020-08-27 11:00:00,15,63,False,78
2020-08-27 12:00:00,13,67,False,80
2020-08-27 13:00:00,15,72,False,87
2020-08-27 14:00:00,17,78,False,95
2020-08-27 15:00:00,15,92,False,107
2020-08-27 16:00:00,18,90,False,108
2020-08-27 17:00:00,18,95,False,113
2020-08-27 18:00:00,18,95,False,113
2020-08-27 19:00:00,18,87,False,105
2020-08-27 20:00:00,18,81,False,99
2020-08-27 21:00:00,19,78,False,97
2020-08-27 22:00:00,17,80,False,97
2020-08-27 23:00:00,21,85,False,106
2020-08-28 00:00:00,19,93,False,112
2020-08-28 01:00:00,18,84,False,102
2020-08-28 02:00:00,20,89,False,109
2020-08-28 03:00:00,19,84,False,103
2020-08-28 04:00:00,19,77,False,96
2020-08-28 05:00:00,18,71,False,89
2020-08-28 06:00:00,17,68,False,85
2020-08-28 07:00:00,13,61,False,74
2020-08-28 08:00:00,11,65,False,76
2020-08-28 09:00:00,12,64,False,76
2020-08-28 10:00:00,12,60,False,72
2020-08-28 11:00:00,15,63,False,78
2020-08-28 12:00:00,13,68,False,81
2020-08-28 13:00:00,15,76,False,91
2020-08-28 14:00:00,14,80,False,94
2020-08-28 15:00:00,16,95,False,111
2020-08-28 16:00:00,19,93,False,112
2020-08-28 17:00:00,18,100,False,118
2020-08-28 18:00:00,16,93,False,109
2020-08-28 19:00:00,18,92,False,110
2020-08-28 20:00:00,21,87,False,108
2020-08-28 21:00:00,21,82,False,103
2020-08-28 22:00:00,18,85,False,103
2020-08-28 23:00:00,18,85,False,103
2020-08-29 00:00:00,24,85,False,109
2020-08-29 01:00:00,22,83,False,105
2020-08-29 02:00:00,17,84,False,101
2020-08-29 03:00:00,21,79,False,100
2020-08-29 04:00:00,19,80,False,99
2020-08-29 05:00:00,19,78,False,97
2020-08-29 06:00:00,18,63,False,81
2020-08-29 07:00:00,15,68,False,83
2020-08-29 08:00:00,16,64,False,80
2020-08-29 09:00:00,15,60,False,75
2020-08-29 10:00:00,16,63,False,79
2020-08-29 11:00:00,15,61,False,76
2020-08-29 12:00:00,15,63,False,78
2020-08-29 13:00:00,17,61,False,78
2020-08-29 14:00:00,18,69,False,87
2020-08-29 15:00:00,15,69,False,84
2020-08-29 16:00:00,15,82,False,97
2020-08-29 17:00:00,21,77,False,98
2020-08-29 18:00:00,17,84,False,101
2020-08-29 19:00:00,19,80,False,99
2020-08-29 20:00:00,19,78,False,97
2020-08-29 21:00:00,17,77,False,94
2020-08-29 22:00:00,19,78,False,97
2020-08-29 23:00:00,19,93,False,112
2020-08-30 00:00:00,21,87,False,108
2020-08-30 01:00:00,20,94,False,114
2020-08-30 02:00:00,24,89,False,113
2020-08-30 03:00:00,22,90,False,112
2020-08-30 04:00:00,21,85,False,106
2020-08-30 05:00:00,23,80,False,103
2020-08-30 06:00:00,17,72,False,89
2020-08-30 07:00:00,17,60,False,77
2020-08-30 08:00:00,14,64,False,78
2020-08-30 09:00:00,11,60,False,71
2020-08-30 10:00:00,14,54,False,68
2020-08-30 11:00:00,16,66,False,82
2020-08-30 12:00:00,15,61,False,76
2020-08-30 13:00:00,17,61,False,78
2020-08-30 14:00:00,14,65,False,79
2020-08-30 15:00:00,17,74,False,91
2020-08-30 16:00:00,16,79,False,95
2020-08-30 17:00:00,19,73,False,92
2020-08-30 18:00:00,15,79,False,94
2020-08-30 19:00:00,17,73,False,90
2020-08-30 20:00:00,18,77,False,95
2020-08-30 21:00:00,22,78,False,100
2020-08-30 22:00:00,21,86,False,107
2020-08-30 23:00:00,22,84,False,106
2020-08-31 00:00:00,23,84,False,107
2020-08-31 01:00:00,18,85,False,103
2020-08-31 02:00:00,23,83,False,106
2020-08-31 03:00:00,24,83,False,107
2020-08-31 04:00:00,22,75,False,97
2020-08-31 05:00:00,20,73,False,93
2020-08-31 06:00:00,16,59,False,75
2020-08-31 07:00:00,15,55,False,70
2020-08-31 08:00:00,16,59,False,75
2020-08-31 09:00:00,14,54,False,68
2020-08-31 10:00:00,14,57,False,71
2020-08-31 11:00:00,18,57,False,75
2020-08-31 12:00:00,15,67,False,82
2020-08-31 13:00:00,17,68,False,85
2020-08-31 14:00:00,16,75,False,91
2020-08-31 15:00:00,19,84,False,103
2020-08-31 16:00:00,17,81,False,98
2020-08-31 17:00:00,17,87,False,104
2020-08-31 18:00:00,18,89,False,107
2020-08-31 19:00:00,21,88,False,109
2020-08-31 20:00:00,21,85,False,106
2020-08-31 21:00:00,19,80,False,99
2020-08-31 22:00:00,18,84,False,102
2020-08-31 23:00:00,24,82,False,106
2020-09-01 00:00:00,25,81,False,106
2020-09-01 01:00:00,20,83,False,103
2020-09-01 02:00:00,24,90,False,114
2020-09-01 03:00:00,21,83,False,104
2020-09-01 04:00:00,21,75,False,96
2020-09-01 05:00:00,20,69,False,89
2020-09-01 06:00:00,16,67,False,83
2020-09-01 07:00:00,18,60,False,78
2020-09-01 08:00:00,14,58,False,72
2020-09-01 09:00:00,16,59,False,75
2020-09-01 10:00:00,15,57,False,72
2020-09-01 11:00:00,18,58,False,76
2020-09-01 12:00:00,17,70,False,87
2020-09-01 13:00:00,15,73,False,88
2020-09-01 14:00:00,19,76,False,95
2020-09-01 15:00:00,19,83,False,102
2020-09-01 16:00:00,19,90,False,109
2020-09-01 17:00:00,19,90,False,109
2020-09-01 18:00:00,20,91,False,111
2020-09-01 19:00:00,19,84,False,103
2020-09-01 20:00:00,20,81,False,101
2020-09-01 21:00:00,20,81,False,101
2020-09-01 22:00:00,23,83,False,106
2020-09-01 23:00:00,23,86,False,109
2020-09-02 00:00:00,25,88,False,113
2020-09-02 00:00:00,25,90,False,115
2020-09-02 01:00:00,22,87,False,109
2020-09-02 02:00:00,22,89,False,111
2020-09-02 03:00:00,25,86,False,111
2020-09-02 04:00:00,23,74,False,97
2020-09-02 05:00:00,22,74,False,96
2020-09-02 06:00:00,19,61,False,80
2020-09-02 07:00:00,18,55,False,73
2020-09-02 08:00:00,16,60,False,76
2020-09-02 09:00:00,15,60,False,75
2020-09-02 10:00:00,16,60,False,76
2020-09-02 11:00:00,18,66,False,84
2020-09-02 12:00:00,20,70,False,90
2020-09-02 13:00:00,17,77,False,94
2020-09-02 14:00:00,18,82,False,100
2020-09-02 15:00:00,19,90,False,109
2020-09-02 16:00:00,19,93,False,112
2020-09-02 17:00:00,19,98,False,117
2020-09-02 18:00:00,19,94,False,113
2020-09-02 19:00:00,19,90,False,109
2020-09-02 20:00:00,21,83,False,104
2020-09-02 21:00:00,24,80,False,104
2020-09-02 22:00:00,20,86,False,106
2020-09-02 23:00:00,21,83,False,104
2020-09-03 00:00:00,20,89,False,109
2020-09-03 01:00:00,25,91,False,116
2020-09-03 02:00:00,27,91,False,118
2020-09-03 03:00:00,22,74,False,96
2020-09-03 04:00:00,23,80,False,103
2020-09-03 05:00:00,20,67,False,87
2020-09-03 06:00:00,17,63,False,80
2020-09-03 07:00:00,14,65,False,79
2020-09-03 08:00:00,15,61,False,76
2020-09-03 09:00:00,14,58,False,72
2020-09-03 10:00:00,14,57,False,71
2020-09-03 11:00:00,16,61,False,77
2020-09-03 12:00:00,16,74,False,90
2020-09-03 13:00:00,22,80,False,102
2020-09-03 14:00:00,19,84,False,103
2020-09-03 15:00:00,20,96,False,116
2020-09-03 16:00:00,17,96,False,113
2020-09-03 17:00:00,20,98,False,118
2020-09-03 18:00:00,20,100,False,120
2020-09-03 19:00:00,23,96,False,119
2020-09-03 20:00:00,19,86,False,105
2020-09-03 21:00:00,21,83,False,104
2020-09-03 22:00:00,24,86,False,110
2020-09-03 23:00:00,28,96,False,124
2020-09-04 00:00:00,25,95,False,120
2020-09-04 01:00:00,25,92,False,117
2020-09-04 02:00:00,28,91,False,119
2020-09-04 03:00:00,24,82,False,106
2020-09-04 04:00:00,22,79,False,101
2020-09-04 05:00:00,21,70,False,91
2020-09-04 06:00:00,18,67,False,85
2020-09-04 07:00:00,19,64,False,83
2020-09-04 08:00:00,16,61,False,77
2020-09-04 09:00:00,17,62,False,79
2020-09-04 10:00:00,16,63,False,79
2020-09-04 11:00:00,15,67,False,82
2020-09-04 12:00:00,17,79,False,96
2020-09-04 13:00:00,16,85,False,101
2020-09-04 14:00:00,19,88,False,107
2020-09-04 15:00:00,18,88,False,106
2020-09-04 16:00:00,21,93,False,114
2020-09-04 17:00:00,18,100,False,118
2020-09-04 18:00:00,18,100,False,118
2020-09-04 19:00:00,22,96,False,118
2020-09-04 20:00:00,21,97,False,118
2020-09-04 21:00:00,25,86,False,111
2020-09-04 22:00:00,25,91,False,116
2020-09-04 23:00:00,25,86,False,111
2020-09-05 00:00:00,26,91,False,117
2020-09-05 01:00:00,20,88,False,108
2020-09-05 02:00:00,23,89,False,112
2020-09-05 03:00:00,21,85,False,106
2020-09-05 04:00:00,24,83,False,107
2020-09-05 05:00:00,23,70,False,93
2020-09-05 06:00:00,16,66,False,82
2020-09-05 07:00:00,17,62,False,79
2020-09-05 08:00:00,18,62,False,80
2020-09-05 09:00:00,13,62,False,75
2020-09-05 10:00:00,14,59,False,73
2020-09-05 11:00:00,16,59,False,75
2020-09-05 12:00:00,17,61,False,78
2020-09-05 13:00:00,16,66,False,82
2020-09-05 14:00:00,16,66,False,82
2020-09-05 15:00:00,18,79,False,97
2020-09-05 16:00:00,20,84,False,104
2020-09-05 17:00:00,17,83,False,100
2020-09-05 18:00:00,17,84,False,101
2020-09-05 19:00:00,17,80,False,97
2020-09-05 20:00:00,17,75,False,92
2020-09-05 21:00:00,19,80,False,99
2020-09-05 22:00:00,18,80,False,98
2020-09-05 23:00:00,19,85,False,104
2020-09-06 00:00:00,19,81,False,100
2020-09-06 01:00:00,19,85,False,104
2020-09-06 02:00:00,19,85,False,104
2020-09-06 03:00:00,22,90,False,112
2020-09-06 04:00:00,22,81,False,103
2020-09-06 05:00:00,21,72,False,93
2020-09-06 06:00:00,16,71,False,87
2020-09-06 07:00:00,13,66,False,79
2020-09-06 08:00:00,15,61,False,76
2020-09-06 09:00:00,13,56,False,69
2020-09-06 10:00:00,14,58,False,72
2020-09-06 11:00:00,18,65,False,83
2020-09-06 12:00:00,18,62,False,80
2020-09-06 13:00:00,13,62,False,75
2020-09-06 14:00:00,16,69,False,85
2020-09-06 15:00:00,17,76,False,93
2020-09-06 16:00:00,16,77,False,93
2020-09-06 17:00:00,17,77,False,94
2020-09-06 18:00:00,19,77,False,96
2020-09-06 19:00:00,17,81,False,98
2020-09-06 20:00:00,16,73,False,89
2020-09-06 21:00:00,18,74,False,92
2020-09-06 22:00:00,19,77,False,96
2020-09-06 23:00:00,16,83,False,99
2020-09-07 00:00:00,21,87,False,108
2020-09-07 01:00:00,20,79,False,99
2020-09-07 02:00:00,22,90,False,112
2020-09-07 03:00:00,19,81,False,100
2020-09-07 04:00:00,22,76,False,98
2020-09-07 05:00:00,17,64,False,81
2020-09-07 06:00:00,15,63,False,78
2020-09-07 07:00:00,13,52,False,65
2020-09-07 08:00:00,11,54,False,65
2020-09-07 09:00:00,14,56,False,70
2020-09-07 10:00:00,13,54,False,67
2020-09-07 11:00:00,14,52,False,66
2020-09-07 12:00:00,14,56,False,70
2020-09-07 13:00:00,17,56,False,73
2020-09-07 14:00:00,14,61,False,75
2020-09-07 15:00:00,15,69,False,84
2020-09-07 16:00:00,16,67,False,83
2020-09-07 17:00:00,15,73,False,88
2020-09-07 18:00:00,16,70,False,86
2020-09-07 19:00:00,15,72,False,87
2020-09-07 20:00:00,16,70,False,86
2020-09-07 21:00:00,17,73,False,90
2020-09-07 22:00:00,19,75,False,94
2020-09-07 23:00:00,17,81,False,98
2020-09-08 00:00:00,21,81,False,102
2020-09-08 01:00:00,19,78,False,97
2020-09-08 02:00:00,18,85,False,103
2020-09-08 03:00:00,15,81,False,96
2020-09-08 04:00:00,15,66,False,81
2020-09-08 05:00:00,17,65,False,82
2020-09-08 06:00:00,13,60,False,73
2020-09-08 07:00:00,12,65,False,77
2020-09-08 08:00:00,13,60,False,73
2020-09-08 09:00:00,14,59,False,73
2020-09-08 10:00:00,12,56,False,68
2020-09-08 11:00:00,16,60,False,76
2020-09-08 12:00:00,15,67,False,82
2020-09-08 13:00:00,15,78,False,93
2020-09-08 14:00:00,16,77,False,93
2020-09-08 15:00:00,16,84,False,100
2020-09-08 16:00:00,16,95,False,111
2020-09-08 17:00:00,15,95,False,110
2020-09-08 18:00:00,16,87,False,103
2020-09-08 19:00:00,19,84,False,103
2020-09-08 20:00:00,19,82,False,101
2020-09-08 21:00:00,17,76,False,93
2020-09-08 22:00:00,20,75,False,95
2020-09-08 23:00:00,19,81,False,100
2020-09-09 00:00:00,19,83,False,102
2020-09-09 00:00:00,17,76,False,93
2020-09-09 01:00:00,15,73,False,88
2020-09-09 02:00:00,14,69,False,83
2020-09-09 03:00:00,19,66,False,85
2020-09-09 04:00:00,15,67,False,82
2020-09-09 05:00:00,15,53,False,68
2020-09-09 06:00:00,13,54,False,67
2020-09-09 07:00:00,11,54,False,65
2020-09-09 08:00:00,11,58,False,69
2020-09-09 09:00:00,10,53,False,63
2020-09-09 10:00:00,12,53,False,65
2020-09-09 11:00:00,15,55,False,70
2020-09-09 12:00:00,13,67,False,80
2020-09-09 13:00:00,13,69,False,82
2020-09-09 14:00:00,13,76,False,89
2020-09-09 15:00:00,14,84,False,98
2020-09-09 16:00:00,14,88,False,102
2020-09-09 17:00:00,17,92,False,109
2020-09-09 18:00:00,16,91,False,107
2020-09-09 19:00:00,16,83,False,99
2020-09-09 20:00:00,16,78,False,94
2020-09-09 21:00:00,17,72,False,89
2020-09-09 22:00:00,16,73,False,89
2020-09-09 23:00:00,17,77,False,94
2020-09-10 00:00:00,16,75,False,91
2020-09-10 01:00:00,20,76,False,96
2020-09-10 02:00:00,18,77,False,95
2020-09-10 03:00:00,16,68,False,84
2020-09-10 04:00:00,16,68,False,84
2020-09-10 05:00:00,16,57,False,73
2020-09-10 06:00:00,14,57,False,71
2020-09-10 07:00:00,11,50,False,61
2020-09-10 08:00:00,12,56,False,68
2020-09-10 09:00:00,8,53,False,61
2020-09-10 10:00:00,11,54,False,65
2020-09-10 11:00:00,13,54,False,67
2020-09-10 12:00:00,10,69,False,79
2020-09-10 13:00:00,13,77,False,90
2020-09-10 14:00:00,16,79,False,95
2020-09-10 15:00:00,15,87,False,102
2020-09-10 16:00:00,14,92,False,106
2020-09-10 17:00:00,15,94,False,109
2020-09-10 18:00:00,15,91,False,106
2020-09-10 19:00:00,13,86,False,99
2020-09-10 20:00:00,15,78,False,93
2020-09-10 21:00:00,15,75,False,90
2020-09-10 22:00:00,15,72,False,87
2020-09-10 23:00:00,15,78,False,93
2020-09-11 00:00:00,15,74,False,89
2020-09-11 01:00:00,14,78,False,92
2020-09-11 02:00:00,15,76,False,91
2020-09-11 03:00:00,16,73,False,89
2020-09-11 04:00:00,19,70,False,89
2020-09-11 05:00:00,18,59,False,77
2020-09-11 06:00:00,12,60,False,72
2020-09-11 07:00:00,11,53,False,64
2020-09-11 08:00:00,12,56,False,68
2020-09-11 09:00:00,10,56,False,66
2020-09-11 10:00:00,12,54,False,66
2020-09-11 11:00:00,13,61,False,74
2020-09-11 12:00:00,12,71,False,83
2020-09-11 13:00:00,13,81,False,94
2020-09-11 14:00:00,14,85,False,99
2020-09-11 15:00:00,11,85,False,96
2020-09-11 16:00:00,12,91,False,103
2020-09-11 17:00:00,13,100,False,113
2020-09-11 18:00:00,13,91,False,104
2020-09-11 19:00:00,15,92,False,107
2020-09-11 20:00:00,14,82,False,96
2020-09-11 21:00:00,13,75,False,88
2020-09-11 22:00:00,16,80,False,96
2020-09-11 23:00:00,14,87,False,101
2020-09-12 00:00:00,13,89,False,102
2020-09-12 01:00:00,15,80,False,95
2020-09-12 02:00:00,15,79,False,94
2020-09-12 03:00:00,14,76,False,90
2020-09-12 04:00:00,18,68,False,86
2020-09-12 05:00:00,16,64,False,80
2020-09-12 06:00:00,13,59,False,72
2020-09-12 07:00:00,12,53,False,65
2020-09-12 08:00:00,10,60,False,70
2020-09-12 09:00:00,11,58,False,69
2020-09-12 10:00:00,12,55,False,67
2020-09-12 11:00:00,11,53,False,64
2020-09-12 12:00:00,10,58,False,68
2020-09-12 13:00:00,12,58,False,70
2020-09-12 14:00:00,11,63,False,74
2020-09-12 15:00:00,11,71,False,82
2020-09-12 16:00:00,14,71,False,85
2020-09-12 17:00:00,12,72,False,84
2020-09-12 18:00:00,12,75,False,87
2020-09-12 19:00:00,14,77,False,91
2020-09-12 20:00:00,14,76,False,90
2020-09-12 21:00:00,16,72,False,88
2020-09-12 22:00:00,14,72,False,86
2020-09-12 23:00:00,15,72,False,87
2020-09-13 00:00:00,18,73,False,91
2020-09-13 01:00:00,15,77,False,92
2020-09-13 02:00:00,13,77,False,90
2020-09-13 03:00:00,17,72,False,89
2020-09-13 04:00:00,16,73,False,89
2020-09-13 05:00:00,15,69,False,84
2020-09-13 06:00:00,16,59,False,75
2020-09-13 07:00:00,13,56,False,69
2020-09-13 08:00:00,11,57,False,68
2020-09-13 09:00:00,10,54,False,64
2020-09-13 10:00:00,11,57,False,68
2020-09-13 11:00:00,13,56,False,69
2020-09-13 12:00:00,10,54,False,64
2020-09-13 13:00:00,13,57,False,70
2020-09-13 14:00:00,13,60,False,73
2020-09-13 15:00:00,11,61,False,72
2020-09-13 16:00:00,14,65,False,79
2020-09-13 17:00:00,12,63,False,75
2020-09-13 18:00:00,12,64,False,76
2020-09-13 19:00:00,11,62,False,73
2020-09-13 20:00:00,13,60,False,73
2020-09-13 21:00:00,13,65,False,78
2020-09-13 22:00:00,13,70,False,83
2020-09-13 23:00:00,12,70,False,82
2020-09-14 00:00:00,14,75,False,89
2020-09-14 01:00:00,14,73,False,87
2020-09-14 02:00:00,17,76,False,93
2020-09-14 03:00:00,13,68,False,81
2020-09-14 04:00:00,16,65,False,81
2020-09-14 05:00:00,12,61,False,73
2020-09-14 06:00:00,11,55,False,66
2020-09-14 07:00:00,10,48,False,58
2020-09-14 08:00:00,10,51,False,61
2020-09-14 09:00:00,12,47,False,59
2020-09-14 10:00:00,11,50,False,61
2020-09-14 11:00:00,11,54,False,65
2020-09-14 12:00:00,12,62,False,74
2020-09-14 13:00:00,11,67,False,78
2020-09-14 14:00:00,12,74,False,86
2020-09-14 15:00:00,14,79,False,93
2020-09-14 16:00:00,14,86,False,100
2020-09-14 17:00:00,15,91,False,106
2020-09-14 18:00:00,15,75,False,90
2020-09-14 19:00:00,14,78,False,92
2020-09-14 20:00:00,15,73,False,88
2020-09-14 21:00:00,16,69,False,85
2020-09-14 22:00:00,17,75,False,92
2020-09-14 23:00:00,15,76,False,91
2020-09-15 00:00:00,15,75,False,90
2020-09-15 01:00:00,14,71,False,85
2020-09-15 02:00:00,16,80,False,96
2020-09-15 03:00:00,19,73,False,92
2020-09-15 04:00:00,17,62,False,79
2020-09-15 05:00:00,16,58,False,74
2020-09-15 06:00:00,14,58,False,72
2020-09-15 07:00:00,14,57,False,71
2020-09-15 08:00:00,11,53,False,64
2020-09-15 09:00:00,11,55,False,66
2020-09-15 10:00:00,10,49,False,59
2020-09-15 11:00:00,13,56,False,69
2020-09-15 12:00:00,13,64,False,77
2020-09-15 13:00:00,13,73,False,86
2020-09-15 14:00:00,12,73,False,85
2020-09-15 15:00:00,14,82,False,96
2020-09-15 16:00:00,16,86,False,102
2020-09-15 17:00:00,16,89,False,105
2020-09-15 18:00:00,15,83,False,98
2020-09-15 19:00:00,15,85,False,100
2020-09-15 20:00:00,17,81,False,98
2020-09-15 21:00:00,18,74,False,92
2020-09-15 22:00:00,15,77,False,92
2020-09-15 23:00:00,16,76,False,92
2020-09-16 00:00:00,18,82,False,100
2020-09-16 00:00:00,16,71,False,87
2020-09-16 01:00:00,12,63,False,75
2020-09-16 02:00:00,14,67,False,81
2020-09-16 03:00:00,14,63,False,77
2020-09-16 04:00:00,17,58,False,75
2020-09-16 05:00:00,13,50,False,63
2020-09-16 06:00:00,11,47,False,58
2020-09-16 07:00:00,11,46,False,57
2020-09-16 08:00:00,10,48,False,58
2020-09-16 09:00:00,10,45,False,55
2020-09-16 10:00:00,9,45,False,54
2020-09-16 11:00:00,9,47,False,56
2020-09-16 12:00:00,11,58,False,69
2020-09-16 13:00:00,11,64,False,75
2020-09-16 14:00:00,12,69,False,81
2020-09-16 15:00:00,12,75,False,87
2020-09-16 16:00:00,13,81,False,94
2020-09-16 17:00:00,13,84,False,97
2020-09-16 18:00:00,12,77,False,89
2020-09-16 19:00:00,15,71,False,86
2020-09-16 20:00:00,13,66,False,79
2020-09-16 21:00:00,14,64,False,78
2020-09-16 22:00:00,14,63,False,77
2020-09-16 23:00:00,14,70,False,84
2020-09-17 00:00:00,14,70,False,84
2020-09-17 01:00:00,15,69,False,84
2020-09-17 02:00:00,12,68,False,80
2020-09-17 03:00:00,15,62,False,77
2020-09-17 04:00:00,12,60,False,72
2020-09-17 05:00:00,12,50,False,62
2020-09-17 06:00:00,11,48,False,59
2020-09-17 07:00:00,9,51,False,60
2020-09-17 08:00:00,9,48,False,57
2020-09-17 09:00:00,9,46,False,55
2020-09-17 10:00:00,10,46,False,56
2020-09-17 11:00:00,10,50,False,60
2020-09-17 12:00:00,11,60,False,71
2020-09-17 13:00:00,12,69,False,81
2020-09-17 14:00:00,11,91,False,102
2020-09-17 15:00:00,15,100,False,115
2020-09-17 16:00:00,14,92,False,106
2020-09-17 17:00:00,16,98,False,114
2020-09-17 18:00:00,13,87,False,100
2020-09-17 19:00:00,15,81,False,96
2020-09-17 20:00:00,13,78,False,91
2020-09-17 21:00:00,12,71,False,83
2020-09-17 22:00:00,15,73,False,88
2020-09-17 23:00:00,17,71,False,88
2020-09-18 00:00:00,14,72,False,86
2020-09-18 01:00:00,14,73,False,87
2020-09-18 02:00:00,13,66,False,79
2020-09-18 03:00:00,16,64,False,80
2020-09-18 04:00:00,14,59,False,73
2020-09-18 05:00:00,13,54,False,67
2020-09-18 06:00:00,11,50,False,61
2020-09-18 07:00:00,10,52,False,62
2020-09-18 08:00:00,9,48,False,57
2020-09-18 09:00:00,10,50,False,60
2020-09-18 10:00:00,11,49,False,60
2020-09-18 11:00:00,11,56,False,67
2020-09-18 12:00:00,9,65,False,74
2020-09-18 13:00:00,12,73,False,85
2020-09-18 14:00:00,10,79,False,89
2020-09-18 15:00:00,11,85,False,96
2020-09-18 16:00:00,13,88,False,101
2020-09-18 17:00:00,14,88,False,102
2020-09-18 18:00:00,11,81,False,92
2020-09-18 19:00:00,12,80,False,92
2020-09-18 20:00:00,13,72,False,85
2020-09-18 21:00:00,13,71,False,84
2020-09-18 22:00:00,13,71,False,84
2020-09-18 23:00:00,14,64,False,78
2020-09-19 00:00:00,12,69,False,81
2020-09-19 01:00:00,14,73,False,87
2020-09-19 02:00:00,10,69,False,79
2020-09-19 03:00:00,11,66,False,77
2020-09-19 04:00:00,16,66,False,82
2020-09-19 05:00:00,14,58,False,72
2020-09-19 06:00:00,11,53,False,64
2020-09-19 07:00:00,11,47,False,58
2020-09-19 08:00:00,9,51,False,60
2020-09-19 09:00:00,11,50,False,61
2020-09-19 10:00:00,10,46,False,56
2020-09-19 11:00:00,11,47,False,58
2020-09-19 12:00:00,9,46,False,55
2020-09-19 13:00:00,10,50,False,60
2020-09-19 14:00:00,10,52,False,62
2020-09-19 15:00:00,10,59,False,69
2020-09-19 16:00:00,10,62,False,72
2020-09-19 17:00:00,10,62,False,72
2020-09-19 18:00:00,11,64,False,75
2020-09-19 19:00:00,11,61,False,72
2020-09-19 20:00:00,11,67,False,78
2020-09-19 21:00:00,11,63,False,74
2020-09-19 22:00:00,14,64,False,78
2020-09-19 23:00:00,14,67,False,81
2020-09-20 00:00:00,15,69,False,84
2020-09-20 01:00:00,13,72,False,85
2020-09-20 02:00:00,14,67,False,81
2020-09-20 03:00:00,14,68,False,82
2020-09-20 04:00:00,16,67,False,83
2020-09-20 05:00:00,15,59,False,74
2020-09-20 06:00:00,14,54,False,68
2020-09-20 07:00:00,12,49,False,61
2020-09-20 08:00:00,10,45,False,55
2020-09-20 09:00:00,10,43,False,53
2020-09-20 10:00:00,10,46,False,56
2020-09-20 11:00:00,11,44,False,55
2020-09-20 12:00:00,11,45,False,56
2020-09-20 13:00:00,9,48,False,57
2020-09-20 14:00:00,10,51,False,61
2020-09-20 15:00:00,9,55,False,64
2020-09-20 16:00:00,9,60,False,69
2020-09-20 17:00:00,11,57,False,68
2020-09-20 18:00:00,10,57,False,67
2020-09-20 19:00:00,11,61,False,72
2020-09-20 20:00:00,11,54,False,65
2020-09-20 21:00:00,12,59,False,71
2020-09-20 22:00:00,10,64,False,74
2020-09-20 23:00:00,13,60,False,73
2020-09-21 00:00:00,11,64,False,75
2020-09-21 01:00:00,12,62,False,74
2020-09-21 02:00:00,10,64,False,74
2020-09-21 03:00:00,15,61,False,76
2020-09-21 04:00:00,14,55,False,69
2020-09-21 05:00:00,10,48,False,58
2020-09-21 06:00:00,10,49,False,59
2020-09-21 07:00:00,10,43,False,53
2020-09-21 08:00:00,9,43,False,52
2020-09-21 09:00:00,9,41,False,50
2020-09-21 10:00:00,11,42,False,53
2020-09-21 11:00:00,12,50,False,62
2020-09-21 12:00:00,11,56,False,67
2020-09-21 13:00:00,11,62,False,73
2020-09-21 14:00:00,12,66,False,78
2020-09-21 15:00:00,13,74,False,87
2020-09-21 16:00:00,12,74,False,86
2020-09-21 17:00:00,13,78,False,91
2020-09-21 18:00:00,11,73,False,84
2020-09-21 19:00:00,13,71,False,84
2020-09-21 20:00:00,14,70,False,84
2020-09-21 21:00:00,14,66,False,80
2020-09-21 22:00:00,15,62,False,77
2020-09-21 23:00:00,15,71,False,86
2020-09-22 00:00:00,14,74,False,88
2020-09-22 01:00:00,16,68,False,84
2020-09-22 02:00:00,13,62,False,75
2020-09-22 03:00:00,15,63,False,78
2020-09-22 04:00:00,15,52,False,67
2020-09-22 05:00:00,13,53,False,66
2020-09-22 06:00:00,12,51,False,63
2020-09-22 07:00:00,10,50,False,60
2020-09-22 08:00:00,11,49,False,60
2020-09-22 09:00:00,12,45,False,57
2020-09-22 10:00:00,11,50,False,61
2020-09-22 11:00:00,10,52,False,62
2020-09-22 12:00:00,11,61,False,72
2020-09-22 13:00:00,11,69,False,80
2020-09-22 14:00:00,10,73,False,83
2020-09-22 15:00:00,10,73,False,83
2020-09-22 16:00:00,12,78,False,90
2020-09-22 17:00:00,11,80,False,91
2020-09-22 18:00:00,12,77,False,89
2020-09-22 19:00:00,12,73,False,85
2020-09-22 20:00:00,12,67,False,79
2020-09-22 21:00:00,12,63,False,75
2020-09-22 22:00:00,15,67,False,82
2020-09-22 23:00:00,15,68,False,83
2020-09-23 00:00:00,14,71,False,85
2020-09-23 00:00:00,11,56,False,67
2020-09-23 01:00:00,10,50,False,60
2020-09-23 02:00:00,9,53,False,62
2020-09-23 03:00:00,11,49,False,60
2020-09-23 04:00:00,10,47,False,57
2020-09-23 05:00:00,10,41,False,51
2020-09-23 06:00:00,8,37,False,45
2020-09-23 07:00:00,9,38,False,47
2020-09-23 08:00:00,9,37,False,46
2020-09-23 09:00:00,8,37,False,45
2020-09-23 10:00:00,7,37,False,44
2020-09-23 11:00:00,8,42,False,50
2020-09-23 12:00:00,8,49,False,57
2020-09-23 13:00:00,8,53,False,61
2020-09-23 14:00:00,8,56,False,64
2020-09-23 15:00:00,8,56,False,64
2020-09-23 16:00:00,9,59,False,68
2020-09-23 17:00:00,10,61,False,71
2020-09-23 18:00:00,8,59,False,67
2020-09-23 19:00:00,9,56,False,65
2020-09-23 20:00:00,10,55,False,65
2020-09-23 21:00:00,11,50,False,61
2020-09-23 22:00:00,10,50,False,60
2020-09-23 23:00:00,11,50,False,61
2020-09-24 00:00:00,9,54,False,63
2020-09-24 01:00:00,9,51,False,60
2020-09-24 02:00:00,9,51,False,60
2020-09-24 03:00:00,10,46,False,56
2020-09-24 04:00:00,11,41,False,52
2020-09-24 05:00:00,10,39,False,49
2020-09-24 06:00:00,8,39,False,47
2020-09-24 07:00:00,7,35,False,42
2020-09-24 08:00:00,7,39,False,46
2020-09-24 09:00:00,7,36,False,43
2020-09-24 10:00:00,8,36,False,44
2020-09-24 11:00:00,8,40,False,48
2020-09-24 12:00:00,8,50,False,58
2020-09-24 13:00:00,9,55,False,64
2020-09-24 14:00:00,8,57,False,65
2020-09-24 15:00:00,8,60,False,68
2020-09-24 16:00:00,9,60,False,69
2020-09-24 17:00:00,8,66,False,74
2020-09-24 18:00:00,9,60,False,69
2020-09-24 19:00:00,9,55,False,64
2020-09-24 20:00:00,9,54,False,63
2020-09-24 21:00:00,9,49,False,58
2020-09-24 22:00:00,12,50,False,62
2020-09-24 23:00:00,9,53,False,62
2020-09-25 00:00:00,10,55,False,65
2020-09-25 01:00:00,12,47,False,59
2020-09-25 02:00:00,12,48,False,60
2020-09-25 03:00:00,10,50,False,60
2020-09-25 04:00:00,12,44,False,56
2020-09-25 05:00:00,11,42,False,53
2020-09-25 06:00:00,9,38,False,47
2020-09-25 07:00:00,8,36,False,44
2020-09-25 08:00:00,8,37,False,45
2020-09-25 09:00:00,8,37,False,45
2020-09-25 10:00:00,7,38,False,45
2020-09-25 11:00:00,10,39,False,49
2020-09-25 12:00:00,8,44,False,52
2020-09-25 13:00:00,8,49,False,57
2020-09-25 14:00:00,8,53,False,61
2020-09-25 15:00:00,8,55,False,63
2020-09-25 16:00:00,8,61,False,69
2020-09-25 17:00:00,9,63,False,72
2020-09-25 18:00:00,9,59,False,68
2020-09-25 19:00:00,8,59,False,67
2020-09-25 20:00:00,10,73,False,83
2020-09-25 21:00:00,11,76,False,87
2020-09-25 22:00:00,12,84,False,96
2020-09-25 23:00:00,10,93,False,103
2020-09-26 00:00:00,10,100,False,110
2020-09-26 01:00:00,10,97,False,107
2020-09-26 02:00:00,10,93,False,103
2020-09-26 03:00:00,12,88,False,100
2020-09-26 04:00:00,10,73,False,83
2020-09-26 05:00:00,11,63,False,74
2020-09-26 06:00:00,8,52,False,60
2020-09-26 07:00:00,7,54,False,61
2020-09-26 08:00:00,8,55,False,63
2020-09-26 09:00:00,7,48,False,55
2020-09-26 10:00:00,8,50,False,58
2020-09-26 11:00:00,9,51,False,60
2020-09-26 12:00:00,7,53,False,60
2020-09-26 13:00:00,9,64,False,73
2020-09-26 14:00:00,9,66,False,75
2020-09-26 15:00:00,8,66,False,74
2020-09-26 16:00:00,9,63,False,72
2020-09-26 17:00:00,9,69,False,78
2020-09-26 18:00:00,9,66,False,75
2020-09-26 19:00:00,8,70,False,78
2020-09-26 20:00:00,8,63,False,71
2020-09-26 21:00:00,11,59,False,70
2020-09-26 22:00:00,9,62,False,71
2020-09-26 23:00:00,10,61,False,71
2020-09-27 00:00:00,9,60,False,69
2020-09-27 01:00:00,11,54,False,65
2020-09-27 02:00:00,9,63,False,72
2020-09-27 03:00:00,9,57,False,66
2020-09-27 04:00:00,12,56,False,68
2020-09-27 05:00:00,10,49,False,59
2020-09-27 06:00:00,8,47,False,55
2020-09-27 07:00:00,6,51,False,57
2020-09-27 08:00:00,7,59,False,66
2020-09-27 09:00:00,9,54,False,63
2020-09-27 10:00:00,8,51,False,59
2020-09-27 11:00:00,9,53,False,62
2020-09-27 12:00:00,8,52,False,60
2020-09-27 13:00:00,8,53,False,61
2020-09-27 14:00:00,9,53,False,62
2020-09-27 15:00:00,8,57,False,65
2020-09-27 16:00:00,8,55,False,63
2020-09-27 17:00:00,9,57,False,66
2020-09-27 18:00:00,8,53,False,61
2020-09-27 19:00:00,8,56,False,64
2020-09-27 20:00:00,9,53,False,62
2020-09-27 21:00:00,11,60,False,71
2020-09-27 22:00:00,10,62,False,72
2020-09-27 23:00:00,9,53,False,62
2020-09-28 00:00:00,10,51,False,61
2020-09-28 01:00:00,10,53,False,63
2020-09-28 02:00:00,11,55,False,66
2020-09-28 03:00:00,8,49,False,57
2020-09-28 04:00:00,10,48,False,58
2020-09-28 05:00:00,8,44,False,52
2020-09-28 06:00:00,9,40,False,49
2020-09-28 07:00:00,8,39,False,47
2020-09-28 08:00:00,10,34,False,44
2020-09-28 09:00:00,7,37,False,44
2020-09-28 10:00:00,8,39,False,47
2020-09-28 11:00:00,8,37,False,45
2020-09-28 12:00:00,6,44,False,50
2020-09-28 13:00:00,8,42,False,50
2020-09-28 14:00:00,7,49,False,56
2020-09-28 15:00:00,8,54,False,62
2020-09-28 16:00:00,10,55,False,65
2020-09-28 17:00:00,9,56,False,65
2020-09-28 18:00:00,8,57,False,65
2020-09-28 19:00:00,8,53,False,61
2020-09-28 20:00:00,9,47,False,56
2020-09-28 21:00:00,9,49,False,58
2020-09-28 22:00:00,9,53,False,62
2020-09-28 23:00:00,10,51,False,61
2020-09-29 00:00:00,11,51,False,62
2020-09-29 01:00:00,9,49,False,58
2020-09-29 02:00:00,12,51,False,63
2020-09-29 03:00:00,9,46,False,55
2020-09-29 04:00:00,11,45,False,56
2020-09-29 05:00:00,12,40,False,52
2020-09-29 06:00:00,8,39,False,47
2020-09-29 07:00:00,9,36,False,45
2020-09-29 08:00:00,6,37,False,43
2020-09-29 09:00:00,7,33,False,40
2020-09-29 10:00:00,8,37,False,45
2020-09-29 11:00:00,8,39,False,47
2020-09-29 12:00:00,9,43,False,52
2020-09-29 13:00:00,8,46,False,54
2020-09-29 14:00:00,8,54,False,62
2020-09-29 15:00:00,9,56,False,65
2020-09-29 16:00:00,9,56,False,65
2020-09-29 17:00:00,7,57,False,64
2020-09-29 18:00:00,7,57,False,64
2020-09-29 19:00:00,8,60,False,68
2020-09-29 20:00:00,8,53,False,61
2020-09-29 21:00:00,9,54,False,63
2020-09-29 22:00:00,10,54,False,64
2020-09-29 23:00:00,11,46,False,57
2020-09-30 00:00:00,9,49,False,58
2020-09-30 00:00:00,15,81,False,96
2020-09-30 01:00:00,14,74,False,88
2020-09-30 02:00:00,17,77,False,94
2020-09-30 03:00:00,15,80,False,95
2020-09-30 04:00:00,18,74,False,92
2020-09-30 05:00:00,15,73,False,88
2020-09-30 06:00:00,12,67,False,79
2020-09-30 07:00:00,11,66,False,77
2020-09-30 08:00:00,12,57,False,69
2020-09-30 09:00:00,13,54,False,67
2020-09-30 10:00:00,13,64,False,77
2020-09-30 11:00:00,12,68,False,80
2020-09-30 12:00:00,12,78,False,90
2020-09-30 13:00:00,13,80,False,93
2020-09-30 14:00:00,12,84,False,96
2020-09-30 15:00:00,14,89,False,103
2020-09-30 16:00:00,15,90,False,105
2020-09-30 17:00:00,13,93,False,106
2020-09-30 18:00:00,12,92,False,104
2020-09-30 19:00:00,13,90,False,103
2020-09-30 20:00:00,13,78,False,91
2020-09-30 21:00:00,13,77,False,90
2020-09-30 22:00:00,13,78,False,91
2020-09-30 23:00:00,16,77,False,93
2020-10-01 00:00:00,12,79,False,91
2020-10-01 01:00:00,13,78,False,91
2020-10-01 02:00:00,18,74,False,92
2020-10-01 03:00:00,15,72,False,87
2020-10-01 04:00:00,14,81,False,95
2020-10-01 05:00:00,15,66,False,81
2020-10-01 06:00:00,14,62,False,76
2020-10-01 07:00:00,11,60,False,71
2020-10-01 08:00:00,11,61,False,72
2020-10-01 09:00:00,11,55,False,66
2020-10-01 10:00:00,11,60,False,71
2020-10-01 11:00:00,13,67,False,80
2020-10-01 12:00:00,14,73,False,87
2020-10-01 13:00:00,13,81,False,94
2020-10-01 14:00:00,11,81,False,92
2020-10-01 15:00:00,13,89,False,102
2020-10-01 16:00:00,14,95,False,109
2020-10-01 17:00:00,15,92,False,107
2020-10-01 18:00:00,15,95,False,110
2020-10-01 19:00:00,13,88,False,101
2020-10-01 20:00:00,14,84,False,98
2020-10-01 21:00:00,14,81,False,95
2020-10-01 22:00:00,14,82,False,96
2020-10-01 23:00:00,15,79,False,94
2020-10-02 00:00:00,18,86,False,104
2020-10-02 01:00:00,14,80,False,94
2020-10-02 02:00:00,15,78,False,93
2020-10-02 03:00:00,20,78,False,98
2020-10-02 04:00:00,15,75,False,90
2020-10-02 05:00:00,16,68,False,84
2020-10-02 06:00:00,15,62,False,77
2020-10-02 07:00:00,14,61,False,75
2020-10-02 08:00:00,13,58,False,71
2020-10-02 09:00:00,11,68,False,79
2020-10-02 10:00:00,14,67,False,81
2020-10-02 11:00:00,13,65,False,78
2020-10-02 12:00:00,12,76,False,88
2020-10-02 13:00:00,13,80,False,93
2020-10-02 14:00:00,14,86,False,100
2020-10-02 15:00:00,13,95,False,108
2020-10-02 16:00:00,15,92,False,107
2020-10-02 17:00:00,14,94,False,108
2020-10-02 18:00:00,14,94,False,108
2020-10-02 19:00:00,11,92,False,103
2020-10-02 20:00:00,15,85,False,100
2020-10-02 21:00:00,13,78,False,91
2020-10-02 22:00:00,17,88,False,105
2020-10-02 23:00:00,15,85,False,100
2020-10-03 00:00:00,15,93,False,108
2020-10-03 01:00:00,16,91,False,107
2020-10-03 02:00:00,13,82,False,95
2020-10-03 03:00:00,17,86,False,103
2020-10-03 04:00:00,16,79,False,95
2020-10-03 05:00:00,16,79,False,95
2020-10-03 06:00:00,12,70,False,82
2020-10-03 07:00:00,13,63,False,76
2020-10-03 08:00:00,13,61,False,74
2020-10-03 09:00:00,10,59,False,69
2020-10-03 10:00:00,11,61,False,72
2020-10-03 11:00:00,13,65,False,78
2020-10-03 12:00:00,11,61,False,72
2020-10-03 13:00:00,13,66,False,79
2020-10-03 14:00:00,12,69,False,81
2020-10-03 15:00:00,13,72,False,85
2020-10-03 16:00:00,11,78,False,89
2020-10-03 17:00:00,12,80,False,92
2020-10-03 18:00:00,11,100,False,111
2020-10-03 19:00:00,11,82,False,93
2020-10-03 20:00:00,13,82,False,95
2020-10-03 21:00:00,13,83,False,96
2020-10-03 22:00:00,13,79,False,92
2020-10-03 23:00:00,13,85,False,98
2020-10-04 00:00:00,13,84,False,97
2020-10-04 01:00:00,17,88,False,105
2020-10-04 02:00:00,17,86,False,103
2020-10-04 03:00:00,14,88,False,102
2020-10-04 04:00:00,18,76,False,94
2020-10-04 05:00:00,15,67,False,82
2020-10-04 06:00:00,15,66,False,81
2020-10-04 07:00:00,11,59,False,70
2020-10-04 08:00:00,9,56,False,65
2020-10-04 09:00:00,11,58,False,69
2020-10-04 10:00:00,11,54,False,65
2020-10-04 11:00:00,14,56,False,70
2020-10-04 12:00:00,14,58,False,72
2020-10-04 13:00:00,14,63,False,77
2020-10-04 14:00:00,13,64,False,77
2020-10-04 15:00:00,14,70,False,84
2020-10-04 16:00:00,13,74,False,87
2020-10-04 17:00:00,13,73,False,86
2020-10-04 18:00:00,10,69,False,79
2020-10-04 19:00:00,10,67,False,77
2020-10-04 20:00:00,12,67,False,79
2020-10-04 21:00:00,12,70,False,82
2020-10-04 22:00:00,13,69,False,82
2020-10-04 23:00:00,14,79,False,93
2020-10-05 00:00:00,15,76,False,91
2020-10-05 01:00:00,18,71,False,89
2020-10-05 02:00:00,14,69,False,83
2020-10-05 03:00:00,17,68,False,85
2020-10-05 04:00:00,13,62,False,75
2020-10-05 05:00:00,14,59,False,73
2020-10-05 06:00:00,12,54,False,66
2020-10-05 07:00:00,12,51,False,63
2020-10-05 08:00:00,8,53,False,61
2020-10-05 09:00:00,10,55,False,65
2020-10-05 10:00:00,9,48,False,57
2020-10-05 11:00:00,12,53,False,65
2020-10-05 12:00:00,15,66,False,81
2020-10-05 13:00:00,14,70,False,84
2020-10-05 14:00:00,14,75,False,89
2020-10-05 15:00:00,14,78,False,92
2020-10-05 16:00:00,18,81,False,99
2020-10-05 17:00:00,13,79,False,92
2020-10-05 18:00:00,14,79,False,93
2020-10-05 19:00:00,14,74,False,88
2020-10-05 20:00:00,14,78,False,92
2020-10-05 21:00:00,14,73,False,87
2020-10-05 22:00:00,14,77,False,91
2020-10-05 23:00:00,15,76,False,91
2020-10-06 00:00:00,14,82,False,96
2020-10-06 01:00:00,15,79,False,94
2020-10-06 02:00:00,14,74,False,88
2020-10-06 03:00:00,16,73,False,89
2020-10-06 04:00:00,15,60,False,75
2020-10-06 05:00:00,13,59,False,72
2020-10-06 06:00:00,10,59,False,69
2020-10-06 07:00:00,13,57,False,70
2020-10-06 08:00:00,10,57,False,67
2020-10-06 09:00:00,11,53,False,64
2020-10-06 10:00:00,13,54,False,67
2020-10-06 11:00:00,15,59,False,74
2020-10-06 12:00:00,10,65,False,75
2020-10-06 13:00:00,11,72,False,83
2020-10-06 14:00:00,12,79,False,91
2020-10-06 15:00:00,13,84,False,97
2020-10-06 16:00:00,12,86,False,98
2020-10-06 17:00:00,12,89,False,101
2020-10-06 18:00:00,14,84,False,98
2020-10-06 19:00:00,14,82,False,96
2020-10-06 20:00:00,13,78,False,91
2020-10-06 21:00:00,15,73,False,88
2020-10-06 22:00:00,15,73,False,88
2020-10-06 23:00:00,16,78,False,94
2020-10-07 00:00:00,14,80,False,94
2020-10-07 00:00:00,16,86,False,102
2020-10-07 01:00:00,18,87,False,105
2020-10-07 02:00:00,15,84,False,99
2020-10-07 03:00:00,16,78,False,94
2020-10-07 04:00:00,16,77,False,93
2020-10-07 05:00:00,17,68,False,85
2020-10-07 06:00:00,11,59,False,70
2020-10-07 07:00:00,13,66,False,79
2020-10-07 08:00:00,12,61,False,73
2020-10-07 09:00:00,11,58,False,69
2020-10-07 10:00:00,12,64,False,76
2020-10-07 11:00:00,11,64,False,75
2020-10-07 12:00:00,12,74,False,86
2020-10-07 13:00:00,15,81,False,96
2020-10-07 14:00:00,11,84,False,95
2020-10-07 15:00:00,14,94,False,108
2020-10-07 16:00:00,13,93,False,106
2020-10-07 17:00:00,14,94,False,108
2020-10-07 18:00:00,14,91,False,105
2020-10-07 19:00:00,14,89,False,103
2020-10-07 20:00:00,14,80,False,94
2020-10-07 21:00:00,16,83,False,99
2020-10-07 22:00:00,12,84,False,96
2020-10-07 23:00:00,16,79,False,95
2020-10-08 00:00:00,14,79,False,93
2020-10-08 01:00:00,16,81,False,97
2020-10-08 02:00:00,21,87,False,108
2020-10-08 03:00:00,20,77,False,97
2020-10-08 04:00:00,16,76,False,92
2020-10-08 05:00:00,15,63,False,78
2020-10-08 06:00:00,13,63,False,76
2020-10-08 07:00:00,11,64,False,75
2020-10-08 08:00:00,10,68,False,78
2020-10-08 09:00:00,11,60,False,71
2020-10-08 10:00:00,10,57,False,67
2020-10-08 11:00:00,13,62,False,75
2020-10-08 12:00:00,10,73,False,83
2020-10-08 13:00:00,16,82,False,98
2020-10-08 14:00:00,13,86,False,99
2020-10-08 15:00:00,12,91,False,103
2020-10-08 16:00:00,13,92,False,105
2020-10-08 17:00:00,18,100,False,118
2020-10-08 18:00:00,16,96,False,112
2020-10-08 19:00:00,14,93,False,107
2020-10-08 20:00:00,17,83,False,100
2020-10-08 21:00:00,14,87,False,101
2020-10-08 22:00:00,15,87,False,102
2020-10-08 23:00:00,17,89,False,106
2020-10-09 00:00:00,14,87,False,101
2020-10-09 01:00:00,16,75,False,91
2020-10-09 02:00:00,18,83,False,101
2020-10-09 03:00:00,15,76,False,91
2020-10-09 04:00:00,20,79,False,99
2020-10-09 05:00:00,15,67,False,82
2020-10-09 06:00:00,14,64,False,78
2020-10-09 07:00:00,11,64,False,75
2020-10-09 08:00:00,12,57,False,69
2020-10-09 09:00:00,12,60,False,72
2020-10-09 10:00:00,11,58,False,69
2020-10-09 11:00:00,15,64,False,79
2020-10-09 12:00:00,14,67,False,81
2020-10-09 13:00:00,16,72,False,88
2020-10-09 14:00:00,15,75,False,90
2020-10-09 15:00:00,16,77,False,93
2020-10-09 16:00:00,16,75,False,91
2020-10-09 17:00:00,14,82,False,96
2020-10-09 18:00:00,16,79,False,95
2020-10-09 19:00:00,15,82,False,97
2020-10-09 20:00:00,17,80,False,97
2020-10-09 21:00:00,18,79,False,97
2020-10-09 22:00:00,16,88,False,104
2020-10-09 23:00:00,16,84,False,100
2020-10-10 00:00:00,14,85,False,99
2020-10-10 01:00:00,18,81,False,99
2020-10-10 02:00:00,19,83,False,102
2020-10-10 03:00:00,22,87,False,109
2020-10-10 04:00:00,22,74,False,96
2020-10-10 05:00:00,18,74,False,92
2020-10-10 06:00:00,15,68,False,83
2020-10-10 07:00:00,15,61,False,76
2020-10-10 08:00:00,15,65,False,80
2020-10-10 09:00:00,15,58,False,73
2020-10-10 10:00:00,12,65,False,77
2020-10-10 11:00:00,15,65,False,80
2020-10-10 12:00:00,14,62,False,76
2020-10-10 13:00:00,14,64,False,78
2020-10-10 14:00:00,13,68,False,81
2020-10-10 15:00:00,16,73,False,89
2020-10-10 16:00:00,15,78,False,93
2020-10-10 17:00:00,12,81,False,93
2020-10-10 18:00:00,15,84,False,99
2020-10-10 19:00:00,12,83,False,95
2020-10-10 20:00:00,14,78,False,92
2020-10-10 21:00:00,17,83,False,100
2020-10-10 22:00:00,18,77,False,95
2020-10-10 23:00:00,14,90,False,104
2020-10-11 00:00:00,14,86,False,100
2020-10-11 01:00:00,16,88,False,104
2020-10-11 02:00:00,19,93,False,112
2020-10-11 03:00:00,17,88,False,105
2020-10-11 04:00:00,18,87,False,105
2020-10-11 05:00:00,15,79,False,94
2020-10-11 06:00:00,16,70,False,86
2020-10-11 07:00:00,14,68,False,82
2020-10-11 08:00:00,13,63,False,76
2020-10-11 09:00:00,11,60,False,71
2020-10-11 10:00:00,16,58,False,74
2020-10-11 11:00:00,14,61,False,75
2020-10-11 12:00:00,15,62,False,77
2020-10-11 13:00:00,15,62,False,77
2020-10-11 14:00:00,15,63,False,78
2020-10-11 15:00:00,12,73,False,85
2020-10-11 16:00:00,14,73,False,87
2020-10-11 17:00:00,15,70,False,85
2020-10-11 18:00:00,14,76,False,90
2020-10-11 19:00:00,14,71,False,85
2020-10-11 20:00:00,13,68,False,81
2020-10-11 21:00:00,15,76,False,91
2020-10-11 22:00:00,19,71,False,90
2020-10-11 23:00:00,16,81,False,97
2020-10-12 00:00:00,20,81,False,101
2020-10-12 01:00:00,15,82,False,97
2020-10-12 02:00:00,15,77,False,92
2020-10-12 03:00:00,17,75,False,92
2020-10-12 04:00:00,16,75,False,91
2020-10-12 05:00:00,15,66,False,81
2020-10-12 06:00:00,14,57,False,71
2020-10-12 07:00:00,12,56,False,68
2020-10-12 08:00:00,11,54,False,65
2020-10-12 09:00:00,10,58,False,68
2020-10-12 10:00:00,12,49,False,61
2020-10-12 11:00:00,14,52,False,66
2020-10-12 12:00:00,13,60,False,73
2020-10-12 13:00:00,14,58,False,72
2020-10-12 14:00:00,16,66,False,82
2020-10-12 15:00:00,16,68,False,84
2020-10-12 16:00:00,15,84,False,99
2020-10-12 17:00:00,15,74,False,89
2020-10-12 18:00:00,14,74,False,88
2020-10-12 19:00:00,16,72,False,88
2020-10-12 20:00:00,18,72,False,90
2020-10-12 21:00:00,15,75,False,90
2020-10-12 22:00:00,17,79,False,96
2020-10-12 23:00:00,17,77,False,94
2020-10-13 00:00:00,17,78,False,95
2020-10-13 01:00:00,22,79,False,101
2020-10-13 02:00:00,19,74,False,93
2020-10-13 03:00:00,17,72,False,89
2020-10-13 04:00:00,17,73,False,90
2020-10-13 05:00:00,16,66,False,82
2020-10-13 06:00:00,13,58,False,71
2020-10-13 07:00:00,10,58,False,68
2020-10-13 08:00:00,14,54,False,68
2020-10-13 09:00:00,11,55,False,66
2020-10-13 10:00:00,13,56,False,69
2020-10-13 11:00:00,13,50,False,63
2020-10-13 12:00:00,12,59,False,71
2020-10-13 13:00:00,14,63,False,77
2020-10-13 14:00:00,13,67,False,80
2020-10-13 15:00:00,14,72,False,86
2020-10-13 16:00:00,13,75,False,88
2020-10-13 17:00:00,12,75,False,87
2020-10-13 18:00:00,13,71,False,84
2020-10-13 19:00:00,16,69,False,85
2020-10-13 20:00:00,14,70,False,84
2020-10-13 21:00:00,13,66,False,79
2020-10-13 22:00:00,14,68,False,82
2020-10-13 23:00:00,16,79,False,95
2020-10-14 00:00:00,17,71,False,88
2020-10-14 00:00:00,19,79,False,98
2020-10-14 01:00:00,17,82,False,99
2020-10-14 02:00:00,22,99,False,121
2020-10-14 03:00:00,18,85,False,103
2020-10-14 04:00:00,18,80,False,98
2020-10-14 05:00:00,19,74,False,93
2020-10-14 06:00:00,14,65,False,79
2020-10-14 07:00:00,16,66,False,82
2020-10-14 08:00:00,15,63,False,78
2020-10-14 09:00:00,13,62,False,75
2020-10-14 10:00:00,14,63,False,77
2020-10-14 11:00:00,14,60,False,74
2020-10-14 12:00:00,13,64,False,77
2020-10-14 13:00:00,17,68,False,85
2020-10-14 14:00:00,16,66,False,82
2020-10-14 15:00:00,12,74,False,86
2020-10-14 16:00:00,13,80,False,93
2020-10-14 17:00:00,14,81,False,95
2020-10-14 18:00:00,15,84,False,99
2020-10-14 19:00:00,17,75,False,92
2020-10-14 20:00:00,17,80,False,97
2020-10-14 21:00:00,18,83,False,101
2020-10-14 22:00:00,18,82,False,100
2020-10-14 23:00:00,17,83,False,100
2020-10-15 00:00:00,20,84,False,104
2020-10-15 01:00:00,16,88,False,104
2020-10-15 02:00:00,16,83,False,99
2020-10-15 03:00:00,17,79,False,96
2020-10-15 04:00:00,17,80,False,97
2020-10-15 05:00:00,15,70,False,85
2020-10-15 06:00:00,14,61,False,75
2020-10-15 07:00:00,12,63,False,75
2020-10-15 08:00:00,11,61,False,72
2020-10-15 09:00:00,12,58,False,70
2020-10-15 10:00:00,16,60,False,76
2020-10-15 11:00:00,15,61,False,76
2020-10-15 12:00:00,12,67,False,79
2020-10-15 13:00:00,13,65,False,78
2020-10-15 14:00:00,15,75,False,90
2020-10-15 15:00:00,14,77,False,91
2020-10-15 16:00:00,15,87,False,102
2020-10-15 17:00:00,15,85,False,100
2020-10-15 18:00:00,13,81,False,94
2020-10-15 19:00:00,15,75,False,90
2020-10-15 20:00:00,18,79,False,97
2020-10-15 21:00:00,16,81,False,97
2020-10-15 22:00:00,14,80,False,94
2020-10-15 23:00:00,15,91,False,106
2020-10-16 00:00:00,17,87,False,104
2020-10-16 01:00:00,16,88,False,104
2020-10-16 02:00:00,17,84,False,101
2020-10-16 03:00:00,21,86,False,107
2020-10-16 04:00:00,18,79,False,97
2020-10-16 05:00:00,18,74,False,92
2020-10-16 06:00:00,16,67,False,83
2020-10-16 07:00:00,13,63,False,76
2020-10-16 08:00:00,13,70,False,83
2020-10-16 09:00:00,15,63,False,78
2020-10-16 10:00:00,15,64,False,79
2020-10-16 11:00:00,14,65,False,79
2020-10-16 12:00:00,14,68,False,82
2020-10-16 13:00:00,14,75,False,89
2020-10-16 14:00:00,14,80,False,94
2020-10-16 15:00:00,17,83,False,100
2020-10-16 16:00:00,15,87,False,102
2020-10-16 17:00:00,17,93,False,110
2020-10-16 18:00:00,16,85,False,101
2020-10-16 19:00:00,16,85,False,101
2020-10-16 20:00:00,16,86,False,102
2020-10-16 21:00:00,18,89,False,107
2020-10-16 22:00:00,17,84,False,101
2020-10-16 23:00:00,17,92,False,109
2020-10-17 00:00:00,19,98,False,117
2020-10-17 01:00:00,21,94,False,115
2020-10-17 02:00:00,18,93,False,111
2020-10-17 03:00:00,19,93,False,112
2020-10-17 04:00:00,21,87,False,108
2020-10-17 05:00:00,17,73,False,90
2020-10-17 06:00:00,11,73,False,84
2020-10-17 07:00:00,12,68,False,80
2020-10-17 08:00:00,14,67,False,81
2020-10-17 09:00:00,16,69,False,85
2020-10-17 10:00:00,14,70,False,84
2020-10-17 11:00:00,14,66,False,80
2020-10-17 12:00:00,13,62,False,75
2020-10-17 13:00:00,14,70,False,84
2020-10-17 14:00:00,15,68,False,83
2020-10-17 15:00:00,12,75,False,87
2020-10-17 16:00:00,17,80,False,97
2020-10-17 17:00:00,16,87,False,103
2020-10-17 18:00:00,13,91,False,104
2020-10-17 19:00:00,14,84,False,98
2020-10-17 20:00:00,14,84,False,98
2020-10-17 21:00:00,16,88,False,104
2020-10-17 22:00:00,16,83,False,99
2020-10-17 23:00:00,15,91,False,106
2020-10-18 00:00:00,18,95,False,113
2020-10-18 01:00:00,20,99,False,119
2020-10-18 02:00:00,21,92,False,113
2020-10-18 03:00:00,19,90,False,109
2020-10-18 04:00:00,19,77,False,96
2020-10-18 05:00:00,19,82,False,101
2020-10-18 06:00:00,16,71,False,87
2020-10-18 07:00:00,12,66,False,78
2020-10-18 08:00:00,15,61,False,76
2020-10-18 09:00:00,8,63,False,71
2020-10-18 10:00:00,17,69,False,86
2020-10-18 11:00:00,15,65,False,80
2020-10-18 12:00:00,11,61,False,72
2020-10-18 13:00:00,13,61,False,74
2020-10-18 14:00:00,12,69,False,81
2020-10-18 15:00:00,16,77,False,93
2020-10-18 16:00:00,16,81,False,97
2020-10-18 17:00:00,13,83,False,96
2020-10-18 18:00:00,14,80,False,94
2020-10-18 19:00:00,13,77,False,90
2020-10-18 20:00:00,15,76,False,91
2020-10-18 21:00:00,17,84,False,101
2020-10-18 22:00:00,18,82,False,100
2020-10-18 23:00:00,14,85,False,99
2020-10-19 00:00:00,18,88,False,106
2020-10-19 01:00:00,18,87,False,105
2020-10-19 02:00:00,17,100,False,117
2020-10-19 03:00:00,20,88,False,108
2020-10-19 04:00:00,18,79,False,97
2020-10-19 05:00:00,18,68,False,86
2020-10-19 06:00:00,14,64,False,78
2020-10-19 07:00:00,11,61,False,72
2020-10-19 08:00:00,12,59,False,71
2020-10-19 09:00:00,13,58,False,71
2020-10-19 10:00:00,12,58,False,70
2020-10-19 11:00:00,14,57,False,71
2020-10-19 12:00:00,11,63,False,74
2020-10-19 13:00:00,15,70,False,85
2020-10-19 14:00:00,17,74,False,91
2020-10-19 15:00:00,16,71,False,87
2020-10-19 16:00:00,17,82,False,99
2020-10-19 17:00:00,16,83,False,99
2020-10-19 18:00:00,16,76,False,92
2020-10-19 19:00:00,14,76,False,90
2020-10-19 20:00:00,16,79,False,95
2020-10-19 21:00:00,17,79,False,96
2020-10-19 22:00:00,20,77,False,97
2020-10-19 23:00:00,16,98,False,114
2020-10-20 00:00:00,21,90,False,111
2020-10-20 01:00:00,19,86,False,105
2020-10-20 02:00:00,17,83,False,100
2020-10-20 03:00:00,20,81,False,101
2020-10-20 04:00:00,14,79,False,93
2020-10-20 05:00:00,17,73,False,90
2020-10-20 06:00:00,14,63,False,77
2020-10-20 07:00:00,12,64,False,76
2020-10-20 08:00:00,12,61,False,73
2020-10-20 09:00:00,12,62,False,74
2020-10-20 10:00:00,15,58,False,73
2020-10-20 11:00:00,17,59,False,76
2020-10-20 12:00:00,13,60,False,73
2020-10-20 13:00:00,16,69,False,85
2020-10-20 14:00:00,14,71,False,85
2020-10-20 15:00:00,15,75,False,90
2020-10-20 16:00:00,14,79,False,93
2020-10-20 17:00:00,15,81,False,96
2020-10-20 18:00:00,16,76,False,92
2020-10-20 19:00:00,16,81,False,97
2020-10-20 20:00:00,13,73,False,86
2020-10-20 21:00:00,16,75,False,91
2020-10-20 22:00:00,18,88,False,106
2020-10-20 23:00:00,17,88,False,105
2020-10-21 00:00:00,17,88,False,105
2020-10-21 00:00:00,16,84,False,100
2020-10-21 01:00:00,20,82,False,102
2020-10-21 02:00:00,21,92,False,113
2020-10-21 03:00:00,17,81,False,98
2020-10-21 04:00:00,21,78,False,99
2020-10-21 05:00:00,15,67,False,82
2020-10-21 06:00:00,15,60,False,75
2020-10-21 07:00:00,13,62,False,75
2020-10-21 08:00:00,13,65,False,78
2020-10-21 09:00:00,14,59,False,73
2020-10-21 10:00:00,13,55,False,68
2020-10-21 11:00:00,15,61,False,76
2020-10-21 12:00:00,17,66,False,83
2020-10-21 13:00:00,16,66,False,82
2020-10-21 14:00:00,17,73,False,90
2020-10-21 15:00:00,16,77,False,93
2020-10-21 16:00:00,22,77,False,99
2020-10-21 17:00:00,20,83,False,103
2020-10-21 18:00:00,16,82,False,98
2020-10-21 19:00:00,22,76,False,98
2020-10-21 20:00:00,17,76,False,93
2020-10-21 21:00:00,22,78,False,100
2020-10-21 22:00:00,25,100,False,125
2020-10-21 23:00:00,28,93,False,121
2020-10-22 00:00:00,28,98,False,126
2020-10-22 01:00:00,23,87,False,110
2020-10-22 02:00:00,24,85,False,109
2020-10-22 03:00:00,25,97,False,122
2020-10-22 04:00:00,25,84,False,109
2020-10-22 05:00:00,20,68,False,88
2020-10-22 06:00:00,19,70,False,89
2020-10-22 07:00:00,14,62,False,76
2020-10-22 08:00:00,14,66,False,80
2020-10-22 09:00:00,15,62,False,77
2020-10-22 10:00:00,16,62,False,78
2020-10-22 11:00:00,16,63,False,79
2020-10-22 12:00:00,17,62,False,79
2020-10-22 13:00:00,20,76,False,96
2020-10-22 14:00:00,17,74,False,91
2020-10-22 15:00:00,17,76,False,93
2020-10-22 16:00:00,17,84,False,101
2020-10-22 17:00:00,21,83,False,104
2020-10-22 18:00:00,20,83,False,103
2020-10-22 19:00:00,21,84,False,105
2020-10-22 20:00:00,20,79,False,99
2020-10-22 21:00:00,20,83,False,103
2020-10-22 22:00:00,19,82,False,101
2020-10-22 23:00:00,19,81,False,100
2020-10-23 00:00:00,23,90,False,113
2020-10-23 01:00:00,18,84,False,102
2020-10-23 02:00:00,20,85,False,105
2020-10-23 03:00:00,20,75,False,95
2020-10-23 04:00:00,21,77,False,98
2020-10-23 05:00:00,21,68,False,89
2020-10-23 06:00:00,15,69,False,84
2020-10-23 07:00:00,14,60,False,74
2020-10-23 08:00:00,16,68,False,84
2020-10-23 09:00:00,13,63,False,76
2020-10-23 10:00:00,14,58,False,72
2020-10-23 11:00:00,16,63,False,79
2020-10-23 12:00:00,18,68,False,86
2020-10-23 13:00:00,16,67,False,83
2020-10-23 14:00:00,18,78,False,96
2020-10-23 15:00:00,17,74,False,91
2020-10-23 16:00:00,19,78,False,97
2020-10-23 17:00:00,15,83,False,98
2020-10-23 18:00:00,16,85,False,101
2020-10-23 19:00:00,15,83,False,98
2020-10-23 20:00:00,15,80,False,95
2020-10-23 21:00:00,19,83,False,102
2020-10-23 22:00:00,19,85,False,104
2020-10-23 23:00:00,20,80,False,100
2020-10-24 00:00:00,17,91,False,108
2020-10-24 01:00:00,16,90,False,106
2020-10-24 02:00:00,21,88,False,109
2020-10-24 03:00:00,22,80,False,102
2020-10-24 04:00:00,22,87,False,109
2020-10-24 05:00:00,20,77,False,97
2020-10-24 06:00:00,16,69,False,85
2020-10-24 07:00:00,15,66,False,81
2020-10-24 08:00:00,16,63,False,79
2020-10-24 09:00:00,13,60,False,73
2020-10-24 10:00:00,14,60,False,74
2020-10-24 11:00:00,15,58,False,73
2020-10-24 12:00:00,14,63,False,77
2020-10-24 13:00:00,14,67,False,81
2020-10-24 14:00:00,16,67,False,83
2020-10-24 15:00:00,16,70,False,86
2020-10-24 16:00:00,14,81,False,95
2020-10-24 17:00:00,12,84,False,96
2020-10-24 18:00:00,16,81,False,97
2020-10-24 19:00:00,14,76,False,90
2020-10-24 20:00:00,14,81,False,95
2020-10-24 21:00:00,19,84,False,103
2020-10-24 22:00:00,16,88,False,104
2020-10-24 23:00:00,18,82,False,100
2020-10-25 00:00:00,23,86,False,109
2020-10-25 01:00:00,20,90,False,110
2020-10-25 02:00:00,23,82,False,105
2020-10-25 03:00:00,26,100,False,126
2020-10-25 04:00:00,23,90,False,113
2020-10-25 05:00:00,22,76,False,98
2020-10-25 06:00:00,19,70,False,89
2020-10-25 07:00:00,16,69,False,85
2020-10-25 08:00:00,16,64,False,80
2020-10-25 09:00:00,13,59,False,72
2020-10-25 10:00:00,14,63,False,77
2020-10-25 11:00:00,17,60,False,77
2020-10-25 12:00:00,14,58,False,72
2020-10-25 13:00:00,17,57,False,74
2020-10-25 14:00:00,17,66,False,83
2020-10-25 15:00:00,20,76,False,96
2020-10-25 16:00:00,17,82,False,99
2020-10-25 17:00:00,15,69,False,84
2020-10-25 18:00:00,14,75,False,89
2020-10-25 19:00:00,16,67,False,83
2020-10-25 20:00:00,14,78,False,92
2020-10-25 21:00:00,14,78,False,92
2020-10-25 22:00:00,18,77,False,95
2020-10-25 23:00:00,16,83,False,99
2020-10-26 00:00:00,15,85,False,100
2020-10-26 01:00:00,21,82,False,103
2020-10-26 02:00:00,19,75,False,94
2020-10-26 03:00:00,50,86,False,136
2020-10-26 04:00:00,37,86,False,123
2020-10-26 05:00:00,30,76,False,106
2020-10-26 06:00:00,21,62,False,83
2020-10-26 07:00:00,21,64,False,85
2020-10-26 08:00:00,18,62,False,80
2020-10-26 09:00:00,14,61,False,75
2020-10-26 10:00:00,17,58,False,75
2020-10-26 11:00:00,18,53,False,71
2020-10-26 12:00:00,20,60,False,80
2020-10-26 13:00:00,19,65,False,84
2020-10-26 14:00:00,19,75,False,94
2020-10-26 15:00:00,16,69,False,85
2020-10-26 16:00:00,19,76,False,95
2020-10-26 17:00:00,14,75,False,89
2020-10-26 18:00:00,16,75,False,91
2020-10-26 19:00:00,16,73,False,89
2020-10-26 20:00:00,15,82,False,97
2020-10-26 21:00:00,18,77,False,95
2020-10-26 22:00:00,17,70,False,87
2020-10-26 23:00:00,20,79,False,99
2020-10-27 00:00:00,18,80,False,98
2020-10-27 01:00:00,20,77,False,97
2020-10-27 02:00:00,15,80,False,95
2020-10-27 03:00:00,21,82,False,103
2020-10-27 04:00:00,21,71,False,92
2020-10-27 05:00:00,23,69,False,92
2020-10-27 06:00:00,15,63,False,78
2020-10-27 07:00:00,12,64,False,76
2020-10-27 08:00:00,15,58,False,73
2020-10-27 09:00:00,11,56,False,67
2020-10-27 10:00:00,16,53,False,69
2020-10-27 11:00:00,15,57,False,72
2020-10-27 12:00:00,15,70,False,85
2020-10-27 13:00:00,16,64,False,80
2020-10-27 14:00:00,17,68,False,85
2020-10-27 15:00:00,14,75,False,89
2020-10-27 16:00:00,18,80,False,98
2020-10-27 17:00:00,16,76,False,92
2020-10-27 18:00:00,19,78,False,97
2020-10-27 19:00:00,19,72,False,91
2020-10-27 20:00:00,16,87,False,103
2020-10-27 21:00:00,16,79,False,95
2020-10-27 22:00:00,18,85,False,103
2020-10-27 23:00:00,22,86,False,108
2020-10-28 00:00:00,15,82,False,97
2020-10-28 00:00:00,12,66,False,78
2020-10-28 01:00:00,15,70,False,85
2020-10-28 02:00:00,18,73,False,91
2020-10-28 03:00:00,19,66,False,85
2020-10-28 04:00:00,19,65,False,84
2020-10-28 05:00:00,14,55,False,69
2020-10-28 06:00:00,13,48,False,61
2020-10-28 07:00:00,13,48,False,61
2020-10-28 08:00:00,12,48,False,60
2020-10-28 09:00:00,11,49,False,60
2020-10-28 10:00:00,11,47,False,58
2020-10-28 11:00:00,12,49,False,61
2020-10-28 12:00:00,11,50,False,61
2020-10-28 13:00:00,13,53,False,66
2020-10-28 14:00:00,12,56,False,68
2020-10-28 15:00:00,11,55,False,66
2020-10-28 16:00:00,12,62,False,74
2020-10-28 17:00:00,11,63,False,74
2020-10-28 18:00:00,12,57,False,69
2020-10-28 19:00:00,11,60,False,71
2020-10-28 20:00:00,13,56,False,69
2020-10-28 21:00:00,13,56,False,69
2020-10-28 22:00:00,14,63,False,77
2020-10-28 23:00:00,15,63,False,78
2020-10-29 00:00:00,15,63,False,78
2020-10-29 01:00:00,16,69,False,85
2020-10-29 02:00:00,13,67,False,80
2020-10-29 03:00:00,18,66,False,84
2020-10-29 04:00:00,18,59,False,77
2020-10-29 05:00:00,15,63,False,78
2020-10-29 06:00:00,12,49,False,61
2020-10-29 07:00:00,10,50,False,60
2020-10-29 08:00:00,10,51,False,61
2020-10-29 09:00:00,11,46,False,57
2020-10-29 10:00:00,10,44,False,54
2020-10-29 11:00:00,12,45,False,57
2020-10-29 12:00:00,13,52,False,65
2020-10-29 13:00:00,12,53,False,65
2020-10-29 14:00:00,11,58,False,69
2020-10-29 15:00:00,11,58,False,69
2020-10-29 16:00:00,12,66,False,78
2020-10-29 17:00:00,13,61,False,74
2020-10-29 18:00:00,12,66,False,78
2020-10-29 19:00:00,14,59,False,73
2020-10-29 20:00:00,10,65,False,75
2020-10-29 21:00:00,15,67,False,82
2020-10-29 22:00:00,13,63,False,76
2020-10-29 23:00:00,13,64,False,77
2020-10-30 00:00:00,15,68,False,83
2020-10-30 01:00:00,13,70,False,83
2020-10-30 02:00:00,15,67,False,82
2020-10-30 03:00:00,17,68,False,85
2020-10-30 04:00:00,16,61,False,77
2020-10-30 05:00:00,14,60,False,74
2020-10-30 06:00:00,13,52,False,65
2020-10-30 07:00:00,11,46,False,57
2020-10-30 08:00:00,9,49,False,58
2020-10-30 09:00:00,12,45,False,57
2020-10-30 10:00:00,10,47,False,57
2020-10-30 11:00:00,11,50,False,61
2020-10-30 12:00:00,12,51,False,63
2020-10-30 13:00:00,13,56,False,69
2020-10-30 14:00:00,12,58,False,70
2020-10-30 15:00:00,11,59,False,70
2020-10-30 16:00:00,12,64,False,76
2020-10-30 17:00:00,14,68,False,82
2020-10-30 18:00:00,14,100,False,114
2020-10-30 19:00:00,14,65,False,79
2020-10-30 20:00:00,12,65,False,77
2020-10-30 21:00:00,14,66,False,80
2020-10-30 22:00:00,13,66,False,79
2020-10-30 23:00:00,15,66,False,81
2020-10-31 00:00:00,14,65,False,79
2020-10-31 01:00:00,11,72,False,83
2020-10-31 02:00:00,14,74,False,88
2020-10-31 03:00:00,14,70,False,84
2020-10-31 04:00:00,16,68,False,84
2020-10-31 05:00:00,16,63,False,79
2020-10-31 06:00:00,15,61,False,76
2020-10-31 07:00:00,13,54,False,67
2020-10-31 08:00:00,14,53,False,67
2020-10-31 09:00:00,12,49,False,61
2020-10-31 10:00:00,11,50,False,61
2020-10-31 11:00:00,12,53,False,65
2020-10-31 12:00:00,11,50,False,61
2020-10-31 13:00:00,11,51,False,62
2020-10-31 14:00:00,12,56,False,68
2020-10-31 15:00:00,10,59,False,69
2020-10-31 16:00:00,11,62,False,73
2020-10-31 17:00:00,11,65,False,76
2020-10-31 18:00:00,11,67,False,78
2020-10-31 19:00:00,10,64,False,74
2020-10-31 20:00:00,12,60,False,72
2020-10-31 21:00:00,12,59,False,71
2020-10-31 22:00:00,12,58,False,70
2020-10-31 23:00:00,15,60,False,75
2020-11-01 00:00:00,14,68,False,82
2020-11-01 01:00:00,13,69,False,82
2020-11-01 02:00:00,17,74,False,91
2020-11-01 03:00:00,15,72,False,87
2020-11-01 04:00:00,14,72,False,86
2020-11-01 05:00:00,17,71,False,88
2020-11-01 06:00:00,15,62,False,77
2020-11-01 07:00:00,14,56,False,70
2020-11-01 08:00:00,13,50,False,63
2020-11-01 09:00:00,12,51,False,63
2020-11-01 10:00:00,9,47,False,56
2020-11-01 11:00:00,12,49,False,61
2020-11-01 12:00:00,12,50,False,62
2020-11-01 13:00:00,11,47,False,58
2020-11-01 14:00:00,10,56,False,66
2020-11-01 15:00:00,12,57,False,69
2020-11-01 16:00:00,11,59,False,70
2020-11-01 17:00:00,12,62,False,74
2020-11-01 18:00:00,9,62,False,71
2020-11-01 19:00:00,11,63,False,74
2020-11-01 20:00:00,11,61,False,72
2020-11-01 21:00:00,12,60,False,72
2020-11-01 22:00:00,13,59,False,72
2020-11-01 23:00:00,14,61,False,75
2020-11-02 00:00:00,15,67,False,82
2020-11-02 01:00:00,14,77,False,91
2020-11-02 02:00:00,18,72,False,90
2020-11-02 03:00:00,14,72,False,86
2020-11-02 04:00:00,17,69,False,86
2020-11-02 05:00:00,13,65,False,78
2020-11-02 06:00:00,12,57,False,69
2020-11-02 07:00:00,10,52,False,62
2020-11-02 08:00:00,10,51,False,61
2020-11-02 09:00:00,10,51,False,61
2020-11-02 10:00:00,11,51,False,62
2020-11-02 11:00:00,12,49,False,61
2020-11-02 12:00:00,11,49,False,60
2020-11-02 13:00:00,12,57,False,69
2020-11-02 14:00:00,11,60,False,71
2020-11-02 15:00:00,13,61,False,74
2020-11-02 16:00:00,14,65,False,79
2020-11-02 17:00:00,13,68,False,81
2020-11-02 18:00:00,13,63,False,76
2020-11-02 19:00:00,13,61,False,74
2020-11-02 20:00:00,12,63,False,75
2020-11-02 21:00:00,13,62,False,75
2020-11-02 22:00:00,13,66,False,79
2020-11-02 23:00:00,16,69,False,85
2020-11-03 00:00:00,15,70,False,85
2020-11-03 01:00:00,12,72,False,84
2020-11-03 02:00:00,12,68,False,80
2020-11-03 03:00:00,19,69,False,88
2020-11-03 04:00:00,16,60,False,76
2020-11-03 05:00:00,19,62,False,81
2020-11-03 06:00:00,12,52,False,64
2020-11-03 07:00:00,12,54,False,66
2020-11-03 08:00:00,11,47,False,58
2020-11-03 09:00:00,11,50,False,61
2020-11-03 10:00:00,12,52,False,64
2020-11-03 11:00:00,12,49,False,61
2020-11-03 12:00:00,10,47,False,57
2020-11-03 13:00:00,11,51,False,62
2020-11-03 14:00:00,12,54,False,66
2020-11-03 15:00:00,13,59,False,72
2020-11-03 16:00:00,11,53,False,64
2020-11-03 17:00:00,11,57,False,68
2020-11-03 18:00:00,12,57,False,69
2020-11-03 19:00:00,12,57,False,69
2020-11-03 20:00:00,10,56,False,66
2020-11-03 21:00:00,13,59,False,72
2020-11-03 22:00:00,12,59,False,71
2020-11-03 23:00:00,14,64,False,78
2020-11-04 00:00:00,10,61,False,71
2020-11-04 00:00:00,13,81,False,94
2020-11-04 01:00:00,15,74,False,89
2020-11-04 02:00:00,14,79,False,93
2020-11-04 03:00:00,16,73,False,89
2020-11-04 04:00:00,16,67,False,83
2020-11-04 05:00:00,15,68,False,83
2020-11-04 06:00:00,17,64,False,81
2020-11-04 07:00:00,13,57,False,70
2020-11-04 08:00:00,11,56,False,67
2020-11-04 09:00:00,11,58,False,69
2020-11-04 10:00:00,12,52,False,64
2020-11-04 11:00:00,13,54,False,67
2020-11-04 12:00:00,14,55,False,69
2020-11-04 13:00:00,14,59,False,73
2020-11-04 14:00:00,14,68,False,82
2020-11-04 15:00:00,14,67,False,81
2020-11-04 16:00:00,11,75,False,86
2020-11-04 17:00:00,16,77,False,93
2020-11-04 18:00:00,15,70,False,85
2020-11-04 19:00:00,16,69,False,85
2020-11-04 20:00:00,12,68,False,80
2020-11-04 21:00:00,13,70,False,83
2020-11-04 22:00:00,16,65,False,81
2020-11-04 23:00:00,15,78,False,93
2020-11-05 00:00:00,16,69,False,85
2020-11-05 01:00:00,16,82,False,98
2020-11-05 02:00:00,16,76,False,92
2020-11-05 03:00:00,18,75,False,93
2020-11-05 04:00:00,19,82,False,101
2020-11-05 05:00:00,21,69,False,90
2020-11-05 06:00:00,19,67,False,86
2020-11-05 07:00:00,13,61,False,74
2020-11-05 08:00:00,15,63,False,78
2020-11-05 09:00:00,13,61,False,74
2020-11-05 10:00:00,13,65,False,78
2020-11-05 11:00:00,16,57,False,73
2020-11-05 12:00:00,13,60,False,73
2020-11-05 13:00:00,17,62,False,79
2020-11-05 14:00:00,18,72,False,90
2020-11-05 15:00:00,20,79,False,99
2020-11-05 16:00:00,23,76,False,99
2020-11-05 17:00:00,18,81,False,99
2020-11-05 18:00:00,19,84,False,103
2020-11-05 19:00:00,19,76,False,95
2020-11-05 20:00:00,23,79,False,102
2020-11-05 21:00:00,21,85,False,106
2020-11-05 22:00:00,23,84,False,107
2020-11-05 23:00:00,27,80,False,107
2020-11-06 00:00:00,24,86,False,110
2020-11-06 01:00:00,32,87,False,119
2020-11-06 02:00:00,28,88,False,116
2020-11-06 03:00:00,27,83,False,110
2020-11-06 04:00:00,24,88,False,112
2020-11-06 05:00:00,28,78,False,106
2020-11-06 06:00:00,22,67,False,89
2020-11-06 07:00:00,19,69,False,88
2020-11-06 08:00:00,18,66,False,84
2020-11-06 09:00:00,19,67,False,86
2020-11-06 10:00:00,14,64,False,78
2020-11-06 11:00:00,24,67,False,91
2020-11-06 12:00:00,21,71,False,92
2020-11-06 13:00:00,24,69,False,93
2020-11-06 14:00:00,22,75,False,97
2020-11-06 15:00:00,22,83,False,105
2020-11-06 16:00:00,20,84,False,104
2020-11-06 17:00:00,19,78,False,97
2020-11-06 18:00:00,16,79,False,95
2020-11-06 19:00:00,19,80,False,99
2020-11-06 20:00:00,20,78,False,98
2020-11-06 21:00:00,22,85,False,107
2020-11-06 22:00:00,22,85,False,107
2020-11-06 23:00:00,19,82,False,101
2020-11-07 00:00:00,23,95,False,118
2020-11-07 01:00:00,25,92,False,117
2020-11-07 02:00:00,23,95,False,118
2020-11-07 03:00:00,28,98,False,126
2020-11-07 04:00:00,24,95,False,119
2020-11-07 05:00:00,27,86,False,113
2020-11-07 06:00:00,20,84,False,104
2020-11-07 07:00:00,18,68,False,86
2020-11-07 08:00:00,17,71,False,88
2020-11-07 09:00:00,19,72,False,91
2020-11-07 10:00:00,19,73,False,92
2020-11-07 11:00:00,19,66,False,85
2020-11-07 12:00:00,18,67,False,85
2020-11-07 13:00:00,19,67,False,86
2020-11-07 14:00:00,17,75,False,92
2020-11-07 15:00:00,16,80,False,96
2020-11-07 16:00:00,16,72,False,88
2020-11-07 17:00:00,16,82,False,98
2020-11-07 18:00:00,16,77,False,93
2020-11-07 19:00:00,17,79,False,96
2020-11-07 20:00:00,19,85,False,104
2020-11-07 21:00:00,16,78,False,94
2020-11-07 22:00:00,19,87,False,106
2020-11-07 23:00:00,18,79,False,97
2020-11-08 00:00:00,17,90,False,107
2020-11-08 01:00:00,17,96,False,113
2020-11-08 02:00:00,22,97,False,119
2020-11-08 03:00:00,23,94,False,117
2020-11-08 04:00:00,23,100,False,123
2020-11-08 05:00:00,19,83,False,102
2020-11-08 06:00:00,25,79,False,104
2020-11-08 07:00:00,17,73,False,90
2020-11-08 08:00:00,17,65,False,82
2020-11-08 09:00:00,15,65,False,80
2020-11-08 10:00:00,19,71,False,90
2020-11-08 11:00:00,18,68,False,86
2020-11-08 12:00:00,17,66,False,83
2020-11-08 13:00:00,15,76,False,91
2020-11-08 14:00:00,15,70,False,85
2020-11-08 15:00:00,17,78,False,95
2020-11-08 16:00:00,17,84,False,101
2020-11-08 17:00:00,20,80,False,100
2020-11-08 18:00:00,16,81,False,97
2020-11-08 19:00:00,18,74,False,92
2020-11-08 20:00:00,16,78,False,94
2020-11-08 21:00:00,20,78,False,98
2020-11-08 22:00:00,17,81,False,98
2020-11-08 23:00:00,18,83,False,101
2020-11-09 00:00:00,22,92,False,114
2020-11-09 01:00:00,24,94,False,118
2020-11-09 02:00:00,21,88,False,109
2020-11-09 03:00:00,23,83,False,106
2020-11-09 04:00:00,22,90,False,112
2020-11-09 05:00:00,25,78,False,103
2020-11-09 06:00:00,20,69,False,89
2020-11-09 07:00:00,16,68,False,84
2020-11-09 08:00:00,15,67,False,82
2020-11-09 09:00:00,15,66,False,81
2020-11-09 10:00:00,19,64,False,83
2020-11-09 11:00:00,18,62,False,80
2020-11-09 12:00:00,15,66,False,81
2020-11-09 13:00:00,17,67,False,84
2020-11-09 14:00:00,18,72,False,90
2020-11-09 15:00:00,21,73,False,94
2020-11-09 16:00:00,22,82,False,104
2020-11-09 17:00:00,19,90,False,109
2020-11-09 18:00:00,20,77,False,97
2020-11-09 19:00:00,21,77,False,98
2020-11-09 20:00:00,21,84,False,105
2020-11-09 21:00:00,20,82,False,102
2020-11-09 22:00:00,20,91,False,111
2020-11-09 23:00:00,20,83,False,103
2020-11-10 00:00:00,21,88,False,109
2020-11-10 01:00:00,16,89,False,105
2020-11-10 02:00:00,26,91,False,117
2020-11-10 03:00:00,23,84,False,107
2020-11-10 04:00:00,26,87,False,113
2020-11-10 05:00:00,26,76,False,102
2020-11-10 06:00:00,18,68,False,86
2020-11-10 07:00:00,15,64,False,79
2020-11-10 08:00:00,14,64,False,78
2020-11-10 09:00:00,14,61,False,75
2020-11-10 10:00:00,14,63,False,77
2020-11-10 11:00:00,17,59,False,76
2020-11-10 12:00:00,17,62,False,79
2020-11-10 13:00:00,16,69,False,85
2020-11-10 14:00:00,22,73,False,95
2020-11-10 15:00:00,17,78,False,95
2020-11-10 16:00:00,20,80,False,100
2020-11-10 17:00:00,19,82,False,101
2020-11-10 18:00:00,19,85,False,104
2020-11-10 19:00:00,24,84,False,108
2020-11-10 20:00:00,22,82,False,104
2020-11-10 21:00:00,20,86,False,106
2020-11-10 22:00:00,25,82,False,107
2020-11-10 23:00:00,22,95,False,117
2020-11-11 00:00:00,22,88,False,110
2020-11-11 00:00:00,20,81,False,101
2020-11-11 01:00:00,18,83,False,101
2020-11-11 02:00:00,20,97,False,117
2020-11-11 03:00:00,21,90,False,111
2020-11-11 04:00:00,25,87,False,112
2020-11-11 05:00:00,21,77,False,98
2020-11-11 06:00:00,23,68,False,91
2020-11-11 07:00:00,15,64,False,79
2020-11-11 08:00:00,15,61,False,76
2020-11-11 09:00:00,13,62,False,75
2020-11-11 10:00:00,14,60,False,74
2020-11-11 11:00:00,15,60,False,75
2020-11-11 12:00:00,16,52,False,68
2020-11-11 13:00:00,20,61,False,81
2020-11-11 14:00:00,17,66,False,83
2020-11-11 15:00:00,19,73,False,92
2020-11-11 16:00:00,20,76,False,96
2020-11-11 17:00:00,20,76,False,96
2020-11-11 18:00:00,21,79,False,100
2020-11-11 19:00:00,17,73,False,90
2020-11-11 20:00:00,18,73,False,91
2020-11-11 21:00:00,21,69,False,90
2020-11-11 22:00:00,17,76,False,93
2020-11-11 23:00:00,18,82,False,100
2020-11-12 00:00:00,17,84,False,101
2020-11-12 01:00:00,16,79,False,95
2020-11-12 02:00:00,20,79,False,99
2020-11-12 03:00:00,21,83,False,104
2020-11-12 04:00:00,18,82,False,100
2020-11-12 05:00:00,18,73,False,91
2020-11-12 06:00:00,18,60,False,78
2020-11-12 07:00:00,14,60,False,74
2020-11-12 08:00:00,14,66,False,80
2020-11-12 09:00:00,14,66,False,80
2020-11-12 10:00:00,14,56,False,70
2020-11-12 11:00:00,15,60,False,75
2020-11-12 12:00:00,15,61,False,76
2020-11-12 13:00:00,17,63,False,80
2020-11-12 14:00:00,16,71,False,87
2020-11-12 15:00:00,18,68,False,86
2020-11-12 16:00:00,18,71,False,89
2020-11-12 17:00:00,16,82,False,98
2020-11-12 18:00:00,16,80,False,96
2020-11-12 19:00:00,18,76,False,94
2020-11-12 20:00:00,18,74,False,92
2020-11-12 21:00:00,19,75,False,94
2020-11-12 22:00:00,21,89,False,110
2020-11-12 23:00:00,16,81,False,97
2020-11-13 00:00:00,23,88,False,111
2020-11-13 01:00:00,27,89,False,116
2020-11-13 02:00:00,27,87,False,114
2020-11-13 03:00:00,21,93,False,114
2020-11-13 04:00:00,25,85,False,110
2020-11-13 05:00:00,30,77,False,107
2020-11-13 06:00:00,18,62,False,80
2020-11-13 07:00:00,16,63,False,79
2020-11-13 08:00:00,16,69,False,85
2020-11-13 09:00:00,17,64,False,81
2020-11-13 10:00:00,14,58,False,72
2020-11-13 11:00:00,16,61,False,77
2020-11-13 12:00:00,17,58,False,75
2020-11-13 13:00:00,20,69,False,89
2020-11-13 14:00:00,20,73,False,93
2020-11-13 15:00:00,19,79,False,98
2020-11-13 16:00:00,20,87,False,107
2020-11-13 17:00:00,17,87,False,104
2020-11-13 18:00:00,17,80,False,97
2020-11-13 19:00:00,19,80,False,99
2020-11-13 20:00:00,19,85,False,104
2020-11-13 21:00:00,20,80,False,100
2020-11-13 22:00:00,22,82,False,104
2020-11-13 23:00:00,22,82,False,104
2020-11-14 00:00:00,19,94,False,113
2020-11-14 01:00:00,19,89,False,108
2020-11-14 02:00:00,19,87,False,106
2020-11-14 03:00:00,22,84,False,106
2020-11-14 04:00:00,21,83,False,104
2020-11-14 05:00:00,27,91,False,118
2020-11-14 06:00:00,21,75,False,96
2020-11-14 07:00:00,14,64,False,78
2020-11-14 08:00:00,13,66,False,79
2020-11-14 09:00:00,14,60,False,74
2020-11-14 10:00:00,15,61,False,76
2020-11-14 11:00:00,16,64,False,80
2020-11-14 12:00:00,14,61,False,75
2020-11-14 13:00:00,16,56,False,72
2020-11-14 14:00:00,16,72,False,88
2020-11-14 15:00:00,18,72,False,90
2020-11-14 16:00:00,18,84,False,102
2020-11-14 17:00:00,15,85,False,100
2020-11-14 18:00:00,17,77,False,94
2020-11-14 19:00:00,16,79,False,95
2020-11-14 20:00:00,17,81,False,98
2020-11-14 21:00:00,17,72,False,89
2020-11-14 22:00:00,15,88,False,103
2020-11-14 23:00:00,21,91,False,112
2020-11-15 00:00:00,19,90,False,109
2020-11-15 01:00:00,18,100,False,118
2020-11-15 02:00:00,21,92,False,113
2020-11-15 03:00:00,23,98,False,121
2020-11-15 04:00:00,18,94,False,112
2020-11-15 05:00:00,24,91,False,115
2020-11-15 06:00:00,21,77,False,98
2020-11-15 07:00:00,18,64,False,82
2020-11-15 08:00:00,16,64,False,80
2020-11-15 09:00:00,18,59,False,77
2020-11-15 10:00:00,16,69,False,85
2020-11-15 11:00:00,14,61,False,75
2020-11-15 12:00:00,17,65,False,82
2020-11-15 13:00:00,17,66,False,83
2020-11-15 14:00:00,14,76,False,90
2020-11-15 15:00:00,15,73,False,88
2020-11-15 16:00:00,18,78,False,96
2020-11-15 17:00:00,14,77,False,91
2020-11-15 18:00:00,17,76,False,93
2020-11-15 19:00:00,14,77,False,91
2020-11-15 20:00:00,15,68,False,83
2020-11-15 21:00:00,16,71,False,87
2020-11-15 22:00:00,14,67,False,81
2020-11-15 23:00:00,15,80,False,95
2020-11-16 00:00:00,17,78,False,95
2020-11-16 01:00:00,14,88,False,102
2020-11-16 02:00:00,20,93,False,113
2020-11-16 03:00:00,15,99,False,114
2020-11-16 04:00:00,20,92,False,112
2020-11-16 05:00:00,20,94,False,114
2020-11-16 06:00:00,17,78,False,95
2020-11-16 07:00:00,15,70,False,85
2020-11-16 08:00:00,13,66,False,79
2020-11-16 09:00:00,13,60,False,73
2020-11-16 10:00:00,15,61,False,76
2020-11-16 11:00:00,18,56,False,74
2020-11-16 12:00:00,20,64,False,84
2020-11-16 13:00:00,23,63,False,86
2020-11-16 14:00:00,28,71,False,99
2020-11-16 15:00:00,42,83,False,125
2020-11-16 16:00:00,24,77,False,101
2020-11-16 17:00:00,24,83,False,107
2020-11-16 18:00:00,25,80,False,105
2020-11-16 19:00:00,23,83,False,106
2020-11-16 20:00:00,22,79,False,101
2020-11-16 21:00:00,24,76,False,100
2020-11-16 22:00:00,26,75,False,101
2020-11-16 23:00:00,25,77,False,102
2020-11-17 00:00:00,27,86,False,113
2020-11-17 01:00:00,27,87,False,114
2020-11-17 02:00:00,31,84,False,115
2020-11-17 03:00:00,29,84,False,113
2020-11-17 04:00:00,30,81,False,111
2020-11-17 05:00:00,29,80,False,109
2020-11-17 06:00:00,23,64,False,87
2020-11-17 07:00:00,20,59,False,79
2020-11-17 08:00:00,17,62,False,79
2020-11-17 09:00:00,15,62,False,77
2020-11-17 10:00:00,19,61,False,80
2020-11-17 11:00:00,18,56,False,74
2020-11-17 12:00:00,22,65,False,87
2020-11-17 13:00:00,22,64,False,86
2020-11-17 14:00:00,23,69,False,92
2020-11-17 15:00:00,25,74,False,99
2020-11-17 16:00:00,24,76,False,100
2020-11-17 17:00:00,24,80,False,104
2020-11-17 18:00:00,27,84,False,111
2020-11-17 19:00:00,32,84,False,116
2020-11-17 20:00:00,28,77,False,105
2020-11-17 21:00:00,29,77,False,106
2020-11-17 22:00:00,27,83,False,110
2020-11-17 23:00:00,31,85,False,116
2020-11-18 00:00:00,30,86,False,116
2020-11-18 00:00:00,23,67,False,90
2020-11-18 01:00:00,23,66,False,89
2020-11-18 02:00:00,26,67,False,93
2020-11-18 03:00:00,28,68,False,96
2020-11-18 04:00:00,38,68,False,106
2020-11-18 05:00:00,29,64,False,93
2020-11-18 06:00:00,20,49,False,69
2020-11-18 07:00:00,18,51,False,69
2020-11-18 08:00:00,18,51,False,69
2020-11-18 09:00:00,12,51,False,63
2020-11-18 10:00:00,12,53,False,65
2020-11-18 11:00:00,18,54,False,72
2020-11-18 12:00:00,17,49,False,66
2020-11-18 13:00:00,18,56,False,74
2020-11-18 14:00:00,15,54,False,69
2020-11-18 15:00:00,19,61,False,80
2020-11-18 16:00:00,20,61,False,81
2020-11-18 17:00:00,18,64,False,82
2020-11-18 18:00:00,17,63,False,80
2020-11-18 19:00:00,17,62,False,79
2020-11-18 20:00:00,16,54,False,70
2020-11-18 21:00:00,19,64,False,83
2020-11-18 22:00:00,19,59,False,78
2020-11-18 23:00:00,19,64,False,83
2020-11-19 00:00:00,20,65,False,85
2020-11-19 01:00:00,22,63,False,85
2020-11-19 02:00:00,17,62,False,79
2020-11-19 03:00:00,22,62,False,84
2020-11-19 04:00:00,24,63,False,87
2020-11-19 05:00:00,22,59,False,81
2020-11-19 06:00:00,16,54,False,70
2020-11-19 07:00:00,15,48,False,63
2020-11-19 08:00:00,14,52,False,66
2020-11-19 09:00:00,13,44,False,57
2020-11-19 10:00:00,13,47,False,60
2020-11-19 11:00:00,13,43,False,56
2020-11-19 12:00:00,13,49,False,62
2020-11-19 13:00:00,16,49,False,65
2020-11-19 14:00:00,18,57,False,75
2020-11-19 15:00:00,18,60,False,78
2020-11-19 16:00:00,19,61,False,80
2020-11-19 17:00:00,14,63,False,77
2020-11-19 18:00:00,19,60,False,79
2020-11-19 19:00:00,20,59,False,79
2020-11-19 20:00:00,17,58,False,75
2020-11-19 21:00:00,20,63,False,83
2020-11-19 22:00:00,18,60,False,78
2020-11-19 23:00:00,20,63,False,83
2020-11-20 00:00:00,20,68,False,88
2020-11-20 01:00:00,21,68,False,89
2020-11-20 02:00:00,21,68,False,89
2020-11-20 03:00:00,20,66,False,86
2020-11-20 04:00:00,23,69,False,92
2020-11-20 05:00:00,20,59,False,79
2020-11-20 06:00:00,20,55,False,75
2020-11-20 07:00:00,15,56,False,71
2020-11-20 08:00:00,15,50,False,65
2020-11-20 09:00:00,13,47,False,60
2020-11-20 10:00:00,14,46,False,60
2020-11-20 11:00:00,17,49,False,66
2020-11-20 12:00:00,16,50,False,66
2020-11-20 13:00:00,16,53,False,69
2020-11-20 14:00:00,21,62,False,83
2020-11-20 15:00:00,20,62,False,82
2020-11-20 16:00:00,24,62,False,86
2020-11-20 17:00:00,23,68,False,91
2020-11-20 18:00:00,23,66,False,89
2020-11-20 19:00:00,25,69,False,94
2020-11-20 20:00:00,22,66,False,88
2020-11-20 21:00:00,21,69,False,90
2020-11-20 22:00:00,25,70,False,95
2020-11-20 23:00:00,26,68,False,94
2020-11-21 00:00:00,28,66,False,94
2020-11-21 01:00:00,29,80,False,109
2020-11-21 02:00:00,43,75,False,118
2020-11-21 03:00:00,55,76,False,131
2020-11-21 04:00:00,42,72,False,114
2020-11-21 05:00:00,36,69,False,105
2020-11-21 06:00:00,29,64,False,93
2020-11-21 07:00:00,27,59,False,86
2020-11-21 08:00:00,21,51,False,72
2020-11-21 09:00:00,21,50,False,71
2020-11-21 10:00:00,22,57,False,79
2020-11-21 11:00:00,29,52,False,81
2020-11-21 12:00:00,28,51,False,79
2020-11-21 13:00:00,39,57,False,96
2020-11-21 14:00:00,46,61,False,107
2020-11-21 15:00:00,44,60,False,104
2020-11-21 16:00:00,49,73,False,122
2020-11-21 17:00:00,34,69,False,103
2020-11-21 18:00:00,37,72,False,109
2020-11-21 19:00:00,36,66,False,102
2020-11-21 20:00:00,36,69,False,105
2020-11-21 21:00:00,40,70,False,110
2020-11-21 22:00:00,37,67,False,104
2020-11-21 23:00:00,46,71,False,117
2020-11-22 00:00:00,63,78,False,141
2020-11-22 01:00:00,41,77,False,118
2020-11-22 02:00:00,39,78,False,117
2020-11-22 03:00:00,36,85,False,121
2020-11-22 04:00:00,35,83,False,118
2020-11-22 05:00:00,33,65,False,98
2020-11-22 06:00:00,31,64,False,95
2020-11-22 07:00:00,26,52,False,78
2020-11-22 08:00:00,21,59,False,80
2020-11-22 09:00:00,16,55,False,71
2020-11-22 10:00:00,19,52,False,71
2020-11-22 11:00:00,21,50,False,71
2020-11-22 12:00:00,21,49,False,70
2020-11-22 13:00:00,21,51,False,72
2020-11-22 14:00:00,21,50,False,71
2020-11-22 15:00:00,21,55,False,76
2020-11-22 16:00:00,26,62,False,88
2020-11-22 17:00:00,25,62,False,87
2020-11-22 18:00:00,26,61,False,87
2020-11-22 19:00:00,27,56,False,83
2020-11-22 20:00:00,26,63,False,89
2020-11-22 21:00:00,27,61,False,88
2020-11-22 22:00:00,29,62,False,91
2020-11-22 23:00:00,29,68,False,97
2020-11-23 00:00:00,28,70,False,98
2020-11-23 01:00:00,25,73,False,98
2020-11-23 02:00:00,27,76,False,103
2020-11-23 03:00:00,24,71,False,95
2020-11-23 04:00:00,27,67,False,94
2020-11-23 05:00:00,25,56,False,81
2020-11-23 06:00:00,21,54,False,75
2020-11-23 07:00:00,19,50,False,69
2020-11-23 08:00:00,16,49,False,65
2020-11-23 09:00:00,17,51,False,68
2020-11-23 10:00:00,20,50,False,70
2020-11-23 11:00:00,20,45,False,65
2020-11-23 12:00:00,18,48,False,66
2020-11-23 13:00:00,21,52,False,73
2020-11-23 14:00:00,28,56,False,84
2020-11-23 15:00:00,29,59,False,88
2020-11-23 16:00:00,25,62,False,87
2020-11-23 17:00:00,25,63,False,88
2020-11-23 18:00:00,27,61,False,88
2020-11-23 19:00:00,27,60,False,87
2020-11-23 20:00:00,29,62,False,91
2020-11-23 21:00:00,28,63,False,91
2020-11-23 22:00:00,35,69,False,104
2020-11-23 23:00:00,45,77,False,122
2020-11-24 00:00:00,77,74,False,151
2020-11-24 01:00:00,65,72,False,137
2020-11-24 02:00:00,58,80,False,138
2020-11-24 03:00:00,56,80,False,136
2020-11-24 04:00:00,58,73,False,131
2020-11-24 05:00:00,100,82,False,182
2020-11-24 06:00:00,65,66,False,131
2020-11-24 07:00:00,49,63,False,112
2020-11-24 08:00:00,38,58,False,96
2020-11-24 09:00:00,30,56,False,86
2020-11-24 10:00:00,26,50,False,76
2020-11-24 11:00:00,28,51,False,79
2020-11-24 12:00:00,26,50,False,76
2020-11-24 13:00:00,34,56,False,90
2020-11-24 14:00:00,37,60,False,97
2020-11-24 15:00:00,40,61,False,101
2020-11-24 16:00:00,57,65,False,122
2020-11-24 17:00:00,56,68,False,124
2020-11-24 18:00:00,52,64,False,116
2020-11-24 19:00:00,50,64,False,114
2020-11-24 20:00:00,51,76,False,127
2020-11-24 21:00:00,46,63,False,109
2020-11-24 22:00:00,46,67,False,113
2020-11-24 23:00:00,58,73,False,131
2020-11-25 00:00:00,71,73,False,144
2020-11-25 00:00:00,87,89,False,176
2020-11-25 01:00:00,77,92,False,169
2020-11-25 02:00:00,61,95,False,156
2020-11-25 03:00:00,58,100,False,158
2020-11-25 04:00:00,53,88,False,141
2020-11-25 05:00:00,54,82,False,136
2020-11-25 06:00:00,37,75,False,112
2020-11-25 07:00:00,37,70,False,107
2020-11-25 08:00:00,33,69,False,102
2020-11-25 09:00:00,31,62,False,93
2020-11-25 10:00:00,33,60,False,93
2020-11-25 11:00:00,34,60,False,94
2020-11-25 12:00:00,37,60,False,97
2020-11-25 13:00:00,39,70,False,109
2020-11-25 14:00:00,38,71,False,109
2020-11-25 15:00:00,46,77,False,123
2020-11-25 16:00:00,39,71,False,110
2020-11-25 17:00:00,37,70,False,107
2020-11-25 18:00:00,38,75,False,113
2020-11-25 19:00:00,36,73,False,109
2020-11-25 20:00:00,35,70,False,105
2020-11-25 21:00:00,34,81,False,115
2020-11-25 22:00:00,33,71,False,104
2020-11-25 23:00:00,38,81,False,119
2020-11-26 00:00:00,33,86,False,119
2020-11-26 01:00:00,35,91,False,126
2020-11-26 02:00:00,36,93,False,129
2020-11-26 03:00:00,39,87,False,126
2020-11-26 04:00:00,43,88,False,131
2020-11-26 05:00:00,41,77,False,118
2020-11-26 06:00:00,29,74,False,103
2020-11-26 07:00:00,25,70,False,95
2020-11-26 08:00:00,23,64,False,87
2020-11-26 09:00:00,25,61,False,86
2020-11-26 10:00:00,25,61,False,86
2020-11-26 11:00:00,23,58,False,81
2020-11-26 12:00:00,21,55,False,76
2020-11-26 13:00:00,22,59,False,81
2020-11-26 14:00:00,22,68,False,90
2020-11-26 15:00:00,24,62,False,86
2020-11-26 16:00:00,25,73,False,98
2020-11-26 17:00:00,25,85,False,110
2020-11-26 18:00:00,24,84,False,108
2020-11-26 19:00:00,26,81,False,107
2020-11-26 20:00:00,25,79,False,104
2020-11-26 21:00:00,23,77,False,100
2020-11-26 22:00:00,25,79,False,104
2020-11-26 23:00:00,31,91,False,122
2020-11-27 00:00:00,26,85,False,111
2020-11-27 01:00:00,34,97,False,131
2020-11-27 02:00:00,31,94,False,125
2020-11-27 03:00:00,29,75,False,104
2020-11-27 04:00:00,31,92,False,123
2020-11-27 05:00:00,28,80,False,108
2020-11-27 06:00:00,25,66,False,91
2020-11-27 07:00:00,20,62,False,82
2020-11-27 08:00:00,16,61,False,77
2020-11-27 09:00:00,18,59,False,77
2020-11-27 10:00:00,17,59,False,76
2020-11-27 11:00:00,21,55,False,76
2020-11-27 12:00:00,19,53,False,72
2020-11-27 13:00:00,20,58,False,78
2020-11-27 14:00:00,19,61,False,80
2020-11-27 15:00:00,19,66,False,85
2020-11-27 16:00:00,21,70,False,91
2020-11-27 17:00:00,24,71,False,95
2020-11-27 18:00:00,22,74,False,96
2020-11-27 19:00:00,24,75,False,99
2020-11-27 20:00:00,25,74,False,99
2020-11-27 21:00:00,26,78,False,104
2020-11-27 22:00:00,25,83,False,108
2020-11-27 23:00:00,25,81,False,106
2020-11-28 00:00:00,27,86,False,113
2020-11-28 01:00:00,32,83,False,115
2020-11-28 02:00:00,29,88,False,117
2020-11-28 03:00:00,28,93,False,121
2020-11-28 04:00:00,29,81,False,110
2020-11-28 05:00:00,31,80,False,111
2020-11-28 06:00:00,25,75,False,100
2020-11-28 07:00:00,22,71,False,93
2020-11-28 08:00:00,20,60,False,80
2020-11-28 09:00:00,18,59,False,77
2020-11-28 10:00:00,19,60,False,79
2020-11-28 11:00:00,21,53,False,74
2020-11-28 12:00:00,22,59,False,81
2020-11-28 13:00:00,24,59,False,83
2020-11-28 14:00:00,26,62,False,88
2020-11-28 15:00:00,23,75,False,98
2020-11-28 16:00:00,27,71,False,98
2020-11-28 17:00:00,23,76,False,99
2020-11-28 18:00:00,23,74,False,97
2020-11-28 19:00:00,23,75,False,98
2020-11-28 20:00:00,29,74,False,103
2020-11-28 21:00:00,33,79,False,112
2020-11-28 22:00:00,25,76,False,101
2020-11-28 23:00:00,29,75,False,104
2020-11-29 00:00:00,28,83,False,111
2020-11-29 01:00:00,29,80,False,109
2020-11-29 02:00:00,25,87,False,112
2020-11-29 03:00:00,30,87,False,117
2020-11-29 04:00:00,30,76,False,106
2020-11-29 05:00:00,27,75,False,102
2020-11-29 06:00:00,27,71,False,98
2020-11-29 07:00:00,19,64,False,83
2020-11-29 08:00:00,21,58,False,79
2020-11-29 09:00:00,20,68,False,88
2020-11-29 10:00:00,22,58,False,80
2020-11-29 11:00:00,20,57,False,77
2020-11-29 12:00:00,18,57,False,75
2020-11-29 13:00:00,20,62,False,82
2020-11-29 14:00:00,22,65,False,87
2020-11-29 15:00:00,20,71,False,91
2020-11-29 16:00:00,20,70,False,90
2020-11-29 17:00:00,23,70,False,93
2020-11-29 18:00:00,26,71,False,97
2020-11-29 19:00:00,22,73,False,95
2020-11-29 20:00:00,23,75,False,98
2020-11-29 21:00:00,23,68,False,91
2020-11-29 22:00:00,25,73,False,98
2020-11-29 23:00:00,28,75,False,103
2020-11-30 00:00:00,28,78,False,106
2020-11-30 01:00:00,28,76,False,104
2020-11-30 02:00:00,32,82,False,114
2020-11-30 03:00:00,29,77,False,106
2020-11-30 04:00:00,36,81,False,117
2020-11-30 05:00:00,33,71,False,104
2020-11-30 06:00:00,24,65,False,89
2020-11-30 07:00:00,21,60,False,81
2020-11-30 08:00:00,17,62,False,79
2020-11-30 09:00:00,18,61,False,79
2020-11-30 10:00:00,18,53,False,71
2020-11-30 11:00:00,19,51,False,70
2020-11-30 12:00:00,17,53,False,70
2020-11-30 13:00:00,19,62,False,81
2020-11-30 14:00:00,27,66,False,93
2020-11-30 15:00:00,29,72,False,101
2020-11-30 16:00:00,31,76,False,107
2020-11-30 17:00:00,25,75,False,100
2020-11-30 18:00:00,31,82,False,113
2020-11-30 19:00:00,32,80,False,112
2020-11-30 20:00:00,29,77,False,106
2020-11-30 21:00:00,35,75,False,110
2020-11-30 22:00:00,30,80,False,110
2020-11-30 23:00:00,33,79,False,112
2020-12-01 00:00:00,46,88,False,134
2020-12-01 01:00:00,33,82,False,115
2020-12-01 02:00:00,34,87,False,121
2020-12-01 03:00:00,35,90,False,125
2020-12-01 04:00:00,37,80,False,117
2020-12-01 05:00:00,40,77,False,117
2020-12-01 06:00:00,29,60,False,89
2020-12-01 07:00:00,23,65,False,88
2020-12-01 08:00:00,21,57,False,78
2020-12-01 09:00:00,20,57,False,77
2020-12-01 10:00:00,20,61,False,81
2020-12-01 11:00:00,26,54,False,80
2020-12-01 12:00:00,22,61,False,83
2020-12-01 13:00:00,23,64,False,87
2020-12-01 14:00:00,25,66,False,91
2020-12-01 15:00:00,27,76,False,103
2020-12-01 16:00:00,22,76,False,98
2020-12-01 17:00:00,24,79,False,103
2020-12-01 18:00:00,24,80,False,104
2020-12-01 19:00:00,26,76,False,102
2020-12-01 20:00:00,25,73,False,98
2020-12-01 21:00:00,27,75,False,102
2020-12-01 22:00:00,29,74,False,103
2020-12-01 23:00:00,30,76,False,106
2020-12-02 00:00:00,35,82,False,117
2020-12-02 00:00:00,36,85,False,121
2020-12-02 01:00:00,29,79,False,108
2020-12-02 02:00:00,30,85,False,115
2020-12-02 03:00:00,28,88,False,116
2020-12-02 04:00:00,34,79,False,113
2020-12-02 05:00:00,31,74,False,105
2020-12-02 06:00:00,26,62,False,88
2020-12-02 07:00:00,19,58,False,77
2020-12-02 08:00:00,18,58,False,76
2020-12-02 09:00:00,16,56,False,72
2020-12-02 10:00:00,19,58,False,77
2020-12-02 11:00:00,17,59,False,76
2020-12-02 12:00:00,18,58,False,76
2020-12-02 13:00:00,22,62,False,84
2020-12-02 14:00:00,20,72,False,92
2020-12-02 15:00:00,23,76,False,99
2020-12-02 16:00:00,25,73,False,98
2020-12-02 17:00:00,25,75,False,100
2020-12-02 18:00:00,23,76,False,99
2020-12-02 19:00:00,22,71,False,93
2020-12-02 20:00:00,22,72,False,94
2020-12-02 21:00:00,25,71,False,96
2020-12-02 22:00:00,28,76,False,104
2020-12-02 23:00:00,29,79,False,108
2020-12-03 00:00:00,34,86,False,120
2020-12-03 01:00:00,26,93,False,119
2020-12-03 02:00:00,28,82,False,110
2020-12-03 03:00:00,34,81,False,115
2020-12-03 04:00:00,32,91,False,123
2020-12-03 05:00:00,32,78,False,110
2020-12-03 06:00:00,20,65,False,85
2020-12-03 07:00:00,20,61,False,81
2020-12-03 08:00:00,17,60,False,77
2020-12-03 09:00:00,17,59,False,76
2020-12-03 10:00:00,18,61,False,79
2020-12-03 11:00:00,20,57,False,77
2020-12-03 12:00:00,21,62,False,83
2020-12-03 13:00:00,21,60,False,81
2020-12-03 14:00:00,23,67,False,90
2020-12-03 15:00:00,28,75,False,103
2020-12-03 16:00:00,31,82,False,113
2020-12-03 17:00:00,28,78,False,106
2020-12-03 18:00:00,27,76,False,103
2020-12-03 19:00:00,30,78,False,108
2020-12-03 20:00:00,27,75,False,102
2020-12-03 21:00:00,32,76,False,108
2020-12-03 22:00:00,30,76,False,106
2020-12-03 23:00:00,32,76,False,108
2020-12-04 00:00:00,34,85,False,119
2020-12-04 01:00:00,33,85,False,118
2020-12-04 02:00:00,40,94,False,134
2020-12-04 03:00:00,33,90,False,123
2020-12-04 04:00:00,38,76,False,114
2020-12-04 05:00:00,34,78,False,112
2020-12-04 06:00:00,23,67,False,90
2020-12-04 07:00:00,21,62,False,83
2020-12-04 08:00:00,18,64,False,82
2020-12-04 09:00:00,17,60,False,77
2020-12-04 10:00:00,16,62,False,78
2020-12-04 11:00:00,16,56,False,72
2020-12-04 12:00:00,20,63,False,83
2020-12-04 13:00:00,22,66,False,88
2020-12-04 14:00:00,22,78,False,100
2020-12-04 15:00:00,21,75,False,96
2020-12-04 16:00:00,21,75,False,96
2020-12-04 17:00:00,24,82,False,106
2020-12-04 18:00:00,26,83,False,109
2020-12-04 19:00:00,24,86,False,110
2020-12-04 20:00:00,23,78,False,101
2020-12-04 21:00:00,23,81,False,104
2020-12-04 22:00:00,26,76,False,102
2020-12-04 23:00:00,32,87,False,119
2020-12-05 00:00:00,26,99,False,125
2020-12-05 01:00:00,30,95,False,125
2020-12-05 02:00:00,26,93,False,119
2020-12-05 03:00:00,27,99,False,126
2020-12-05 04:00:00,28,94,False,122
2020-12-05 05:00:00,29,92,False,121
2020-12-05 06:00:00,26,73,False,99
2020-12-05 07:00:00,20,68,False,88
2020-12-05 08:00:00,22,65,False,87
2020-12-05 09:00:00,22,65,False,87
2020-12-05 10:00:00,19,65,False,84
2020-12-05 11:00:00,19,63,False,82
2020-12-05 12:00:00,19,69,False,88
2020-12-05 13:00:00,18,68,False,86
2020-12-05 14:00:00,21,68,False,89
2020-12-05 15:00:00,19,75,False,94
2020-12-05 16:00:00,22,77,False,99
2020-12-05 17:00:00,19,78,False,97
2020-12-05 18:00:00,22,78,False,100
2020-12-05 19:00:00,21,85,False,106
2020-12-05 20:00:00,22,77,False,99
2020-12-05 21:00:00,24,80,False,104
2020-12-05 22:00:00,21,81,False,102
2020-12-05 23:00:00,24,89,False,113
2020-12-06 00:00:00,27,82,False,109
2020-12-06 01:00:00,28,100,False,128
2020-12-06 02:00:00,29,98,False,127
2020-12-06 03:00:00,27,95,False,122
2020-12-06 04:00:00,32,99,False,131
2020-12-06 05:00:00,31,92,False,123
2020-12-06 06:00:00,30,80,False,110
2020-12-06 07:00:00,21,71,False,92
2020-12-06 08:00:00,21,68,False,89
2020-12-06 09:00:00,19,63,False,82
2020-12-06 10:00:00,17,59,False,76
2020-12-06 11:00:00,19,59,False,78
2020-12-06 12:00:00,19,59,False,78
2020-12-06 13:00:00,18,67,False,85
2020-12-06 14:00:00,20,66,False,86
2020-12-06 15:00:00,19,66,False,85
2020-12-06 16:00:00,22,79,False,101
2020-12-06 17:00:00,20,80,False,100
2020-12-06 18:00:00,19,78,False,97
2020-12-06 19:00:00,21,76,False,97
2020-12-06 20:00:00,22,84,False,106
2020-12-06 21:00:00,23,70,False,93
2020-12-06 22:00:00,18,79,False,97
2020-12-06 23:00:00,25,77,False,102
2020-12-07 00:00:00,24,84,False,108
2020-12-07 01:00:00,23,79,False,102
2020-12-07 02:00:00,23,87,False,110
2020-12-07 03:00:00,24,84,False,108
2020-12-07 04:00:00,29,83,False,112
2020-12-07 05:00:00,23,76,False,99
2020-12-07 06:00:00,22,70,False,92
2020-12-07 07:00:00,23,64,False,87
2020-12-07 08:00:00,18,60,False,78
2020-12-07 09:00:00,16,60,False,76
2020-12-07 10:00:00,16,58,False,74
2020-12-07 11:00:00,19,60,False,79
2020-12-07 12:00:00,19,58,False,77
2020-12-07 13:00:00,18,63,False,81
2020-12-07 14:00:00,20,66,False,86
2020-12-07 15:00:00,18,76,False,94
2020-12-07 16:00:00,22,75,False,97
2020-12-07 17:00:00,22,82,False,104
2020-12-07 18:00:00,22,77,False,99
2020-12-07 19:00:00,21,84,False,105
2020-12-07 20:00:00,23,79,False,102
2020-12-07 21:00:00,23,84,False,107
2020-12-07 22:00:00,26,82,False,108
2020-12-07 23:00:00,26,86,False,112
2020-12-08 00:00:00,26,88,False,114
2020-12-08 01:00:00,25,85,False,110
2020-12-08 02:00:00,24,81,False,105
2020-12-08 03:00:00,28,90,False,118
2020-12-08 04:00:00,29,82,False,111
2020-12-08 05:00:00,27,75,False,102
2020-12-08 06:00:00,22,64,False,86
2020-12-08 07:00:00,16,65,False,81
2020-12-08 08:00:00,18,58,False,76
2020-12-08 09:00:00,16,58,False,74
2020-12-08 10:00:00,16,53,False,69
2020-12-08 11:00:00,19,59,False,78
2020-12-08 12:00:00,19,64,False,83
2020-12-08 13:00:00,20,66,False,86
2020-12-08 14:00:00,17,70,False,87
2020-12-08 15:00:00,18,77,False,95
2020-12-08 16:00:00,20,73,False,93
2020-12-08 17:00:00,22,73,False,95
2020-12-08 18:00:00,21,79,False,100
2020-12-08 19:00:00,21,80,False,101
2020-12-08 20:00:00,22,69,False,91
2020-12-08 21:00:00,22,73,False,95
2020-12-08 22:00:00,24,82,False,106
2020-12-08 23:00:00,26,83,False,109
2020-12-09 00:00:00,22,84,False,106
2020-12-09 00:00:00,22,84,False,106
2020-12-09 01:00:00,26,82,False,108
2020-12-09 02:00:00,24,85,False,109
2020-12-09 03:00:00,27,91,False,118
2020-12-09 04:00:00,34,80,False,114
2020-12-09 05:00:00,24,71,False,95
2020-12-09 06:00:00,22,72,False,94
2020-12-09 07:00:00,15,61,False,76
2020-12-09 08:00:00,19,62,False,81
2020-12-09 09:00:00,14,59,False,73
2020-12-09 10:00:00,16,53,False,69
2020-12-09 11:00:00,16,54,False,70
2020-12-09 12:00:00,15,62,False,77
2020-12-09 13:00:00,18,58,False,76
2020-12-09 14:00:00,19,66,False,85
2020-12-09 15:00:00,21,75,False,96
2020-12-09 16:00:00,19,76,False,95
2020-12-09 17:00:00,19,75,False,94
2020-12-09 18:00:00,19,81,False,100
2020-12-09 19:00:00,21,77,False,98
2020-12-09 20:00:00,16,70,False,86
2020-12-09 21:00:00,19,73,False,92
2020-12-09 22:00:00,24,82,False,106
2020-12-09 23:00:00,22,79,False,101
2020-12-10 00:00:00,22,86,False,108
2020-12-10 01:00:00,23,86,False,109
2020-12-10 02:00:00,24,89,False,113
2020-12-10 03:00:00,22,83,False,105
2020-12-10 04:00:00,28,81,False,109
2020-12-10 05:00:00,25,77,False,102
2020-12-10 06:00:00,17,63,False,80
2020-12-10 07:00:00,18,62,False,80
2020-12-10 08:00:00,17,57,False,74
2020-12-10 09:00:00,12,62,False,74
2020-12-10 10:00:00,15,56,False,71
2020-12-10 11:00:00,16,54,False,70
2020-12-10 12:00:00,18,55,False,73
2020-12-10 13:00:00,17,60,False,77
2020-12-10 14:00:00,15,73,False,88
2020-12-10 15:00:00,20,70,False,90
2020-12-10 16:00:00,18,76,False,94
2020-12-10 17:00:00,18,84,False,102
2020-12-10 18:00:00,18,78,False,96
2020-12-10 19:00:00,19,72,False,91
2020-12-10 20:00:00,19,80,False,99
2020-12-10 21:00:00,20,71,False,91
2020-12-10 22:00:00,22,70,False,92
2020-12-10 23:00:00,20,80,False,100
2020-12-11 00:00:00,23,84,False,107
2020-12-11 01:00:00,22,80,False,102
2020-12-11 02:00:00,22,78,False,100
2020-12-11 03:00:00,20,77,False,97
2020-12-11 04:00:00,28,81,False,109
2020-12-11 05:00:00,21,72,False,93
2020-12-11 06:00:00,17,69,False,86
2020-12-11 07:00:00,17,60,False,77
2020-12-11 08:00:00,13,62,False,75
2020-12-11 09:00:00,13,56,False,69
2020-12-11 10:00:00,13,58,False,71
2020-12-11 11:00:00,21,60,False,81
2020-12-11 12:00:00,14,61,False,75
2020-12-11 13:00:00,19,65,False,84
2020-12-11 14:00:00,17,74,False,91
2020-12-11 15:00:00,19,76,False,95
2020-12-11 16:00:00,19,75,False,94
2020-12-11 17:00:00,17,77,False,94
2020-12-11 18:00:00,18,80,False,98
2020-12-11 19:00:00,20,77,False,97
2020-12-11 20:00:00,21,80,False,101
2020-12-11 21:00:00,19,75,False,94
2020-12-11 22:00:00,20,82,False,102
2020-12-11 23:00:00,21,83,False,104
2020-12-12 00:00:00,20,78,False,98
2020-12-12 01:00:00,26,93,False,119
2020-12-12 02:00:00,20,100,False,120
2020-12-12 03:00:00,24,97,False,121
2020-12-12 04:00:00,26,93,False,119
2020-12-12 05:00:00,26,82,False,108
2020-12-12 06:00:00,21,76,False,97
2020-12-12 07:00:00,21,65,False,86
2020-12-12 08:00:00,16,64,False,80
2020-12-12 09:00:00,18,61,False,79
2020-12-12 10:00:00,13,54,False,67
2020-12-12 11:00:00,16,67,False,83
2020-12-12 12:00:00,17,63,False,80
2020-12-12 13:00:00,16,62,False,78
2020-12-12 14:00:00,14,67,False,81
2020-12-12 15:00:00,19,75,False,94
2020-12-12 16:00:00,18,77,False,95
2020-12-12 17:00:00,18,78,False,96
2020-12-12 18:00:00,20,73,False,93
2020-12-12 19:00:00,18,77,False,95
2020-12-12 20:00:00,17,72,False,89
2020-12-12 21:00:00,20,75,False,95
2020-12-12 22:00:00,23,77,False,100
2020-12-12 23:00:00,22,80,False,102
2020-12-13 00:00:00,22,86,False,108
2020-12-13 01:00:00,22,92,False,114
2020-12-13 02:00:00,21,88,False,109
2020-12-13 03:00:00,23,94,False,117
2020-12-13 04:00:00,23,91,False,114
2020-12-13 05:00:00,26,84,False,110
2020-12-13 06:00:00,18,78,False,96
2020-12-13 07:00:00,19,66,False,85
2020-12-13 08:00:00,20,65,False,85
2020-12-13 09:00:00,19,61,False,80
2020-12-13 10:00:00,19,57,False,76
2020-12-13 11:00:00,16,57,False,73
2020-12-13 12:00:00,18,61,False,79
2020-12-13 13:00:00,19,63,False,82
2020-12-13 14:00:00,20,63,False,83
2020-12-13 15:00:00,19,74,False,93
2020-12-13 16:00:00,21,74,False,95
2020-12-13 17:00:00,21,71,False,92
2020-12-13 18:00:00,19,73,False,92
2020-12-13 19:00:00,20,72,False,92
2020-12-13 20:00:00,22,71,False,93
2020-12-13 21:00:00,25,67,False,92
2020-12-13 22:00:00,20,76,False,96
2020-12-13 23:00:00,24,77,False,101
2020-12-14 00:00:00,28,75,False,103
2020-12-14 01:00:00,23,74,False,97
2020-12-14 02:00:00,21,75,False,96
2020-12-14 03:00:00,23,83,False,106
2020-12-14 04:00:00,27,71,False,98
2020-12-14 05:00:00,22,69,False,91
2020-12-14 06:00:00,19,63,False,82
2020-12-14 07:00:00,18,58,False,76
2020-12-14 08:00:00,14,57,False,71
2020-12-14 09:00:00,13,59,False,72
2020-12-14 10:00:00,14,53,False,67
2020-12-14 11:00:00,16,59,False,75
2020-12-14 12:00:00,15,52,False,67
2020-12-14 13:00:00,15,59,False,74
2020-12-14 14:00:00,17,65,False,82
2020-12-14 15:00:00,17,74,False,91
2020-12-14 16:00:00,18,77,False,95
2020-12-14 17:00:00,17,74,False,91
2020-12-14 18:00:00,20,77,False,97
2020-12-14 19:00:00,20,76,False,96
2020-12-14 20:00:00,18,77,False,95
2020-12-14 21:00:00,18,73,False,91
2020-12-14 22:00:00,18,75,False,93
2020-12-14 23:00:00,24,77,False,101
2020-12-15 00:00:00,22,86,False,108
2020-12-15 01:00:00,23,81,False,104
2020-12-15 02:00:00,23,83,False,106
2020-12-15 03:00:00,22,81,False,103
2020-12-15 04:00:00,26,79,False,105
2020-12-15 05:00:00,21,69,False,90
2020-12-15 06:00:00,17,66,False,83
2020-12-15 07:00:00,14,65,False,79
2020-12-15 08:00:00,14,68,False,82
2020-12-15 09:00:00,14,60,False,74
2020-12-15 10:00:00,13,57,False,70
2020-12-15 11:00:00,15,60,False,75
2020-12-15 12:00:00,14,60,False,74
2020-12-15 13:00:00,18,62,False,80
2020-12-15 14:00:00,18,71,False,89
2020-12-15 15:00:00,17,72,False,89
2020-12-15 16:00:00,17,75,False,92
2020-12-15 17:00:00,20,79,False,99
2020-12-15 18:00:00,22,80,False,102
2020-12-15 19:00:00,21,79,False,100
2020-12-15 20:00:00,19,72,False,91
2020-12-15 21:00:00,19,69,False,88
2020-12-15 22:00:00,20,86,False,106
2020-12-15 23:00:00,24,75,False,99
2020-12-16 00:00:00,21,85,False,106
2020-12-16 00:00:00,4,16,False,20
2020-12-16 01:00:00,3,16,False,19
2020-12-16 02:00:00,4,15,False,19
2020-12-16 03:00:00,4,16,False,20
2020-12-16 04:00:00,5,13,False,18
2020-12-16 05:00:00,5,13,False,18
2020-12-16 06:00:00,3,12,False,15
2020-12-16 07:00:00,3,11,False,14
2020-12-16 08:00:00,3,11,False,14
2020-12-16 09:00:00,2,10,False,12
2020-12-16 10:00:00,3,12,False,15
2020-12-16 11:00:00,3,11,False,14
2020-12-16 12:00:00,3,10,False,13
2020-12-16 13:00:00,4,11,False,15
2020-12-16 14:00:00,6,14,False,20
2020-12-16 15:00:00,5,14,False,19
2020-12-16 16:00:00,6,15,False,21
2020-12-16 17:00:00,5,14,False,19
2020-12-16 18:00:00,6,13,False,19
2020-12-16 19:00:00,5,13,False,18
2020-12-16 20:00:00,5,14,False,19
2020-12-16 21:00:00,6,16,False,22
2020-12-16 22:00:00,9,17,False,26
2020-12-16 23:00:00,9,16,False,25
2020-12-17 00:00:00,9,16,False,25
2020-12-17 01:00:00,9,16,False,25
2020-12-17 02:00:00,9,16,False,25
2020-12-17 03:00:00,10,15,False,25
2020-12-17 04:00:00,10,16,False,26
2020-12-17 05:00:00,9,14,False,23
2020-12-17 06:00:00,7,13,False,20
2020-12-17 07:00:00,6,13,False,19
2020-12-17 08:00:00,5,13,False,18
2020-12-17 09:00:00,6,11,False,17
2020-12-17 10:00:00,5,11,False,16
2020-12-17 11:00:00,6,12,False,18
2020-12-17 12:00:00,6,13,False,19
2020-12-17 13:00:00,7,13,False,20
2020-12-17 14:00:00,9,15,False,24
2020-12-17 15:00:00,17,18,False,35
2020-12-17 16:00:00,11,17,False,28
2020-12-17 17:00:00,12,17,False,29
2020-12-17 18:00:00,11,17,False,28
2020-12-17 19:00:00,12,17,False,29
2020-12-17 20:00:00,10,16,False,26
2020-12-17 21:00:00,9,15,False,24
2020-12-17 22:00:00,8,15,False,23
2020-12-17 23:00:00,11,16,False,27
2020-12-18 00:00:00,9,18,False,27
2020-12-18 01:00:00,9,17,False,26
2020-12-18 02:00:00,11,16,False,27
2020-12-18 03:00:00,10,17,False,27
2020-12-18 04:00:00,11,16,False,27
2020-12-18 05:00:00,9,14,False,23
2020-12-18 06:00:00,8,13,False,21
2020-12-18 07:00:00,6,13,False,19
2020-12-18 08:00:00,5,11,False,16
2020-12-18 09:00:00,5,12,False,17
2020-12-18 10:00:00,4,12,False,16
2020-12-18 11:00:00,5,11,False,16
2020-12-18 12:00:00,5,12,False,17
2020-12-18 13:00:00,6,15,False,21
2020-12-18 14:00:00,6,15,False,21
2020-12-18 15:00:00,6,15,False,21
2020-12-18 16:00:00,6,16,False,22
2020-12-18 17:00:00,6,17,False,23
2020-12-18 18:00:00,6,17,False,23
2020-12-18 19:00:00,6,16,False,22
2020-12-18 20:00:00,7,15,False,22
2020-12-18 21:00:00,7,16,False,23
2020-12-18 22:00:00,7,16,False,23
2020-12-18 23:00:00,8,16,False,24
2020-12-19 00:00:00,8,18,False,26
2020-12-19 01:00:00,7,18,False,25
2020-12-19 02:00:00,8,18,False,26
2020-12-19 03:00:00,8,18,False,26
2020-12-19 04:00:00,9,18,False,27
2020-12-19 05:00:00,8,17,False,25
2020-12-19 06:00:00,7,14,False,21
2020-12-19 07:00:00,6,13,False,19
2020-12-19 08:00:00,5,14,False,19
2020-12-19 09:00:00,5,12,False,17
2020-12-19 10:00:00,5,11,False,16
2020-12-19 11:00:00,5,12,False,17
2020-12-19 12:00:00,5,12,False,17
2020-12-19 13:00:00,6,13,False,19
2020-12-19 14:00:00,5,13,False,18
2020-12-19 15:00:00,6,15,False,21
2020-12-19 16:00:00,7,15,False,22
2020-12-19 17:00:00,7,16,False,23
2020-12-19 18:00:00,6,16,False,22
2020-12-19 19:00:00,6,16,False,22
2020-12-19 20:00:00,8,15,False,23
2020-12-19 21:00:00,7,15,False,22
2020-12-19 22:00:00,9,17,False,26
2020-12-19 23:00:00,8,15,False,23
2020-12-20 00:00:00,8,17,False,25
2020-12-20 01:00:00,6,17,False,23
2020-12-20 02:00:00,6,16,False,22
2020-12-20 03:00:00,8,15,False,23
2020-12-20 04:00:00,7,18,False,25
2020-12-20 05:00:00,7,15,False,22
2020-12-20 06:00:00,7,15,False,22
2020-12-20 07:00:00,6,13,False,19
2020-12-20 08:00:00,6,13,False,19
2020-12-20 09:00:00,31,32,False,63
2020-12-20 10:00:00,44,34,False,78
2020-12-20 11:00:00,32,27,False,59
2020-12-20 12:00:00,30,28,False,58
2020-12-20 13:00:00,27,22,False,49
2020-12-20 14:00:00,29,25,False,54
2020-12-20 15:00:00,39,28,False,67
2020-12-20 16:00:00,39,29,False,68
2020-12-20 17:00:00,46,31,False,77
2020-12-20 18:00:00,48,31,False,79
2020-12-20 19:00:00,49,29,False,78
2020-12-20 20:00:00,49,28,False,77
2020-12-20 21:00:00,47,29,False,76
2020-12-20 22:00:00,45,27,False,72
2020-12-20 23:00:00,57,30,False,87
2020-12-21 00:00:00,68,35,False,103
2020-12-21 01:00:00,68,35,False,103
2020-12-21 02:00:00,76,36,False,112
2020-12-21 03:00:00,100,44,False,144
2020-12-21 04:00:00,76,37,False,113
2020-12-21 05:00:00,62,29,False,91
2020-12-21 06:00:00,49,26,False,75
2020-12-21 07:00:00,38,21,False,59
2020-12-21 08:00:00,38,22,False,60
2020-12-21 09:00:00,40,23,False,63
2020-12-21 10:00:00,29,18,False,47
2020-12-21 11:00:00,32,17,False,49
2020-12-21 12:00:00,38,20,False,58
2020-12-21 13:00:00,37,21,False,58
2020-12-21 14:00:00,38,21,False,59
2020-12-21 15:00:00,48,24,False,72
2020-12-21 16:00:00,43,25,False,68
2020-12-21 17:00:00,40,24,False,64
2020-12-21 18:00:00,40,22,False,62
2020-12-21 19:00:00,41,23,False,64
2020-12-21 20:00:00,38,21,False,59
2020-12-21 21:00:00,37,22,False,59
2020-12-21 22:00:00,39,23,False,62
2020-12-21 23:00:00,39,24,False,63
2020-12-22 00:00:00,34,21,False,55
2020-12-22 01:00:00,32,22,False,54
2020-12-22 02:00:00,33,22,False,55
2020-12-22 03:00:00,37,23,False,60
2020-12-22 04:00:00,38,22,False,60
2020-12-22 05:00:00,35,19,False,54
2020-12-22 06:00:00,29,17,False,46
2020-12-22 07:00:00,19,15,False,34
2020-12-22 08:00:00,17,14,False,31
2020-12-22 09:00:00,16,13,False,29
2020-12-22 10:00:00,14,13,False,27
2020-12-22 11:00:00,15,15,False,30
2020-12-22 12:00:00,16,13,False,29
2020-12-22 13:00:00,17,14,False,31
2020-12-22 14:00:00,19,17,False,36
2020-12-22 15:00:00,18,17,False,35
2020-12-22 16:00:00,18,17,False,35
2020-12-22 17:00:00,17,18,False,35
2020-12-22 18:00:00,16,17,False,33
2020-12-22 19:00:00,18,17,False,35
2020-12-22 20:00:00,17,17,False,34
2020-12-22 21:00:00,19,17,False,36
2020-12-22 22:00:00,19,18,False,37
2020-12-22 23:00:00,21,19,False,40
2020-12-23 00:00:00,23,17,False,40
2020-12-23 00:00:00,100,75,False,175
2020-12-23 01:00:00,98,83,False,181
2020-12-23 02:00:00,84,78,False,162
2020-12-23 03:00:00,87,81,False,168
2020-12-23 04:00:00,78,75,False,153
2020-12-23 05:00:00,79,78,False,157
2020-12-23 06:00:00,68,67,False,135
2020-12-23 07:00:00,54,57,False,111
2020-12-23 08:00:00,50,57,False,107
2020-12-23 09:00:00,41,59,False,100
2020-12-23 10:00:00,44,52,False,96
2020-12-23 11:00:00,47,58,False,105
2020-12-23 12:00:00,47,50,False,97
2020-12-23 13:00:00,48,58,False,106
2020-12-23 14:00:00,51,63,False,114
2020-12-23 15:00:00,56,67,False,123
2020-12-23 16:00:00,54,68,False,122
2020-12-23 17:00:00,53,72,False,125
2020-12-23 18:00:00,54,69,False,123
2020-12-23 19:00:00,55,70,False,125
2020-12-23 20:00:00,56,72,False,128
2020-12-23 21:00:00,62,69,False,131
2020-12-23 22:00:00,64,79,False,143
2020-12-23 23:00:00,59,75,False,134
2020-12-24 00:00:00,58,76,False,134
2020-12-24 01:00:00,57,73,False,130
2020-12-24 02:00:00,50,83,False,133
2020-12-24 03:00:00,56,75,False,131
2020-12-24 04:00:00,53,74,False,127
2020-12-24 05:00:00,47,73,False,120
2020-12-24 06:00:00,43,65,False,108
2020-12-24 07:00:00,36,58,False,94
2020-12-24 08:00:00,34,55,False,89
2020-12-24 09:00:00,27,59,False,86
2020-12-24 10:00:00,31,59,False,90
2020-12-24 11:00:00,34,56,False,90
2020-12-24 12:00:00,39,58,False,97
2020-12-24 13:00:00,37,59,False,96
2020-12-24 14:00:00,40,66,False,106
2020-12-24 15:00:00,45,69,False,114
2020-12-24 16:00:00,44,75,False,119
2020-12-24 17:00:00,56,79,False,135
2020-12-24 18:00:00,61,81,False,142
2020-12-24 19:00:00,56,84,False,140
2020-12-24 20:00:00,53,80,False,133
2020-12-24 21:00:00,52,77,False,129
2020-12-24 22:00:00,59,85,False,144
2020-12-24 23:00:00,65,86,False,151
2020-12-25 00:00:00,63,86,False,149
2020-12-25 01:00:00,58,88,False,146
2020-12-25 02:00:00,51,95,False,146
2020-12-25 03:00:00,52,87,False,139
2020-12-25 04:00:00,58,82,False,140
2020-12-25 05:00:00,40,76,False,116
2020-12-25 06:00:00,42,74,False,116
2020-12-25 07:00:00,39,60,False,99
2020-12-25 08:00:00,37,64,False,101
2020-12-25 09:00:00,30,55,False,85
2020-12-25 10:00:00,30,60,False,90
2020-12-25 11:00:00,37,61,False,98
2020-12-25 12:00:00,38,64,False,102
2020-12-25 13:00:00,38,60,False,98
2020-12-25 14:00:00,36,65,False,101
2020-12-25 15:00:00,36,74,False,110
2020-12-25 16:00:00,46,78,False,124
2020-12-25 17:00:00,57,87,False,144
2020-12-25 18:00:00,53,76,False,129
2020-12-25 19:00:00,50,76,False,126
2020-12-25 20:00:00,55,76,False,131
2020-12-25 21:00:00,55,76,False,131
2020-12-25 22:00:00,54,80,False,134
2020-12-25 23:00:00,55,77,False,132
2020-12-26 00:00:00,63,84,False,147
2020-12-26 01:00:00,55,81,False,136
2020-12-26 02:00:00,59,84,False,143
2020-12-26 03:00:00,63,88,False,151
2020-12-26 04:00:00,60,81,False,141
2020-12-26 05:00:00,48,64,False,112
2020-12-26 06:00:00,47,64,False,111
2020-12-26 07:00:00,42,61,False,103
2020-12-26 08:00:00,40,57,False,97
2020-12-26 09:00:00,34,55,False,89
2020-12-26 10:00:00,33,54,False,87
2020-12-26 11:00:00,31,50,False,81
2020-12-26 12:00:00,40,58,False,98
2020-12-26 13:00:00,35,61,False,96
2020-12-26 14:00:00,40,62,False,102
2020-12-26 15:00:00,43,66,False,109
2020-12-26 16:00:00,51,66,False,117
2020-12-26 17:00:00,49,80,False,129
2020-12-26 18:00:00,48,72,False,120
2020-12-26 19:00:00,46,73,False,119
2020-12-26 20:00:00,51,73,False,124
2020-12-26 21:00:00,57,70,False,127
2020-12-26 22:00:00,60,74,False,134
2020-12-26 23:00:00,55,72,False,127
2020-12-27 00:00:00,58,74,False,132
2020-12-27 01:00:00,67,86,False,153
2020-12-27 02:00:00,72,79,False,151
2020-12-27 03:00:00,60,78,False,138
2020-12-27 04:00:00,64,86,False,150
2020-12-27 05:00:00,58,79,False,137
2020-12-27 06:00:00,62,70,False,132
2020-12-27 07:00:00,52,58,False,110
2020-12-27 08:00:00,50,59,False,109
2020-12-27 09:00:00,37,58,False,95
2020-12-27 10:00:00,41,56,False,97
2020-12-27 11:00:00,40,56,False,96
2020-12-27 12:00:00,38,53,False,91
2020-12-27 13:00:00,44,58,False,102
2020-12-27 14:00:00,63,67,False,130
2020-12-27 15:00:00,62,70,False,132
2020-12-27 16:00:00,51,69,False,120
2020-12-27 17:00:00,56,70,False,126
2020-12-27 18:00:00,57,67,False,124
2020-12-27 19:00:00,59,67,False,126
2020-12-27 20:00:00,56,67,False,123
2020-12-27 21:00:00,49,66,False,115
2020-12-27 22:00:00,56,65,False,121
2020-12-27 23:00:00,57,69,False,126
2020-12-28 00:00:00,53,73,False,126
2020-12-28 01:00:00,56,80,False,136
2020-12-28 02:00:00,61,76,False,137
2020-12-28 03:00:00,60,80,False,140
2020-12-28 04:00:00,62,74,False,136
2020-12-28 05:00:00,51,67,False,118
2020-12-28 06:00:00,46,60,False,106
2020-12-28 07:00:00,38,55,False,93
2020-12-28 08:00:00,42,54,False,96
2020-12-28 09:00:00,35,54,False,89
2020-12-28 10:00:00,32,50,False,82
2020-12-28 11:00:00,35,49,False,84
2020-12-28 12:00:00,37,49,False,86
2020-12-28 13:00:00,42,54,False,96
2020-12-28 14:00:00,43,57,False,100
2020-12-28 15:00:00,48,61,False,109
2020-12-28 16:00:00,52,67,False,119
2020-12-28 17:00:00,53,69,False,122
2020-12-28 18:00:00,52,63,False,115
2020-12-28 19:00:00,52,70,False,122
2020-12-28 20:00:00,53,74,False,127
2020-12-28 21:00:00,52,66,False,118
2020-12-28 22:00:00,52,70,False,122
2020-12-28 23:00:00,57,71,False,128
2020-12-29 00:00:00,62,75,False,137
2020-12-29 01:00:00,51,75,False,126
2020-12-29 02:00:00,50,79,False,129
2020-12-29 03:00:00,53,76,False,129
2020-12-29 04:00:00,56,78,False,134
2020-12-29 05:00:00,51,70,False,121
2020-12-29 06:00:00,40,57,False,97
2020-12-29 07:00:00,38,57,False,95
2020-12-29 08:00:00,33,49,False,82
2020-12-29 09:00:00,37,51,False,88
2020-12-29 10:00:00,31,46,False,77
2020-12-29 11:00:00,34,52,False,86
2020-12-29 12:00:00,34,49,False,83
2020-12-29 13:00:00,34,52,False,86
2020-12-29 14:00:00,40,57,False,97
2020-12-29 15:00:00,46,57,False,103
2020-12-29 16:00:00,45,68,False,113
2020-12-29 17:00:00,46,66,False,112
2020-12-29 18:00:00,41,66,False,107
2020-12-29 19:00:00,40,63,False,103
2020-12-29 20:00:00,45,62,False,107
2020-12-29 21:00:00,48,70,False,118
2020-12-29 22:00:00,49,70,False,119
2020-12-29 23:00:00,51,75,False,126
2020-12-30 00:00:00,51,78,False,129
2020-12-30 00:00:00,3,4,False,7
2020-12-30 01:00:00,3,4,False,7
2020-12-30 02:00:00,3,4,False,7
2020-12-30 03:00:00,3,4,False,7
2020-12-30 04:00:00,3,4,False,7
2020-12-30 05:00:00,3,4,False,7
2020-12-30 06:00:00,2,3,False,5
2020-12-30 07:00:00,2,3,False,5
2020-12-30 08:00:00,2,3,False,5
2020-12-30 09:00:00,2,2,False,4
2020-12-30 10:00:00,2,3,False,5
2020-12-30 11:00:00,2,3,False,5
2020-12-30 12:00:00,2,3,False,5
2020-12-30 13:00:00,2,3,False,5
2020-12-30 14:00:00,2,3,False,5
2020-12-30 15:00:00,2,3,False,5
2020-12-30 16:00:00,3,4,False,7
2020-12-30 17:00:00,3,3,False,6
2020-12-30 18:00:00,3,4,False,7
2020-12-30 19:00:00,3,4,False,7
2020-12-30 20:00:00,3,3,False,6
2020-12-30 21:00:00,3,4,False,7
2020-12-30 22:00:00,3,4,False,7
2020-12-30 23:00:00,3,4,False,7
2020-12-31 00:00:00,3,4,False,7
2020-12-31 01:00:00,3,4,False,7
2020-12-31 02:00:00,3,4,False,7
2020-12-31 03:00:00,3,4,False,7
2020-12-31 04:00:00,4,5,False,9
2020-12-31 05:00:00,3,4,False,7
2020-12-31 06:00:00,3,4,False,7
2020-12-31 07:00:00,2,3,False,5
2020-12-31 08:00:00,2,3,False,5
2020-12-31 09:00:00,2,3,False,5
2020-12-31 10:00:00,2,3,False,5
2020-12-31 11:00:00,2,3,False,5
2020-12-31 12:00:00,2,3,False,5
2020-12-31 13:00:00,2,3,False,5
2020-12-31 14:00:00,2,3,False,5
2020-12-31 15:00:00,2,3,False,5
2020-12-31 16:00:00,2,4,False,6
2020-12-31 17:00:00,2,4,False,6
2020-12-31 18:00:00,2,4,False,6
2020-12-31 19:00:00,2,4,False,6
2020-12-31 20:00:00,3,4,False,7
2020-12-31 21:00:00,3,4,False,7
2020-12-31 22:00:00,3,4,False,7
2020-12-31 23:00:00,2,4,False,6
